title,y_pred,y_true,y_pred_prob,y_true_prob,prob_diff,is_correct,rank,resolution,rscc
5pio OGA 404 A,NI_OGA,NI_OGA,0.995538202812,0.995538202812,0.0,True,1,1.70000004768,0.949
5pin OGA 404 A,NI_OGA,NI_OGA,0.97216284894,0.97216284894,0.0,True,1,1.5,0.916
5pim OGA 404 A,NI_OGA,NI_OGA,0.975909919095,0.975909919095,0.0,True,1,1.29999995232,0.938
5pil OGA 404 A,NI_OGA,NI_OGA,0.996981028802,0.996981028802,0.0,True,1,1.70000004768,0.948
5pik OGA 404 A,NI_OGA,NI_OGA,0.995303993852,0.995303993852,0.0,True,1,1.79999995232,0.966
5pij OGA 404 A,NI_OGA,NI_OGA,0.992034879279,0.992034879279,0.0,True,1,1.5,0.945
5pii OGA 404 A,NI_OGA,NI_OGA,0.99160852833,0.99160852833,0.0,True,1,1.39999997616,0.938
5pih OGA 404 A,NI_OGA,NI_OGA,0.993888422758,0.993888422758,0.0,True,1,1.79999995232,0.95
5pig OGA 404 A,NI_OGA,NI_OGA,0.771007947673,0.771007947673,0.0,True,1,1.39999997616,0.913
5pif OGA 404 A,NI_OGA,NI_OGA,0.969435625168,0.969435625168,0.0,True,1,1.39999997616,0.962
5pie OGA 404 A,NI_OGA,NI_OGA,0.987132968241,0.987132968241,0.0,True,1,1.39999997616,0.906
5pid OGA 404 A,NI_OGA,NI_OGA,0.994610338217,0.994610338217,0.0,True,1,1.5,0.951
5pic OGA 404 A,NI_OGA,NI_OGA,0.984211989836,0.984211989836,0.0,True,1,1.29999995232,0.962
5pib OGA 404 A,NI_OGA,NI_OGA,0.72859458477,0.72859458477,0.0,True,1,1.60000002384,0.891
5pia OGA 404 A,NI_OGA,NI_OGA,0.983006912731,0.983006912731,0.0,True,1,1.20000004768,0.94
5pi9 OGA 404 A,NI_OGA,NI_OGA,0.717395768028,0.717395768028,0.0,True,1,1.39999997616,0.944
5pi8 OGA 404 A,NI_OGA,NI_OGA,0.971304788053,0.971304788053,0.0,True,1,1.29999995232,0.938
5pi7 OGA 404 A,NI_OGA,NI_OGA,0.995120279991,0.995120279991,0.0,True,1,1.60000002384,0.931
5pi6 OGA 404 A,NI_OGA,NI_OGA,0.953106851605,0.953106851605,0.0,True,1,1.29999995232,0.922
5pi5 OGA 404 A,NI_OGA,NI_OGA,0.990553124706,0.990553124706,0.0,True,1,1.39999997616,0.948
5pi4 OGA 404 A,NI_OGA,NI_OGA,0.989137639354,0.989137639354,0.0,True,1,1.29999995232,0.934
5pi3 OGA 404 A,NI_OGA,NI_OGA,0.990908097105,0.990908097105,0.0,True,1,1.29999995232,0.933
5pi2 OGA 404 A,NI_OGA,NI_OGA,0.997220536,0.997220536,0.0,True,1,1.5,0.959
5pi1 OGA 404 A,NI_OGA,NI_OGA,0.987950956639,0.987950956639,0.0,True,1,1.29999995232,0.931
5pi0 OGA 404 A,NI_OGA,NI_OGA,0.995322811281,0.995322811281,0.0,True,1,1.5,0.911
5phz OGA 404 A,NI_OGA,NI_OGA,0.986728008283,0.986728008283,0.0,True,1,1.5,0.922
5aqd PEB 167 I,PEB,PEB,0.961818621194,0.961818621194,0.0,True,1,2.09999990463,0.891
5aqd PEB 167 H,PEB,PEB,0.494329698491,0.494329698491,0.0,True,1,2.09999990463,0.957
5aqd PEB 167 G,PEB,PEB,0.85899750761,0.85899750761,0.0,True,1,2.09999990463,0.947
5aqd PEB 167 F,PEB,PEB,0.558696334013,0.558696334013,0.0,True,1,2.09999990463,0.948
5aqd PEB 167 E,PEB,PEB,0.840687846767,0.840687846767,0.0,True,1,2.09999990463,0.953
5aqd PEB 167 C,NAP,PEB,0.193375681533,0.0744473164849,0.118928365048,False,4,2.09999990463,0.924
5aqd PEB 167 B,PEB,PEB,0.445749327939,0.445749327939,0.0,True,1,2.09999990463,0.936
5aqd PEB 167 A,CYC,PEB,0.132751299676,0.124661958645,0.00808934103144,False,3,2.09999990463,0.932
5aqd PEB 166 L,PEB,PEB,0.922081536316,0.922081536316,0.0,True,1,2.09999990463,0.952
5aqd PEB 166 K,PEB,PEB,0.788591903858,0.788591903858,0.0,True,1,2.09999990463,0.935
5aqd PEB 166 J,PEB,PEB,0.42841296533,0.42841296533,0.0,True,1,2.09999990463,0.952
5aqd PEB 166 H,SIA,PEB,0.371594338738,0.152148820793,0.219445517945,False,2,2.09999990463,0.932
4ret CLR 1104 A,CLR,CLR,0.266679149297,0.266679149297,0.0,True,1,3.90000009537,0.837
4ret CLR 1001 G,NAG_NAG,CLR,0.511327006517,0.00710813052553,0.504218875992,False,11,3.90000009537,0.929
4res CLR 2002 A,MES,CLR,0.147492544624,0.0238208993132,0.123671645311,False,7,3.40000009537,0.978
4res CLR 101 E,CLR,CLR,0.134571955141,0.134571955141,0.0,True,1,3.40000009537,0.982
4qwr 3BV 301 H,NAP,3BV,0.349187921071,0.108942646478,0.240245274593,False,3,2.90000009537,0.928
4qwr 3BV 201 b,3BV,3BV,0.980284057749,0.980284057749,0.0,True,1,2.90000009537,0.887
4qwr 3BV 201 N,3BV,3BV,0.962726036426,0.962726036426,0.0,True,1,2.90000009537,0.871
4qwl 3BV 301 V,3BV,3BV,0.837547412685,0.837547412685,0.0,True,1,2.59999990463,0.88
4qwl 3BV 301 K,3BV,3BV,0.793862943641,0.793862943641,0.0,True,1,2.59999990463,0.903
4qwl 3BV 301 H,3BV,3BV,0.764897273231,0.764897273231,0.0,True,1,2.59999990463,0.88
4qwk 3BV 301 Y,3BV,3BV,0.986322550133,0.986322550133,0.0,True,1,2.79999995232,0.901
4qwk 3BV 301 V,3BV,3BV,0.954971312593,0.954971312593,0.0,True,1,2.79999995232,0.895
4qwk 3BV 301 K,3BV,3BV,0.909162342266,0.909162342266,0.0,True,1,2.79999995232,0.894
4qwk 3BV 301 H,3BV,3BV,0.92841276457,0.92841276457,0.0,True,1,2.79999995232,0.885
4qwk 3BV 201 b,3BV,3BV,0.971440275745,0.971440275745,0.0,True,1,2.79999995232,0.891
4qvy BO2 201 b,BO2,BO2,0.976061618884,0.976061618884,0.0,True,1,2.5,0.887
4qvy BO2 201 N,BO2,BO2,0.851572329052,0.851572329052,0.0,True,1,2.5,0.872
4qvw BO2 301 Y,BO2,BO2,0.991299424344,0.991299424344,0.0,True,1,3.0,0.947
4qvw BO2 301 V,BO2,BO2,0.908547292193,0.908547292193,0.0,True,1,3.0,0.923
4qvw BO2 301 K,BO2,BO2,0.843026708883,0.843026708883,0.0,True,1,3.0,0.942
4qvw BO2 301 H,BO2,BO2,0.715559529629,0.715559529629,0.0,True,1,3.0,0.934
4qvw BO2 201 b,BO2,BO2,0.975900881718,0.975900881718,0.0,True,1,3.0,0.904
4qvw BO2 201 N,BO2,BO2,0.118864494691,0.118864494691,0.0,True,1,3.0,0.901
4qvv BO2 301 Y,BO2,BO2,0.940757236822,0.940757236822,0.0,True,1,2.79999995232,0.932
4qvv BO2 301 V,BO2,BO2,0.881737499628,0.881737499628,0.0,True,1,2.79999995232,0.937
4qvv BO2 301 K,BO2,BO2,0.984438471335,0.984438471335,0.0,True,1,2.79999995232,0.928
4pxz CLR 1202 A,MES,CLR,0.538535387304,0.0049692641598,0.533566123145,False,15,2.5,0.885
4or2 CLR 1906 B,CLA,CLR,0.222555573932,0.0532655505897,0.169290023343,False,4,2.79999995232,0.962
4or2 CLR 1905 B,NAG,CLR,0.245599354539,0.02452744949,0.221071905049,False,6,2.79999995232,0.907
4or2 CLR 1904 A,BMA,CLR,0.137786627854,0.0601346491375,0.0776519787164,False,6,2.79999995232,0.865
4ntj CLR 1203 A,NAG,CLR,0.245439346936,0.0731852244786,0.172254122457,False,4,2.59999990463,0.805
4ntj CLR 1202 A,CLR,CLR,0.633168236635,0.633168236635,0.0,True,1,2.59999990463,0.84
4nc3 CLR 1203 A,CLR,CLR,0.790947073568,0.790947073568,0.0,True,1,2.5,0.677
4m48 CLR 705 A,CLR,CLR,0.585125509946,0.585125509946,0.0,True,1,3.0,0.907
4kt0 CLA 1117 A,CLA,CLA,0.992941891859,0.992941891859,0.0,True,1,2.59999990463,0.947
4kt0 CLA 1115 A,CLA,CLA,0.995628247048,0.995628247048,0.0,True,1,2.59999990463,0.939
4kt0 CLA 1111 A,CLA,CLA,0.97431870201,0.97431870201,0.0,True,1,2.59999990463,0.875
4kt0 CLA 1109 A,NAG,CLA,0.847447671183,0.0838788501739,0.763568821009,False,2,2.59999990463,0.935
4kt0 CLA 1107 A,CLA,CLA,0.725996668014,0.725996668014,0.0,True,1,2.59999990463,0.959
4kt0 CLA 1106 A,CLA,CLA,0.525379370221,0.525379370221,0.0,True,1,2.59999990463,0.939
4kt0 CLA 1101 A,NAG,CLA,0.164836463423,0.0108851920028,0.15395127142,False,15,2.59999990463,0.927
4kt0 CLA 1023 B,CLA,CLA,0.820351829044,0.820351829044,0.0,True,1,2.59999990463,0.924
4kt0 CLA 1021 B,BCL,CLA,0.444705589219,0.175956751685,0.268748837534,False,2,2.59999990463,0.954
4kt0 CLA 1013 B,CLA,CLA,0.985118442834,0.985118442834,0.0,True,1,2.59999990463,0.944
4kt0 CLA 1012 A,SO4,CLA,0.381857205134,0.0135624666279,0.368294738506,False,10,2.59999990463,0.95
4kop MPO 301 B,CHD,MPO,0.13270494468,0.0018944141908,0.130810530489,False,75,1.70000004768,0.781
4kop MPO 301 A,SO4,MPO,0.582907108081,0.000477204062692,0.582429904018,False,27,1.70000004768,0.972
4ix2 IMP 502 C,AMP,IMP,0.16675690773,0.00251819013828,0.164238717592,False,46,2.09999990463,0.941
4ix2 IMP 501 B,NAP,IMP,0.190333675277,0.00233201594812,0.188001659329,False,33,2.09999990463,0.942
4ix2 IMP 501 A,AMP,IMP,0.19829640181,0.00295346116499,0.195342940645,False,43,2.09999990463,0.937
4iwj YCM 77 F,CSO,YCM,0.199213954735,0.194936330139,0.00427762459635,False,2,2.0,0.87
4iwj YCM 77 E,CAS,YCM,0.0872341271026,0.00588461462968,0.0813495124729,False,34,2.0,0.903
4iwj YCM 77 D,MLY,YCM,0.178083376764,0.0368770238885,0.141206352875,False,6,2.0,0.921
4iwj YCM 77 C,ACE,YCM,0.350579357613,0.0671465622899,0.283432795323,False,3,2.0,0.899
4iwj YCM 77 B,MLY,YCM,0.733868286976,0.0122416653323,0.721626621644,False,4,2.0,0.908
4iwj YCM 77 A,MLY,YCM,0.453527486104,0.00863487647299,0.444892609631,False,12,2.0,0.868
4itw YCM 77 H,GOL,YCM,0.0968315405635,0.0197656373605,0.0770659032029,False,7,2.0,0.756
4itw YCM 77 F,CME,YCM,0.381871076146,0.0506214306376,0.331249645508,False,4,2.0,0.789
4itw YCM 77 E,CME,YCM,0.290780125801,0.00623548161472,0.284544644186,False,25,2.0,0.93
4itw YCM 77 D,CME,YCM,0.44978604016,0.0553177838048,0.394468256356,False,4,2.0,0.955
4itw YCM 77 C,MLY,YCM,0.119616117849,0.034421712098,0.0851944057506,False,5,2.0,0.886
4itw YCM 77 B,MLY,YCM,0.54900289789,0.0121775285444,0.536825369345,False,7,2.0,0.915
4itw YCM 77 A,CME,YCM,0.63316051634,0.0191391297858,0.614021386554,False,5,2.0,0.941
4itt YCM 77 H,KCX,YCM,0.22888278273,0.0108192044856,0.218063578245,False,12,2.09999990463,0.869
4itt YCM 77 F,CME,YCM,0.459005329588,0.0148825554816,0.444122774106,False,8,2.09999990463,0.82
4itt YCM 77 D,CSO,YCM,0.45393187235,0.00131389820324,0.452617974147,False,11,2.09999990463,0.918
4itt YCM 77 C,MLY,YCM,0.185672909207,0.0105065662594,0.175166342947,False,16,2.09999990463,0.902
4itt YCM 77 B,MLY,YCM,0.453962999651,0.0147991992477,0.439163800404,False,3,2.09999990463,0.917
4itt YCM 77 A,LLP,YCM,0.14594272587,0.0114343952744,0.134508330596,False,16,2.09999990463,0.865
4isp YCM 77 H,GOL,YCM,0.937165062535,0.000174795560721,0.936990266974,False,57,2.20000004768,0.937
4il6 CLA 619 b,NAG,CLA,0.492617415246,0.0454985069268,0.447118908319,False,4,2.09999990463,0.879
4il6 CLA 618 b,BCL,CLA,0.477570885857,0.433884527426,0.0436863584314,False,2,2.09999990463,0.963
4il6 CLA 617 b,CLA,CLA,0.485968433921,0.485968433921,0.0,True,1,2.09999990463,0.958
4il6 CLA 616 b,CLA,CLA,0.793511110786,0.793511110786,0.0,True,1,2.09999990463,0.969
4il6 CLA 616 B,NAG_NAG,CLA,0.275645894062,0.238867657506,0.0367782365567,False,2,2.09999990463,0.889
4il6 CLA 615 b,FUC_NAG_NAG,CLA,0.331048422876,0.235209455422,0.0958389674536,False,2,2.09999990463,0.955
4il6 CLA 615 B,CLA,CLA,0.894749795439,0.894749795439,0.0,True,1,2.09999990463,0.954
4il6 CLA 614 b,CLA,CLA,0.359670522265,0.359670522265,0.0,True,1,2.09999990463,0.959
4il6 CLA 614 B,CLA,CLA,0.920429774681,0.920429774681,0.0,True,1,2.09999990463,0.95
4il6 CLA 613 b,NAG_NAG,CLA,0.166228989928,0.0556212205601,0.110607769368,False,4,2.09999990463,0.95
4il6 CLA 613 B,CLA,CLA,0.481984044858,0.481984044858,0.0,True,1,2.09999990463,0.971
4il6 CLA 612 b,BCL,CLA,0.45796822054,0.0254616424838,0.432506578056,False,6,2.09999990463,0.93
4il6 CLA 612 B,CLA,CLA,0.65398247742,0.65398247742,0.0,True,1,2.09999990463,0.968
4il6 CLA 611 b,FUC_NAG_NAG,CLA,0.435010652965,0.0655415884234,0.369469064542,False,4,2.09999990463,0.961
4il6 CLA 611 B,CLA,CLA,0.929426900994,0.929426900994,0.0,True,1,2.09999990463,0.97
4il6 CLA 610 b,CLA,CLA,0.235740727815,0.235740727815,0.0,True,1,2.09999990463,0.963
4il6 CLA 610 B,BMA_MAN_NAG_NAG,CLA,0.503077072707,0.0141188655319,0.488958207175,False,7,2.09999990463,0.964
4il6 CLA 609 b,BCL,CLA,0.684926964205,0.277062616675,0.40786434753,False,2,2.09999990463,0.914
4il6 CLA 609 B,BCL,CLA,0.167962525714,0.0763333784537,0.0916291472601,False,3,2.09999990463,0.946
4il6 CLA 608 b,CLA,CLA,0.748568289869,0.748568289869,0.0,True,1,2.09999990463,0.956
4il6 CLA 608 B,FUC_NAG_NAG,CLA,0.605924008401,0.0913879393306,0.51453606907,False,3,2.09999990463,0.966
4il6 CLA 607 b,CLA,CLA,0.683607277082,0.683607277082,0.0,True,1,2.09999990463,0.961
4il6 CLA 607 B,BCL,CLA,0.311863251332,0.231369250759,0.0804940005727,False,2,2.09999990463,0.962
4il6 CLA 606 b,BLA,CLA,0.260788448969,0.0577897114617,0.202998737507,False,4,2.09999990463,0.966
4il6 CLA 606 B,CLA,CLA,0.536606177587,0.536606177587,0.0,True,1,2.09999990463,0.915
4il6 CLA 605 b,CLA,CLA,0.815413163921,0.815413163921,0.0,True,1,2.09999990463,0.95
4il6 CLA 605 B,BCL,CLA,0.636501826234,0.218017800238,0.418484025996,False,2,2.09999990463,0.962
4il6 CLA 604 b,CLA,CLA,0.631794783664,0.631794783664,0.0,True,1,2.09999990463,0.835
4il6 CLA 604 B,CLA,CLA,0.814347261632,0.814347261632,0.0,True,1,2.09999990463,0.965
4il6 CLA 603 B,CLA,CLA,0.683603035139,0.683603035139,0.0,True,1,2.09999990463,0.966
4il6 CLA 602 B,BMA_MAN_NAG_NAG,CLA,0.252969716727,0.105667728369,0.147301988358,False,4,2.09999990463,0.958
4il6 CLA 601 B,CLA,CLA,0.728686000778,0.728686000778,0.0,True,1,2.09999990463,0.842
4il6 CLA 513 c,NAG,CLA,0.713337952583,0.00144905561608,0.711888896967,False,39,2.09999990463,0.857
4il6 CLA 513 C,CLA,CLA,0.325950430915,0.325950430915,0.0,True,1,2.09999990463,0.855
4il6 CLA 512 c,CLA,CLA,0.805553118265,0.805553118265,0.0,True,1,2.09999990463,0.907
4il6 CLA 512 C,CLA,CLA,0.632648680242,0.632648680242,0.0,True,1,2.09999990463,0.882
4il6 CLA 511 c,NAG_NAG,CLA,0.768825650113,0.0629706569492,0.705854993164,False,2,2.09999990463,0.951
4il6 CLA 511 C,NAG_NAG,CLA,0.532426566336,0.229072404647,0.303354161689,False,2,2.09999990463,0.95
4il6 CLA 510 c,CLA,CLA,0.880803474818,0.880803474818,0.0,True,1,2.09999990463,0.964
4il6 CLA 510 C,CLA,CLA,0.918107159262,0.918107159262,0.0,True,1,2.09999990463,0.966
4il6 CLA 509 c,CLA,CLA,0.518954383512,0.518954383512,0.0,True,1,2.09999990463,0.96
4il6 CLA 509 C,CLA,CLA,0.382908694412,0.382908694412,0.0,True,1,2.09999990463,0.963
4il6 CLA 508 c,NAG,CLA,0.563231009246,0.176401741925,0.386829267321,False,2,2.09999990463,0.932
4il6 CLA 508 C,FUC_NAG_NAG,CLA,0.465037556011,0.0621832754745,0.402854280537,False,3,2.09999990463,0.94
4il6 CLA 507 c,BCR,CLA,0.0768243718552,0.00168981790229,0.075134553953,False,131,2.09999990463,0.94
4il6 CLA 507 C,CLA,CLA,0.102441096746,0.102441096746,0.0,True,1,2.09999990463,0.943
4il6 CLA 506 c,BCL,CLA,0.456801736991,0.398268419052,0.0585333179382,False,2,2.09999990463,0.88
4il6 CLA 506 C,NAG,CLA,0.712653659379,0.0184702042339,0.694183455145,False,3,2.09999990463,0.916
4il6 CLA 505 c,CLA,CLA,0.458366401334,0.458366401334,0.0,True,1,2.09999990463,0.95
4il6 CLA 505 C,CLA,CLA,0.479851387606,0.479851387606,0.0,True,1,2.09999990463,0.945
4il6 CLA 504 c,CLA,CLA,0.415025992351,0.415025992351,0.0,True,1,2.09999990463,0.94
4il6 CLA 504 C,BCL,CLA,0.374801785207,0.324164098486,0.0506376867204,False,2,2.09999990463,0.941
4il6 CLA 503 c,BCL,CLA,0.260085169361,0.244216865388,0.0158683039731,False,2,2.09999990463,0.947
4il6 CLA 503 C,CLA,CLA,0.712594427785,0.712594427785,0.0,True,1,2.09999990463,0.963
4il6 CLA 502 c,CLA,CLA,0.762265732836,0.762265732836,0.0,True,1,2.09999990463,0.964
4il6 CLA 502 C,NAG_NAG,CLA,0.346891496857,0.137979998346,0.208911498511,False,3,2.09999990463,0.962
4il6 CLA 501 c,NAG,CLA,0.965725043621,0.00032996842509,0.965395075196,False,20,2.09999990463,0.947
4il6 CLA 501 C,BCL,CLA,0.385960973242,0.367510756029,0.0184502172135,False,2,2.09999990463,0.962
4il6 CLA 412 a,CLA,CLA,0.581428536629,0.581428536629,0.0,True,1,2.09999990463,0.931
4il6 CLA 409 a,BCL,CLA,0.661724932304,0.247934185426,0.413790746878,False,2,2.09999990463,0.94
4il6 CLA 408 a,BCL,CLA,0.412654672032,0.333979214714,0.0786754573181,False,2,2.09999990463,0.974
4il6 CLA 407 a,CLA,CLA,0.442022500336,0.442022500336,0.0,True,1,2.09999990463,0.969
4il6 CLA 405 D,CLA,CLA,0.628931002515,0.628931002515,0.0,True,1,2.09999990463,0.921
4il6 CLA 403 d,BCL,CLA,0.604402454786,0.194401955093,0.410000499693,False,2,2.09999990463,0.888
4il6 CLA 403 D,BCL,CLA,0.637733428454,0.311466150832,0.326267277622,False,2,2.09999990463,0.972
4il6 CLA 402 d,CLA,CLA,0.602976879584,0.602976879584,0.0,True,1,2.09999990463,0.969
4il6 CLA 402 D,CLA,CLA,0.457675939227,0.457675939227,0.0,True,1,2.09999990463,0.969
4il6 CLA 1008 A,CLA,CLA,0.823244524963,0.823244524963,0.0,True,1,2.09999990463,0.928
4il6 CLA 1006 A,CLA,CLA,0.692788954413,0.692788954413,0.0,True,1,2.09999990463,0.955
4il6 CLA 1005 A,BCL,CLA,0.592655687978,0.0424331841584,0.55022250382,False,5,2.09999990463,0.966
4il6 BCR 514 C,BCR,BCR,0.775114040754,0.775114040754,0.0,True,1,2.09999990463,0.939
4il6 BCR 413 a,PG4,BCR,0.14565381835,0.0371146736881,0.108539144662,False,4,2.09999990463,0.932
4il6 BCR 406 D,BCR,BCR,0.638334527719,0.638334527719,0.0,True,1,2.09999990463,0.899
4il6 BCR 404 d,PLM,BCR,0.243098675495,0.0585218559752,0.18457681952,False,5,2.09999990463,0.892
4il6 BCR 102 k,NAG,BCR,0.171575775083,0.0797875013523,0.091788273731,False,3,2.09999990463,0.867
4il6 BCR 101 y,NAG,BCR,0.25610363821,0.0794632247895,0.17664041342,False,2,2.09999990463,0.924
4il6 BCR 101 t,BOG,BCR,0.367681866972,0.0250594947705,0.342622372202,False,6,2.09999990463,0.929
4il6 BCR 101 k,BCR,BCR,0.256593521401,0.256593521401,0.0,True,1,2.09999990463,0.926
4il6 BCR 101 h,1PE,BCR,0.120585617352,0.00159978632807,0.118985831023,False,50,2.09999990463,0.901
4il6 BCR 101 T,BCR,BCR,0.757249899221,0.757249899221,0.0,True,1,2.09999990463,0.947
4il6 BCR 101 K,BCR,BCR,0.25417964282,0.25417964282,0.0,True,1,2.09999990463,0.907
4il6 BCR 101 J,BCR,BCR,0.450182390745,0.450182390745,0.0,True,1,2.09999990463,0.92
4il6 BCR 101 H,BCR,BCR,0.68787961166,0.68787961166,0.0,True,1,2.09999990463,0.931
4ikx OLA 605 A,PG4,OLA,0.184555736129,0.0109656203222,0.173590115806,False,11,2.29999995232,0.887
4ikw OLA 611 A,OLA,OLA,0.109089808414,0.109089808414,0.0,True,1,2.0,0.786
4ikv OLA 608 A,OLC,OLA,0.292427303616,0.0119344321394,0.280492871477,False,18,1.89999997616,0.834
4ikv OLA 606 A,OLC,OLA,0.206093514286,0.0249588953603,0.181134618926,False,10,1.89999997616,0.752
4ib4 CLR 2003 A,CLR,CLR,0.801013313358,0.801013313358,0.0,True,1,2.70000004768,0.903
4i7z CLA 201 B,CLA,CLA,0.345226842275,0.345226842275,0.0,True,1,2.79999995232,0.933
4i3g MPO 906 B,EDO,MPO,0.475732755561,0.00170254477665,0.474030210784,False,25,1.39999997616,0.903
4hjm MPO 201 A,MPO,MPO,0.677978609937,0.677978609937,0.0,True,1,1.5,0.975
4gby BNG 503 A,SO4,BNG,0.183272819366,0.00344969462384,0.179823124743,False,34,2.79999995232,0.775
4gby BNG 502 A,NAG,BNG,0.850569319328,0.00177361313384,0.848795706194,False,18,2.79999995232,0.938
4g7s OLC 203 B,GOL,OLC,0.601158627046,0.000796405610542,0.600362221436,False,21,2.0,0.671
4g7r OLC 610 A,SO4,OLC,0.338003327109,0.00275935904436,0.335243968065,False,18,3.09999990463,0.645
4g7r OLC 101 C,GOL,OLC,0.138521180064,0.0210824959058,0.117438684158,False,6,3.09999990463,0.683
4g7q OLC 612 A,PEG,OLC,0.141854465679,0.0439232702612,0.0979311954173,False,9,2.59999990463,0.86
4g7q OLC 608 A,PEG,OLC,0.127535288088,0.0909327310756,0.0366025570123,False,3,2.59999990463,0.665
4g7q OLC 607 A,GOL,OLC,0.264470556507,0.00770085949623,0.256769697011,False,13,2.59999990463,0.817
4g7q OLC 203 B,GOL,OLC,0.284079409284,0.0116594460618,0.272419963222,False,11,2.59999990463,0.701
4g72 OLC 614 A,GOL,OLC,0.241461895152,0.0162616669507,0.225200228201,False,12,3.20000004768,0.868
4g71 OLC 608 A,DMS,OLC,0.462874793256,0.0137287148108,0.449146078445,False,7,2.90000009537,0.916
4g71 OLC 606 A,SO4,OLC,0.313894793808,0.058966521849,0.254928271959,False,3,2.90000009537,0.888
4g71 OLC 203 B,GOL,OLC,0.35498403453,0.00335416630525,0.351629868225,False,18,2.90000009537,0.861
4g70 OLC 606 A,GOL,OLC,0.511641602063,0.00273907937962,0.508902522683,False,20,2.59999990463,0.842
4fxs IMP 701 A,GDP,IMP,0.216695926627,0.136245954571,0.0804499720558,False,3,2.20000004768,0.975
4fo4 IMP 501 B,IMP,IMP,0.954208971835,0.954208971835,0.0,True,1,2.0,0.981
4fo4 IMP 501 A,IMP,IMP,0.910140279828,0.910140279828,0.0,True,1,2.0,0.984
4faa OLC 610 A,EDO,OLC,0.37145955456,0.0100181938573,0.361441360703,False,14,2.79999995232,0.638
4faa OLC 609 A,SO4,OLC,0.414344077461,0.00662106123614,0.407723016225,False,14,2.79999995232,0.835
4faa OLC 605 A,SO4,OLC,0.360307430007,0.00552958884818,0.354777841159,False,7,2.79999995232,0.818
4faa OLC 202 B,C8E,OLC,0.261556046295,0.207229867185,0.0543261791098,False,2,2.79999995232,0.814
4fa7 OLC 614 A,OLC,OLC,0.572373290416,0.572373290416,0.0,True,1,2.5,0.891
4fa7 OLC 610 A,GOL,OLC,0.249880445531,0.00967165912647,0.240208786405,False,10,2.5,0.67
4fa7 OLC 609 A,GOL,OLC,0.165034318941,0.0654463288936,0.099587990047,False,5,2.5,0.823
4f8m THP 202 A,THP,THP,0.987868249586,0.987868249586,0.0,True,1,1.60000002384,0.982
4f7x THP 202 A,THP,THP,0.992046245255,0.992046245255,0.0,True,1,1.70000004768,0.984
4f35 BNG 503 C,SO4,BNG,0.543590171663,0.0039792500456,0.539610921618,False,19,3.20000004768,0.867
4f35 BNG 503 B,GOL,BNG,0.3330231772,0.00103453549437,0.331988641706,False,58,3.20000004768,0.772
4f35 BNG 502 D,LDA,BNG,0.290284673012,0.00721981448948,0.283064858522,False,18,3.20000004768,0.878
4ev8 URE 703 A,GOL,URE,0.272880204009,0.0246684419991,0.24821176201,False,7,1.89999997616,0.944
4ev8 URE 702 A,ACT,URE,0.342191084154,0.198307183288,0.143883900866,False,3,1.89999997616,0.957
4ev8 URE 701 A,EDO,URE,0.237372876804,0.00305596642445,0.234316910379,False,15,1.89999997616,0.974
4eqp THP 202 A,THP,THP,0.981936940018,0.981936940018,0.0,True,1,1.39999997616,0.982
4eqo THP 202 A,THP,THP,0.984637798696,0.984637798696,0.0,True,1,1.70000004768,0.984
4eqn THP 202 A,THP,THP,0.991928866906,0.991928866906,0.0,True,1,1.79999995232,0.98
4eiy OLC 2427 A,C8E,OLC,0.199680530765,0.120954461858,0.0787260689077,False,3,1.79999995232,0.878
4eiy OLC 2425 A,C8E,OLC,0.244277174907,0.102807277808,0.141469897099,False,4,1.79999995232,0.818
4eiy OLC 2424 A,C8E,OLC,0.22506333812,0.0160519966598,0.20901134146,False,10,1.79999995232,0.772
4eiy OLC 2423 A,GOL,OLC,0.732261996332,0.00027926072411,0.731982735608,False,197,1.79999995232,0.639
4eiy OLA 2421 A,EDO,OLA,0.569451377547,0.00047072646456,0.568980651083,False,179,1.79999995232,0.846
4eiy OLA 2420 A,PEG,OLA,0.116950499561,0.0136946823544,0.103255817207,False,13,1.79999995232,0.724
4eiy OLA 2415 A,GOL,OLA,0.296214024858,0.00506338670659,0.291150638152,False,14,1.79999995232,0.68
4eiy OLA 2409 A,C8E,OLA,0.374480804631,0.0649031807096,0.309577623921,False,3,1.79999995232,0.839
4eiy OLA 2406 A,OLA,OLA,0.168271864969,0.168271864969,0.0,True,1,1.79999995232,0.813
4ei5 NAG 402 A,BMA_NAG_NAG,BMA_NAG_NAG,0.147593701441,0.147593701441,0.0,True,1,3.09999990463,0.956
4ega CAS 318 B,CAS,CAS,0.195009020724,0.195009020724,0.0,True,1,2.70000004768,0.966
4ega CAS 318 A,CAS,CAS,0.355131287297,0.355131287297,0.0,True,1,2.70000004768,0.951
4eg8 CAS 470 B,CAS,CAS,0.967551675067,0.967551675067,0.0,True,1,2.59999990463,0.977
4eg8 CAS 470 A,CAS,CAS,0.9679411519,0.9679411519,0.0,True,1,2.59999990463,0.974
4eg7 CAS 470 B,CAS,CAS,0.858315249512,0.858315249512,0.0,True,1,2.70000004768,0.99
4eg7 CAS 470 A,CAS,CAS,0.416648453609,0.416648453609,0.0,True,1,2.70000004768,0.988
4eg7 CAS 318 B,CAS,CAS,0.408042983456,0.408042983456,0.0,True,1,2.70000004768,0.966
4eg7 CAS 318 A,CAS,CAS,0.175606105052,0.175606105052,0.0,True,1,2.70000004768,0.969
4eg6 CAS 470 B,CAS,CAS,0.924937149513,0.924937149513,0.0,True,1,2.90000009537,0.975
4eg6 CAS 470 A,CAS,CAS,0.979789126011,0.979789126011,0.0,True,1,2.90000009537,0.989
4eg4 CAS 470 B,SEP,CAS,0.581004531341,0.0775163828535,0.503488148487,False,2,3.20000004768,0.989
4eg4 CAS 470 A,CAS,CAS,0.793400858121,0.793400858121,0.0,True,1,3.20000004768,0.987
4eg4 CAS 318 B,CAS,CAS,0.528976510905,0.528976510905,0.0,True,1,3.20000004768,0.97
4eg4 CAS 318 A,CSD,CAS,0.418951194702,0.0419455042402,0.377005690462,False,6,3.20000004768,0.973
4eg3 CAS 470 B,CSD,CAS,0.519804696557,0.00406522589834,0.515739470659,False,23,2.90000009537,0.963
4eg3 CAS 470 A,CSD,CAS,0.511267413199,0.0529129545125,0.458354458687,False,2,2.90000009537,0.956
4eg1 CAS 470 B,CSD,CAS,0.287207306568,0.0138038337072,0.27340347286,False,17,2.90000009537,0.974
4eg1 CAS 470 A,CAS,CAS,0.278513068483,0.278513068483,0.0,True,1,2.90000009537,0.955
4eef NAG 401 A,BMA_NAG_NAG,BMA_NAG_NAG,0.692218207616,0.692218207616,0.0,True,1,2.70000004768,0.934
4ec3 NAG 603 A,NAG_NAG,BMA_NAG_NAG,0.393213770238,0.345502934173,0.0477108360651,False,2,2.70000004768,0.902
4ea3 OLC 1502 B,OLC,OLC,0.0890460149374,0.0890460149374,0.0,True,1,3.0,0.891
4ea3 OLA 1503 A,GOL,OLA,0.218174567386,0.0201428267902,0.198031740596,False,10,3.0,0.788
4e7h HEZ 409 A,GOL,HEZ,0.45571634773,0.00159935864541,0.454116989084,False,18,2.59999990463,0.932
4e1t OLC 409 A,GOL,OLC,0.423044074661,0.0325329160549,0.390511158606,False,4,2.29999995232,0.914
4dxw BNG 302 C,NAG_NAG,BNG,0.675261766005,0.00377634156688,0.671485424438,False,10,3.09999990463,0.905
4dxw BNG 302 A,LMT,BNG,0.168591145736,0.0680169704986,0.100574175237,False,4,3.09999990463,0.909
4dxw BNG 301 C,CLR,BNG,0.187736534641,0.00299685876021,0.18473967588,False,45,3.09999990463,0.904
4dxw BNG 301 A,NAG_NAG,BNG,0.595838645399,0.0043841673074,0.591454478091,False,12,3.09999990463,0.887
4dxn CR8 63 A,CR8,CR8,0.890755187163,0.890755187163,0.0,True,1,1.89999997616,0.968
4dxm CR8 63 D,CR8,CR8,0.653602239453,0.653602239453,0.0,True,1,1.39999997616,0.978
4dxm CR8 63 C,CR8,CR8,0.404726710247,0.404726710247,0.0,True,1,1.39999997616,0.972
4dxm CR8 63 B,NRQ,CR8,0.56709045693,0.306174941915,0.260915515016,False,2,1.39999997616,0.969
4dxm CR8 63 A,CR8,CR8,0.439302981201,0.439302981201,0.0,True,1,1.39999997616,0.975
4dw3 NAG 1102 B,BMA_NAG_NAG,BMA_NAG_NAG,0.953510049472,0.953510049472,0.0,True,1,2.40000009537,0.967
4dw3 NAG 1102 A,BMA_NAG_NAG,BMA_NAG_NAG,0.738658891092,0.738658891092,0.0,True,1,2.40000009537,0.966
4dvn NAG 1101 A,BMA_NAG_NAG,BMA_NAG_NAG,0.564211347758,0.564211347758,0.0,True,1,2.40000009537,0.96
4dve BNG 203 B,LDA,BNG,0.446456547452,0.00861189809899,0.437844649353,False,14,2.09999990463,0.726
4dve BNG 202 A,BOG,BNG,0.566292296762,0.00598651514564,0.560305781616,False,9,2.09999990463,0.867
4du9 THP 202 A,THP,THP,0.984095776422,0.984095776422,0.0,True,1,1.60000002384,0.976
4dsh FDA 502 A,FAD,FDA,0.994146618007,0.000989282127672,0.99315733588,False,2,2.29999995232,0.982
4dsh FDA 501 B,FAD,FDA,0.987102354067,0.0027531790717,0.984349174996,False,2,2.29999995232,0.981
4do6 NAG 504 A,BMA_NAG_NAG,BMA_NAG_NAG,0.94645560992,0.94645560992,0.0,True,1,1.60000002384,0.949
4do5 NAG 503 A,BMA_NAG_NAG,BMA_NAG_NAG,0.980851504084,0.980851504084,0.0,True,1,1.5,0.957
4do4 NAG 504 A,BMA_NAG_NAG,BMA_NAG_NAG,0.919514654979,0.919514654979,0.0,True,1,1.39999997616,0.95
4dn0 C2E 502 A,SO4,C2E,0.743423268302,0.000190656067781,0.743232612234,False,127,2.29999995232,0.916
4dkd NAG 301 A,BMA_MAN_NAG_NAG,BMA_NAG_NAG,0.906377824389,0.0762028150735,0.830175009316,False,2,3.0,0.972
4dkc NAG 301 B,BMA_NAG_NAG,BMA_NAG_NAG,0.910509918826,0.910509918826,0.0,True,1,1.89999997616,0.966
4dkc NAG 301 A,BMA_NAG_NAG,BMA_NAG_NAG,0.807606651193,0.807606651193,0.0,True,1,1.89999997616,0.961
4dgz THP 202 A,THP,THP,0.983717093525,0.983717093525,0.0,True,1,1.5,0.981
4dfa THP 202 A,THP,THP,0.985805430003,0.985805430003,0.0,True,1,1.39999997616,0.98
4df7 THP 202 A,THP,THP,0.975238661783,0.975238661783,0.0,True,1,1.5,0.978
4d3a CAS 384 B,CAS,CAS,0.947474689582,0.947474689582,0.0,True,1,2.29999995232,0.983
4d3a CAS 384 A,CAS,CAS,0.777503291185,0.777503291185,0.0,True,1,2.29999995232,0.975
4d39 CAS 384 B,CAS,CAS,0.786702645513,0.786702645513,0.0,True,1,1.89999997616,0.959
4d39 CAS 384 A,CAS,CAS,0.371701227558,0.371701227558,0.0,True,1,1.89999997616,0.956
4d38 CAS 384 B,CAS,CAS,0.870229389688,0.870229389688,0.0,True,1,2.29999995232,0.97
4d38 CAS 384 A,CAS,CAS,0.827429695785,0.827429695785,0.0,True,1,2.29999995232,0.978
4d37 CAS 384 B,SEP,CAS,0.548891609609,0.235471472757,0.313420136852,False,2,2.09999990463,0.975
4d37 CAS 384 A,CAS,CAS,0.70702268037,0.70702268037,0.0,True,1,2.09999990463,0.974
4d36 CAS 384 B,CAS,CAS,0.92473422484,0.92473422484,0.0,True,1,2.09999990463,0.957
4d36 CAS 384 A,CSO,CAS,0.262556954138,0.0828397350967,0.179717219041,False,3,2.09999990463,0.946
4d35 CAS 384 B,CAS,CAS,0.961904793618,0.961904793618,0.0,True,1,2.20000004768,0.939
4d35 CAS 384 A,CAS,CAS,0.537413406343,0.537413406343,0.0,True,1,2.20000004768,0.955
4d34 CAS 384 B,CAS,CAS,0.947626735286,0.947626735286,0.0,True,1,2.20000004768,0.957
4d34 CAS 384 A,CME,CAS,0.338678674272,0.137745253978,0.200933420294,False,3,2.20000004768,0.937
4d1e MLZ 96 A,MLY,MLZ,0.236858989026,0.0028985050522,0.233960483974,False,30,3.5,0.973
4d1e MLZ 71 A,SEP,MLZ,0.40295141852,0.00117467997462,0.401776738546,False,91,3.5,0.979
4d1e MLZ 689 A,NAG,MLZ,0.30805449687,0.00142619945712,0.306628297413,False,39,3.5,0.944
4d1e MLZ 562 A,SO4,MLZ,0.244220809283,0.00230867570682,0.241912133576,False,56,3.5,0.968
4d1e MLZ 443 A,SO4,MLZ,0.195964851609,0.00294663293435,0.193018218674,False,37,3.5,0.953
4d1e MLZ 42 A,SO4,MLZ,0.282570100184,0.000742268052521,0.281827832131,False,103,3.5,0.96
4d1e MLZ 319 A,SO4,MLZ,0.229312834193,0.0016425793143,0.227670254879,False,62,3.5,0.931
4d1e MLZ 239 A,SO4,MLZ,0.175167205283,0.00158643085273,0.17358077443,False,87,3.5,0.951
4d1e MLZ 181 A,SO4,MLZ,0.374598982387,0.00151925155229,0.373079730835,False,75,3.5,0.943
4d1e MLZ 164 A,SO4,MLZ,0.412468690053,0.000661641762185,0.411807048291,False,166,3.5,0.966
4d1e MLZ 102 A,SEP,MLZ,0.179049993614,0.00305739580569,0.175992597809,False,50,3.5,0.97
4d00 SIA 1321 E,NAD,GAL_SIA,0.100991263537,0.058354892617,0.04263637092,False,4,2.5,0.968
4d00 SIA 1321 C,NAG,GAL_SIA,0.0949183648655,0.0488763669278,0.0460419979377,False,3,2.5,0.972
4czt CPS 1314 B,DMU,CPS,0.259552835255,0.0645927052267,0.194960130028,False,3,2.29999995232,0.89
4cz0 SIA 701 E,GAL_SIA,GAL_SIA,0.638785472448,0.638785472448,0.0,True,1,3.20000004768,0.896
4cyw NAG 202 B,NAG_NAG,BMA_NAG_NAG,0.108753378558,0.0903502756731,0.0184031028845,False,2,2.59999990463,0.913
4cyv NAG 201 D,BMA_NAG_NAG,BMA_NAG_NAG,0.529960586512,0.529960586512,0.0,True,1,2.29999995232,0.952
4cy8 FDA 1586 D,FAD,FDA,0.522419177648,0.00748424610344,0.514934931545,False,8,2.0,0.974
4cy8 FDA 1586 C,FAD,FDA,0.751602893878,0.00554193728122,0.746060956597,False,10,2.0,0.974
4cy8 FDA 1586 B,FAD,FDA,0.296372203808,0.0179030429841,0.278469160824,False,11,2.0,0.973
4cy8 FDA 1586 A,FAD,FDA,0.992763456755,0.000295922318755,0.992467534437,False,2,2.0,0.981
4cx2 CAS 384 B,CAS,CAS,0.908069857656,0.908069857656,0.0,True,1,2.0,0.943
4cx1 CAS 384 B,CAS,CAS,0.362652039979,0.362652039979,0.0,True,1,2.09999990463,0.942
4cx0 CAS 384 B,CAS,CAS,0.97656515649,0.97656515649,0.0,True,1,2.20000004768,0.986
4cx0 CAS 384 A,CAS,CAS,0.952972711136,0.952972711136,0.0,True,1,2.20000004768,0.979
4cwz CAS 384 B,CAS,CAS,0.986304210367,0.986304210367,0.0,True,1,2.09999990463,0.984
4cwz CAS 384 A,CAS,CAS,0.989230966986,0.989230966986,0.0,True,1,2.09999990463,0.977
4cwy CAS 384 B,CAS,CAS,0.88468362885,0.88468362885,0.0,True,1,2.09999990463,0.957
4cwx CAS 384 A,CAS,CAS,0.983625760313,0.983625760313,0.0,True,1,2.09999990463,0.973
4cww CAS 384 B,CAS,CAS,0.946713588609,0.946713588609,0.0,True,1,2.20000004768,0.982
4cww CAS 384 A,CAS,CAS,0.984520300353,0.984520300353,0.0,True,1,2.20000004768,0.978
4cwv CAS 384 B,CAS,CAS,0.47070325542,0.47070325542,0.0,True,1,2.29999995232,0.95
4cwv CAS 384 A,CAS,CAS,0.941369503809,0.941369503809,0.0,True,1,2.29999995232,0.981
4cu0 CAS 384 B,CAS,CAS,0.96305144006,0.96305144006,0.0,True,1,2.09999990463,0.963
4cu0 CAS 384 A,CAS,CAS,0.960757061066,0.960757061066,0.0,True,1,2.09999990463,0.978
4ctz CAS 384 B,CAS,CAS,0.978188295249,0.978188295249,0.0,True,1,2.0,0.959
4cqz MPO 1163 B,NAG,MPO,0.435559195422,0.00148734577547,0.434071849646,False,49,2.70000004768,0.75
4cqy SIA 1326 A,GAL_SIA,GAL_SIA,0.621640764049,0.621640764049,0.0,True,1,2.09999990463,0.913
4cqx SIA 1325 E,NAG_NAG,GAL_SIA,0.273836765922,0.0812428643748,0.192593901547,False,2,2.29999995232,0.965
4cqx SIA 1324 A,GAL_SIA,GAL_SIA,0.277557388914,0.277557388914,0.0,True,1,2.29999995232,0.962
4cqx SIA 1323 C,CRO,GAL_SIA,0.0859265515528,0.05898698399,0.0269395675628,False,5,2.29999995232,0.976
4cqw SIA 1321 A,GAL_SIA,GAL_SIA,0.508190093654,0.508190093654,0.0,True,1,2.29999995232,0.951
4cqu MPO 1163 B,SO4,MPO,0.362185985882,0.00492883300113,0.357257152881,False,22,2.5,0.769
4cqs MPO 1331 A,MES,MPO,0.446946379809,0.00340235383744,0.443544025972,False,28,2.59999990463,0.899
4cqs MPO 1166 B,PEG,MPO,0.166008133257,0.00799272284985,0.158015410407,False,14,2.59999990463,0.882
4cqr SIA 1331 A,NAG,GAL_SIA,0.304084582848,0.240307074675,0.0637775081727,False,2,2.5,0.948
4cqr MPO 1166 B,PEG,MPO,0.312927146885,0.00294617395485,0.30998097293,False,29,2.5,0.79
4cqq SIA 1322 A,ANP_MG,GAL_SIA,0.292583256177,0.0615621071115,0.231021149065,False,3,2.59999990463,0.951
4cqq MPO 1163 B,PEG,MPO,0.139628300029,0.00412605041957,0.135502249609,False,29,2.59999990463,0.882
4cqp MPO 1322 A,LDA,MPO,0.244042933302,0.00158111408967,0.242461819213,False,50,2.70000004768,0.837
4cpn NAG 601 A,NAG_NAG,BMA_NAG_NAG,0.87333882419,0.0527446293573,0.820594194832,False,3,2.40000009537,0.909
4ca6 NAG 1616 A,FUC_NAG_NAG,BMA_NAG_NAG,0.379295305914,0.119889268366,0.259406037548,False,3,1.89999997616,0.897
4c7l NAG 1411 A,NAG_NAG,BMA_NAG_NAG,0.245761343393,0.242159199317,0.00360214407543,False,2,2.09999990463,0.973
4c7l NAG 1406 A,NAG_NAG,BMA_NAG_NAG,0.870174789011,0.00226173931658,0.867913049694,False,5,2.09999990463,0.903
4c2r NAG 703 A,NAG_NAG,BMA_NAG_NAG,0.611875880526,0.0135633545778,0.598312525948,False,4,2.29999995232,0.892
4c03 SFG 1378 B,SFG,SFG,0.536266803879,0.536266803879,0.0,True,1,1.60000002384,0.955
4c03 SFG 1378 A,SFG,SFG,0.670096030231,0.670096030231,0.0,True,1,1.60000002384,0.983
4btw NAG 1765 A,NAG_NAG,BMA_NAG_NAG,0.402812864565,0.0812293029108,0.321583561654,False,3,2.79999995232,0.973
4bsi SIA 1329 A,NAG,GAL_SIA,0.594207940465,0.00492220044128,0.589285740024,False,8,2.59999990463,0.931
4bsf SIA 1320 A,GAL_SIA,GAL_SIA,0.431011648624,0.431011648624,0.0,True,1,2.79999995232,0.927
4bsd SIA 1321 A,NAG_NAG,GAL_SIA,0.80030033955,0.0185215711684,0.781778768382,False,3,2.40000009537,0.879
4bsc SIA 1321 A,NAG_NAG,GAL_SIA,0.208747972607,0.0640069370475,0.14474103556,False,3,2.59999990463,0.933
4bsb SIA 1321 A,GAL_SIA,GAL_SIA,0.179275577309,0.179275577309,0.0,True,1,2.40000009537,0.917
4b56 NAG 2011 B,BMA_NAG_NAG,BMA_NAG_NAG,0.804819146812,0.804819146812,0.0,True,1,3.0,0.92
4ayx ACP 900 A,EPE,ACP,0.0493983886629,0.00736293422681,0.0420354544361,False,30,2.90000009537,0.899
4aqt NAG 3002 A,NAG_NAG,BMA_NAG_NAG,0.587179642694,0.335244923876,0.251934718818,False,2,3.20000004768,0.878
4afq CPS 1063 C,CHD,CPS,0.183304927636,0.036254174927,0.147050752709,False,7,1.5,0.813
4af0 IMP 1527 B,FMN,IMP,0.290278885143,0.194561239564,0.0957176455788,False,2,2.20000004768,0.987
4af0 IMP 1527 A,FMN,IMP,0.366038401116,0.234969582889,0.131068818227,False,2,2.20000004768,0.985
4a71 IPH 1297 A,EDO,IPH,0.525878104525,0.000284043913514,0.525594060611,False,192,1.60000002384,0.845
4a71 IPH 1296 A,GOL,IPH,0.244610240534,0.0353964837881,0.209213756745,False,7,1.60000002384,0.778
3zzh MLI 1360 A,EDO,MLI,0.625018559977,0.00427733151695,0.62074122846,False,11,2.09999990463,0.668
3zyr URE 404 B,SO4,URE,0.388824197636,0.00105394186992,0.387770255766,False,19,1.70000004768,0.899
3zyr URE 403 A,ACE,URE,0.328535257285,0.00124991406395,0.327285343221,False,17,1.70000004768,0.653
3zyj BMA 1373 D,BMA_MAN_NAG_NAG,BMA_MAN_NAG_NAG,0.130962414751,0.130962414751,0.0,True,1,3.29999995232,0.832
3zxt ACP 1277 D,NAG_NAG,ACP,0.88769164897,0.00078545764292,0.886906191327,False,19,2.70000004768,0.876
3ztn NAG 621 A,BMA_NAG_NAG,BMA_NAG_NAG,0.677313004196,0.677313004196,0.0,True,1,3.0,0.948
3ztj NAG 450 E,BMA_NAG_NAG,BMA_NAG_NAG,0.758707956185,0.758707956185,0.0,True,1,3.40000009537,0.958
3ztj NAG 450 C,NAG,BMA_NAG_NAG,0.274560480086,0.0719218795023,0.202638600584,False,3,3.40000009537,0.95
3ztj NAG 450 A,BMA_MAN_NAG_NAG,BMA_NAG_NAG,0.695058370486,0.17502141977,0.520036950716,False,2,3.40000009537,0.96
3zs1 NAG 2641 D,BMA_NAG_NAG,BMA_NAG_NAG,0.908235295577,0.908235295577,0.0,True,1,2.59999990463,0.963
3zs1 NAG 1641 C,BMA_NAG_NAG,BMA_NAG_NAG,0.96152509373,0.96152509373,0.0,True,1,2.59999990463,0.953
3zs0 NAG 1585 D,BMA_NAG_NAG,BMA_NAG_NAG,0.934690194346,0.934690194346,0.0,True,1,2.20000004768,0.959
3zqr IPH 1029 H,MLY,IPH,0.534495405085,0.00187653831143,0.532618866773,False,49,1.89999997616,0.927
3zqr IPH 1022 K,MES,IPH,0.356547088605,0.0721199902598,0.284427098345,False,4,1.89999997616,0.941
3zqr IPH 1022 I,GOL,IPH,0.751431064589,0.00145734035298,0.749973724236,False,22,1.89999997616,0.952
3zqr IPH 1022 E,GOL,IPH,0.251554352287,0.0231703754015,0.228383976886,False,8,1.89999997616,0.943
3zqr IPH 1022 C,IPH,IPH,0.16892368089,0.16892368089,0.0,True,1,1.89999997616,0.963
3zqr IPH 1022 A,GOL,IPH,0.761012598351,0.00374381032816,0.757268788023,False,9,1.89999997616,0.955
3zmm PTR 1008 B,PTR_PTR,PTR_PTR,0.980703572375,0.980703572375,0.0,True,1,2.5,0.935
3zm7 ACP 525 D,ATP,ACP,0.668792917533,0.034328453414,0.634464464118,False,3,3.29999995232,0.942
3zct IMP 1839 A,GOL,IMP,0.18717796783,0.00341524270064,0.18376272513,False,38,2.0,0.852
3zcs IMP 1838 A,PG4,IMP,0.330082573502,0.00177308408539,0.328309489416,False,61,2.0,0.869
3zcr IMP 930 A,GOL,IMP,0.319125177914,0.00309709908446,0.316028078829,False,37,2.09999990463,0.773
3zc6 PTR 980 D,NAG,PTR_PTR,0.151572168894,0.00182913875563,0.149743030138,False,123,2.40000009537,0.886
3zc6 PTR 980 A,CME,PTR_PTR,0.279340735798,0.00334095483863,0.27599978096,False,31,2.40000009537,0.852
3x3c OLA 502 A,EDO,OLA,0.326473671742,0.000745741095207,0.325727930646,False,56,1.70000004768,0.828
3x3b OLA 504 A,PG4,OLA,0.186799551093,0.00207453922974,0.184725011863,False,22,2.09999990463,0.808
3x1b NAG 601 B,BMA_NAG_NAG,BMA_NAG_NAG,0.982326354754,0.982326354754,0.0,True,1,1.79999995232,0.97
3wzq P6G 1002 C,GOL,P6G,0.440807370904,0.0175918608285,0.423215510075,False,7,1.70000004768,0.833
3wxk HEZ 603 D,SO4,HEZ,0.255083717126,0.00241490109431,0.252668816032,False,44,2.40000009537,0.781
3wxk HEZ 603 C,1PE,HEZ,0.237577674973,0.000371944946019,0.237205730027,False,197,2.40000009537,0.848
3wxk HEZ 603 B,SO4,HEZ,0.155384159462,0.00822295426942,0.147161205192,False,15,2.40000009537,0.746
3wxk HEZ 602 B,GOL,HEZ,0.398174496863,0.00557278970877,0.392601707154,False,16,2.40000009537,0.735
3wo3 NAG 906 B,NAG_NAG,BMA_NAG_NAG,0.601244861379,0.195521099239,0.40572376214,False,2,3.09999990463,0.934
3wo2 CPS 202 D,MPD,CPS,0.153482872374,0.00108418224915,0.152398690125,False,179,2.29999995232,0.708
3wo2 CPS 202 B,MAN,CPS,0.226180383401,0.00792054940838,0.218259833993,False,22,2.29999995232,0.839
3wo2 CPS 202 A,GOL,CPS,0.130734448474,0.000772135401725,0.129962313073,False,181,2.29999995232,0.795
3wo2 CPS 201 C,NAG,CPS,0.209113480336,0.00195749762736,0.207155982708,False,95,2.29999995232,0.667
3wo2 CPS 201 B,GOL,CPS,0.145868692075,0.0015984833233,0.144270208751,False,103,2.29999995232,0.755
3wo2 CPS 201 A,CHD,CPS,0.224449549436,0.0394034429639,0.185046106472,False,6,2.29999995232,0.88
3wn5 NAG 202 C,BMA_NAG_NAG,BMA_MAN_NAG_NAG,0.677742680423,0.0132437537376,0.664498926686,False,3,2.79999995232,0.962
3wn4 NAG 917 A,BMA_NAG_NAG,BMA_NAG_NAG,0.961414573764,0.961414573764,0.0,True,1,1.79999995232,0.964
3wn4 NAG 905 A,BMA_MAN_NAG_NAG,BMA_MAN_NAG_NAG,0.732695008579,0.732695008579,0.0,True,1,1.79999995232,0.981
3wl4 HEZ 319 B,EDO,HEZ,0.718401557931,0.00718282692882,0.711218731002,False,9,1.5,0.892
3wl4 HEZ 319 A,GOL,HEZ,0.412033526797,0.00960264628257,0.402430880514,False,9,1.5,0.865
3wl4 HEZ 318 B,EDO,HEZ,0.477778327968,0.00156885488455,0.476209473083,False,12,1.5,0.949
3wl4 HEZ 317 A,GOL,HEZ,0.5035871874,0.198525652074,0.305061535326,False,2,1.5,0.945
3wl4 HEZ 314 B,SO4,HEZ,0.443546176606,0.00256398523551,0.44098219137,False,16,1.5,0.769
3wl4 HEZ 312 B,HEZ,HEZ,0.161692647359,0.161692647359,0.0,True,1,1.5,0.947
3wl4 HEZ 310 B,HEZ,HEZ,0.567304384838,0.567304384838,0.0,True,1,1.5,0.949
3wl4 HEZ 310 A,HEZ,HEZ,0.185219053584,0.185219053584,0.0,True,1,1.5,0.955
3wkn NAG 505 N,BPH,BMA_MAN_NAG_NAG,0.271463547089,0.19410202143,0.0773615256595,False,2,2.79999995232,0.969
3wjm NAG 802 C,BMA_NAG_NAG,BMA_NAG_NAG,0.425038510024,0.425038510024,0.0,True,1,2.79999995232,0.936
3wjm NAG 801 F,BMA_MAN_NAG_NAG,BMA_MAN_NAG_NAG,0.783564744823,0.783564744823,0.0,True,1,2.79999995232,0.957
3wjm NAG 801 D,BMA_MAN_NAG_NAG,BMA_MAN_NAG_NAG,0.71554824584,0.71554824584,0.0,True,1,2.79999995232,0.972
3wjm NAG 801 B,BMA_MAN_NAG_NAG,BMA_MAN_NAG_NAG,0.507390218358,0.507390218358,0.0,True,1,2.79999995232,0.957
3wjb P6G 503 B,1PE,P6G,0.400349681687,0.0404549285924,0.359894753094,False,5,2.20000004768,0.906
3wfx HEZ 202 A,EDO,HEZ,0.646333562177,0.00197031079861,0.644363251379,False,16,1.89999997616,0.935
3we7 HEZ 305 C,EDO,HEZ,0.284985030245,0.0103734527831,0.274611577462,False,7,1.5,0.874
3wax NAG 903 A,BMA_NAG_NAG,BMA_NAG_NAG,0.566703374858,0.566703374858,0.0,True,1,1.89999997616,0.981
3waw NAG 903 A,BMA_NAG_NAG,BMA_MAN_NAG_NAG,0.594654673375,0.0840963759879,0.510558297387,False,3,2.0,0.98
3w9j LMT 2003 A,NAG_NAG,LMT,0.320482164316,0.0368103968145,0.283671767501,False,4,3.20000004768,0.906
3w9j LMT 2002 F,BCR,LMT,0.244206690224,0.0287219369986,0.215484753225,False,7,3.20000004768,0.846
3w9j LMT 2002 E,BMA_NAG_NAG,LMT,0.453536149305,0.0622295555256,0.39130659378,False,2,3.20000004768,0.897
3w9j LMT 2002 D,LMT,LMT,0.662271607455,0.662271607455,0.0,True,1,3.20000004768,0.933
3w9j LMT 2002 B,BMA_NAG_NAG,LMT,0.239686847213,0.170091583996,0.0695952632167,False,3,3.20000004768,0.904
3w9j LMT 2002 A,NAG,LMT,0.173647914211,0.0383935602943,0.135254353917,False,3,3.20000004768,0.914
3w9j LMT 2001 F,NAG,LMT,0.497647483745,0.016298621908,0.481348861837,False,3,3.20000004768,0.845
3w9j LMT 2001 D,NAG,LMT,0.164620183952,0.0204829637519,0.1441372202,False,14,3.20000004768,0.787
3w9j LMT 2001 C,NAG,LMT,0.293826413663,0.0318400121778,0.261986401485,False,5,3.20000004768,0.881
3w9i LMT 2004 B,LMT,LMT,0.203268492029,0.203268492029,0.0,True,1,2.70000004768,0.851
3w9i LMT 2003 B,CLR,LMT,0.841856342638,0.00665893329908,0.835197409339,False,7,2.70000004768,0.815
3w9i LMT 2002 C,NAG,LMT,0.318548786781,0.0010204459573,0.317528340824,False,85,2.70000004768,0.696
3w9i LMT 2002 B,C8E,LMT,0.269329592447,0.0037107761781,0.265618816268,False,28,2.70000004768,0.645
3w9i LMT 2001 F,NAG,LMT,0.170919188482,0.00140803706159,0.169511151421,False,122,2.70000004768,0.692
3w9i LMT 2001 E,GOL,LMT,0.337076878485,0.000988208889295,0.336088669595,False,87,2.70000004768,0.852
3w9i LMT 2001 D,SO4,LMT,0.123132861916,0.00164276276557,0.121490099151,False,69,2.70000004768,0.617
3w9i LMT 2001 C,NAG,LMT,0.954863137289,4.58960660461e-05,0.954817241223,False,150,2.70000004768,0.748
3w9i LMT 1102 A,NAG,LMT,0.20965745033,0.00457101862719,0.205086431703,False,22,2.70000004768,0.744
3w9i LMT 1101 A,C8E,LMT,0.124695013677,0.00678101957653,0.1179139941,False,21,2.70000004768,0.798
3w9e NAG 301 C,BMA_NAG_NAG,BMA_MAN_NAG_NAG,0.822466746302,0.101963184617,0.720503561685,False,2,2.29999995232,0.927
3w8r ACP 302 B,SEP,ACP,0.419417030873,0.00401471209725,0.415402318776,False,31,2.5,0.877
3w8r ACP 302 A,SO4,ACP,0.633847202226,0.000490287840877,0.633356914385,False,164,2.5,0.803
3w82 NAG 702 B,BMA_MAN_NAG_NAG,BMA_MAN_NAG_NAG,0.525685174227,0.525685174227,0.0,True,1,2.79999995232,0.94
3w6x P6G 302 F,PG4,P6G,0.429080646963,0.103628426733,0.32545222023,False,3,2.29999995232,0.83
3w6x P6G 302 C,1PE,P6G,0.410470453898,0.0433703090077,0.36710014489,False,3,2.29999995232,0.838
3w6x P6G 302 B,1PE,P6G,0.506159900524,0.00549808867364,0.500661811851,False,6,2.29999995232,0.859
3w6x P6G 302 A,GOL,P6G,0.224371501841,0.00875956858445,0.215611933257,False,14,2.29999995232,0.829
3w6x P6G 301 L,1PE,P6G,0.35550222516,0.0121666968626,0.343335528298,False,9,2.29999995232,0.831
3w6x P6G 301 K,1PE,P6G,0.724492559434,0.0628519752163,0.661640584217,False,2,2.29999995232,0.781
3w6x P6G 301 J,1PE,P6G,0.724502992335,0.00935485614135,0.715148136193,False,5,2.29999995232,0.787
3w6x P6G 301 I,1PE,P6G,0.624608945483,0.0111863604457,0.613422585037,False,7,2.29999995232,0.762
3w6x P6G 301 H,1PE,P6G,0.347071249266,0.00455064057095,0.342520608695,False,8,2.29999995232,0.845
3w6x P6G 301 G,1PE,P6G,0.597052170884,0.0127335658416,0.584318605042,False,3,2.29999995232,0.849
3w6x P6G 301 E,1PE,P6G,0.927555038358,0.00187304313731,0.92568199522,False,3,2.29999995232,0.878
3w6x P6G 301 D,GOL,P6G,0.439028154811,0.00702911560044,0.43199903921,False,19,2.29999995232,0.772
3w6s P6G 301 B,1PE,P6G,0.18451965497,0.0592628574159,0.125256797554,False,4,1.89999997616,0.824
3w6s P6G 301 A,1PE,P6G,0.505662746314,0.263249833534,0.24241291278,False,2,1.89999997616,0.876
3w52 NAG 301 A,NAG_NAG,BMA_NAG_NAG,0.552783980961,0.144660436968,0.408123543993,False,2,1.79999995232,0.959
3w3n NAG 911 B,BMA_NAG_NAG,BMA_NAG_NAG,0.707337179284,0.707337179284,0.0,True,1,2.09999990463,0.912
3w3n NAG 907 B,NAG_NAG,BMA_NAG_NAG,0.607680451041,0.232113833762,0.375566617279,False,2,2.09999990463,0.965
3w3n NAG 902 B,BMA_MAN_NAG_NAG,BMA_MAN_NAG_NAG,0.811765070893,0.811765070893,0.0,True,1,2.09999990463,0.947
3w3n NAG 1010 A,BMA_NAG_NAG,BMA_MAN_NAG_NAG,0.759937666934,0.19814945514,0.561788211794,False,2,2.09999990463,0.971
3w3n NAG 1006 A,NAG_NAG,BMA_NAG_NAG,0.779827547938,0.0600629736811,0.719764574257,False,2,2.09999990463,0.958
3w3m NAG 912 A,BMA_MAN_NAG_NAG,BMA_MAN_NAG_NAG,0.475627163524,0.475627163524,0.0,True,1,2.70000004768,0.981
3w3m NAG 907 A,NAG_NAG,BMA_NAG_NAG,0.817995537601,0.121896266657,0.696099270945,False,2,2.70000004768,0.974
3w3l NAG 911 C,NAG_NAG,BMA_NAG_NAG,0.537449148814,0.264280825345,0.273168323469,False,2,2.29999995232,0.964
3w3l NAG 903 D,BMA_NAG_NAG,BMA_MAN_NAG_NAG,0.804167530141,0.106955889016,0.697211641125,False,2,2.29999995232,0.972
3w3l NAG 1010 B,BMA_NAG_NAG,BMA_NAG_NAG,0.721640818696,0.721640818696,0.0,True,1,2.29999995232,0.962
3w3l NAG 1010 A,BMA_MAN_NAG_NAG,BMA_NAG_NAG,0.474761848672,0.264610744987,0.210151103685,False,2,2.29999995232,0.969
3w3k NAG 911 A,BMA_NAG_NAG,BMA_NAG_NAG,0.615051426754,0.615051426754,0.0,True,1,2.29999995232,0.963
3w3k NAG 910 B,BMA_NAG_NAG,BMA_NAG_NAG,0.802055017725,0.802055017725,0.0,True,1,2.29999995232,0.959
3w3k NAG 902 B,BMA_MAN_NAG_NAG,BMA_MAN_NAG_NAG,0.77179687853,0.77179687853,0.0,True,1,2.29999995232,0.96
3w3j NAG 909 B,NAG_NAG,BMA_NAG_NAG,0.907439909473,0.0649476773402,0.842492232133,False,2,2.0,0.956
3w3j NAG 1001 A,NAG_NAG,BMA_MAN_NAG_NAG,0.553916537284,0.129207892474,0.42470864481,False,3,2.0,0.967
3w34 ACP 302 B,SO4,ACP,0.694335515674,0.000199654991118,0.694135860683,False,77,1.89999997616,0.739
3vvk BNG 304 D,GOL,BNG,0.259759226692,0.0256332609391,0.234125965753,False,6,2.29999995232,0.755
3vvk BNG 303 A,GOL,BNG,0.340601117517,0.00306657479985,0.337534542717,False,27,2.29999995232,0.857
3vkk OLA 475 A,1PE,OLA,0.343004294443,0.000365145692634,0.34263914875,False,118,2.0,0.829
3vhx GTP 184 A,GTP_MG,GTP_MG,0.492509884724,0.492509884724,0.0,True,1,2.79999995232,0.967
3vg9 LMT 408 A,LDA,LMT,0.109241608431,0.00807952614689,0.101162082284,False,26,2.40000009537,0.658
3vb0 P6G 302 B,GOL,P6G,0.357815008229,0.0153583536169,0.342456654612,False,10,2.09999990463,0.848
3vb0 P6G 302 A,GOL,P6G,0.187271247276,0.0857352698892,0.101535977387,False,4,2.09999990463,0.81
3va7 URE 1902 A,GOL,URE,0.289926347457,0.00102882164882,0.288897525808,False,51,2.59999990463,0.974
3va5 THP 202 A,THP,THP,0.992929835481,0.992929835481,0.0,True,1,1.60000002384,0.979
3v83 P6G 715 E,1PE,P6G,0.369911562122,0.0939007462785,0.276010815843,False,4,2.09999990463,0.927
3v83 P6G 715 D,PEG,P6G,0.354021716827,0.0153956481192,0.338626068708,False,7,2.09999990463,0.786
3v83 P6G 715 B,PG4,P6G,0.502992482551,0.00468757991205,0.498304902639,False,9,2.09999990463,0.949
3v83 P6G 714 E,PG4,P6G,0.401387188805,0.134461501495,0.26692568731,False,3,2.09999990463,0.9
3v83 P6G 714 D,PG4,P6G,0.347532676975,0.059783407711,0.287749269264,False,5,2.09999990463,0.89
3v83 P6G 714 C,PEG,P6G,0.363371147969,0.0117916222848,0.351579525684,False,11,2.09999990463,0.846
3v83 P6G 714 B,PG4,P6G,0.72386983618,0.00989644395767,0.713973392222,False,5,2.09999990463,0.931
3v83 P6G 713 C,PGE,P6G,0.529193987854,0.0189250386556,0.510268949199,False,5,2.09999990463,0.901
3v83 P6G 712 C,PGE,P6G,0.316851458588,0.0795825397557,0.237268918832,False,4,2.09999990463,0.944
3v83 P6G 712 A,SO4,P6G,0.814745934861,0.000198857735221,0.814547077126,False,182,2.09999990463,0.826
3v83 P6G 711 A,PEG,P6G,0.652214649782,0.0256030191107,0.626611630671,False,6,2.09999990463,0.849
3v83 P6G 710 F,PG4,P6G,0.274117398083,0.111678758601,0.162438639481,False,4,2.09999990463,0.924
3v83 P6G 710 A,1PE,P6G,0.224838739571,0.206811974449,0.0180267651221,False,2,2.09999990463,0.925
3v76 FDA 547 A,FAD,FDA,0.992801482654,0.000788944828042,0.992012537826,False,2,2.5,0.975
3v2t THP 151 A,THP,THP,0.992745128804,0.992745128804,0.0,True,1,1.79999995232,0.981
3v2r OLA 1 D,SO4,OLA,0.686974000188,0.000546282680779,0.686427717507,False,151,2.79999995232,0.94
3v1m MLI 287 A,MLI,MLI,0.359609152709,0.359609152709,0.0,True,1,1.89999997616,0.949
3v1g IPH 200 C,GOL,IPH,0.409035452836,0.00292408625935,0.406111366576,False,20,1.89999997616,0.842
3v19 IPH 200 C,EDO,IPH,0.263747225384,0.00177056582899,0.261976659555,False,29,2.0,0.937
3v0s MLZ 151 A,MLY,MLZ,0.42411462836,0.00796747440435,0.416147153955,False,8,1.79999995232,0.945
3uvf PEG 302 B,NAG,PEG,0.0994800165744,0.0269387390167,0.0725412775577,False,8,3.0,0.754
3utv RET 301 A,RET,RET,0.953020516037,0.953020516037,0.0,True,1,2.09999990463,0.92
3usg PEG 521 A,MPD,PEG,0.191803830166,0.173990663373,0.0178131667936,False,2,2.5,0.617
3usb IMP 500 B,SO4,IMP,0.300440948948,0.0014048184799,0.299036130468,False,31,2.40000009537,0.898
3usb IMP 500 A,PLP,IMP,0.315242274393,0.00111498274388,0.314127291649,False,38,2.40000009537,0.931
3uqx URE 411 A,DMS,URE,0.291371970248,0.00571233893201,0.285659631316,False,12,1.70000004768,0.939
3uqx URE 410 A,GOL,URE,0.779676336907,0.00308600464896,0.776590332258,False,13,1.70000004768,0.783
3uqx URE 409 A,GOL,URE,0.409755710753,0.0512865359062,0.358469174847,False,4,1.70000004768,0.856
3uqx URE 408 A,EDO,URE,0.365302133945,0.0300765521476,0.335225581798,False,6,1.70000004768,0.882
3uqx URE 407 A,ACT,URE,0.7339712413,0.00241154733423,0.731559693965,False,8,1.70000004768,0.98
3uqx URE 406 A,ACT,URE,0.62444948436,0.00531445067458,0.619135033686,False,9,1.70000004768,0.948
3uqx URE 405 A,ACT,URE,0.379385700226,0.154456030289,0.224929669936,False,2,1.70000004768,0.958
3uqu URE 400 A,FMT,URE,0.547648510698,0.00155718520347,0.546091325495,False,13,1.70000004768,0.94
3uqu URE 398 A,ACT,URE,0.646207802376,0.027854382155,0.618353420221,False,4,1.70000004768,0.966
3upc 1PE 116 D,C8E,1PE,0.211035166893,0.00875432330547,0.202280843588,False,19,2.79999995232,0.893
3upb PEG 323 B,PEG,PEG,0.597236648249,0.597236648249,0.0,True,1,1.5,0.721
3upb PEG 323 A,PGE,PEG,0.456735239508,0.057662253978,0.39907298553,False,4,1.5,0.833
3uod PEG 403 A,DMU,PEG,0.100295302194,0.00531731376547,0.0949779884289,False,23,2.5,0.909
3umv URE 905 B,SO4,URE,0.349471553483,0.000286924974241,0.349184628509,False,200,1.70000004768,0.925
3umv URE 905 A,ACT,URE,0.297899953995,0.000656609208616,0.297243344787,False,48,1.70000004768,0.944
3umv URE 904 B,NO3,URE,0.278270516082,0.00100720832599,0.277263307756,False,37,1.70000004768,0.936
3umv URE 904 A,ACT,URE,0.557704864891,0.00129847976693,0.556406385124,False,22,1.70000004768,0.96
3umv URE 903 A,EDO,URE,0.304686757084,0.000412443332435,0.304274313751,False,191,1.70000004768,0.825
3umv URE 902 A,EDO,URE,0.787201851468,0.000733654713698,0.786468196754,False,22,1.70000004768,0.766
3umv URE 901 B,EDO,URE,0.534529921655,0.00243211443005,0.532097807225,False,11,1.70000004768,0.93
3ul2 PEG 304 C,GOL,PEG,0.146943905928,0.0121728601233,0.134771045805,False,11,2.5,0.803
3ukk FDA 601 D,ADP_MG,FDA,0.420903744845,0.000749889015295,0.42015385583,False,39,2.79999995232,0.971
3ukk FDA 601 B,FAD,FDA,0.987589174374,0.00191811499943,0.985671059374,False,3,2.79999995232,0.979
3ukk FDA 601 A,FAD,FDA,0.990958942309,0.00132855877738,0.989630383532,False,2,2.79999995232,0.97
3ukh FDA 600 H,FAD,FDA,0.72524561486,0.0432249418639,0.682020672997,False,3,2.29999995232,0.942
3ukh FDA 600 C,FAD,FDA,0.980757735394,0.00340775160901,0.977349983785,False,2,2.29999995232,0.927
3uk9 PEG 302 E,NAG,PEG,0.940013577638,0.000842912262246,0.939170665376,False,15,3.09999990463,0.898
3uk9 PEG 302 D,SO4,PEG,0.238605176434,0.00329155575482,0.235313620679,False,24,3.09999990463,0.909
3uk9 PEG 302 B,NAG,PEG,0.930155152395,0.000419055871542,0.929736096523,False,20,3.09999990463,0.631
3uj8 SFG 300 A,SFG,SFG,0.266130415378,0.266130415378,0.0,True,1,1.39999997616,0.966
3ugf NAG 555 A,FUC_NAG_NAG,FUC_NAG_NAG,0.369197211182,0.369197211182,0.0,True,1,1.70000004768,0.956
3ugf NAG 549 A,FUC_NAG_NAG,FUC_NAG_NAG,0.505748265343,0.505748265343,0.0,True,1,1.70000004768,0.929
3ug9 RET 401 A,BOG,RET,0.737561763228,0.0185065266671,0.719055236561,False,4,2.20000004768,0.913
3ueq PEG 702 A,PG4,PEG,0.352566915385,0.147545366435,0.20502154895,False,2,1.89999997616,0.926
3ueh PEG 147 A,GOL,PEG,0.50643772363,0.0471512452271,0.459286478403,False,4,2.59999990463,0.702
3uec 1PE 146 A,GOL,1PE,0.358416610232,0.00372367807964,0.354692932152,False,16,2.20000004768,0.82
3udp PEG 504 A,GOL,PEG,0.480023191683,0.0097412283173,0.470281963366,False,7,1.89999997616,0.882
3udn PEG 409 A,DMS,PEG,0.814320156088,0.000205623696779,0.814114532391,False,45,2.20000004768,0.627
3udm PEG 504 A,EDO,PEG,0.345227762317,0.000996167082605,0.344231595235,False,22,1.89999997616,0.691
3udk PEG 504 A,NAG,PEG,0.31432780215,0.0156156373484,0.298712164801,False,10,2.5,0.869
3ucx 1PE 262 A,PEG,1PE,0.711017419929,0.0204098163399,0.690607603589,False,5,1.89999997616,0.864
3ucg PEG 303 A,SO4,PEG,0.423148599764,0.00279516047792,0.420353439286,False,18,2.0,0.676
3ube SIA 401 G,SIA,SIA,0.326812521979,0.326812521979,0.0,True,1,2.09999990463,0.933
3ub1 PEG 5 C,PEG,PEG,0.545266719373,0.545266719373,0.0,True,1,1.79999995232,0.922
3ub1 PEG 3 D,GOL,PEG,0.498403772631,0.0184970540307,0.4799067186,False,5,1.79999995232,0.704
3ub1 PEG 2 B,GOL,PEG,0.248012135159,0.126813379713,0.121198755446,False,4,1.79999995232,0.889
3u9r 1PE 581 B,PG4,1PE,0.598555656664,0.0341718136661,0.564383842998,False,4,1.5,0.782
3u9h PEG 2 A,GOL,PEG,0.241608489761,0.0166806646145,0.224927825147,False,8,1.70000004768,0.668
3u7y NAG 2 G,BMA_NAG_NAG,BMA_MAN_NAG_NAG,0.384966001646,0.0862307254522,0.298735276194,False,3,2.40000009537,0.922
3u5p ALY 18 N,GOL,ALY,0.345192408897,0.00179921018528,0.343393198712,False,27,2.79999995232,0.926
3u5p ALY 18 M,SO4,ALY,0.306715392773,0.00175324770894,0.304962145064,False,26,2.79999995232,0.94
3u5p ALY 18 L,SO4,ALY,0.338655686333,0.00213576739578,0.336519918937,False,40,2.79999995232,0.908
3u5o ALY 18 P,GOL,ALY,0.294636846056,0.00135056239002,0.293286283666,False,69,2.70000004768,0.926
3u5o ALY 18 O,SO4,ALY,0.233459760558,0.00157295316094,0.231886807397,False,57,2.70000004768,0.931
3u5o ALY 18 N,SO4,ALY,0.34811575955,0.00184638019823,0.346269379352,False,46,2.70000004768,0.929
3u5o ALY 18 M,GOL,ALY,0.174684653862,0.00105326867463,0.173631385187,False,172,2.70000004768,0.894
3u5o ALY 18 L,SO4,ALY,0.240782505829,0.0022949625573,0.238487543272,False,44,2.70000004768,0.848
3u5o ALY 18 K,SO4,ALY,0.415813320834,0.00192584735278,0.413887473481,False,34,2.70000004768,0.905
3u5o ALY 18 J,NAG,ALY,0.121430446503,0.00120113974835,0.120229306754,False,174,2.70000004768,0.929
3u5o ALY 18 I,GOL,ALY,0.239299753494,0.00125072978851,0.238049023705,False,81,2.70000004768,0.903
3u5n ALY 14 D,MLY,ALY,0.800207093402,0.00312561359436,0.797081479807,False,9,1.89999997616,0.947
3u4m MLI 304 A,SO4,MLI,0.527426839585,0.000673711409959,0.526753128175,False,177,2.0,0.856
3u4m MLI 303 A,EDO,MLI,0.510184698189,0.00270262335911,0.50748207483,False,13,2.0,0.946
3u4m MLI 2204 B,EDO,MLI,0.374834131157,0.0128017547448,0.362032376412,False,7,2.0,0.921
3u4m MLI 2203 B,SO4,MLI,0.252484489193,0.00262152505368,0.249862964139,False,17,2.0,0.884
3u4m MLI 2202 B,ACT,MLI,0.204406966589,0.00190997914805,0.202496987441,False,35,2.0,0.922
3u41 PEG 310 D,SO4,PEG,0.541583187791,0.00679307523683,0.534790112554,False,11,2.5,0.822
3u1t MLI 351 A,GOL,MLI,0.375653408463,0.00135241718956,0.374300991274,False,39,2.20000004768,0.896
3u1t MLI 350 B,GOL,MLI,0.46318529641,0.000764561638011,0.462420734772,False,171,2.20000004768,0.899
3u1q PEG 506 B,EDO,PEG,0.414055303924,0.00591009952386,0.408145204401,False,11,2.40000009537,0.879
3u1q PEG 504 B,GOL,PEG,0.718870331142,0.0235918996295,0.695278431512,False,3,2.40000009537,0.814
3u1q PEG 504 A,GOL,PEG,0.434774153684,0.00260296442842,0.432171189255,False,19,2.40000009537,0.638
3u1q PEG 503 A,GOL,PEG,0.482047781984,0.00929692587945,0.472750856105,False,8,2.40000009537,0.791
3u1p PEG 501 B,PEG,PEG,0.515225539906,0.515225539906,0.0,True,1,2.79999995232,0.866
3u0h EDO 281 A,EDO,EDO,0.447921629073,0.447921629073,0.0,True,1,2.29999995232,0.937
3u0h EDO 280 A,PO4,EDO,0.254664399672,0.153034107966,0.101630291706,False,3,2.29999995232,0.901
3tzw EDO 8 A,SO4,EDO,0.597017263243,0.00672434997783,0.590292913265,False,4,2.59999990463,0.904
3tzw EDO 7 A,GOL,EDO,0.428890690471,0.0779936950194,0.350896995452,False,3,2.59999990463,0.79
3tzw EDO 10 A,SO4,EDO,0.28429127449,0.223952115172,0.0603391593187,False,2,2.59999990463,0.899
3tzu PEG 138 A,EPE,PEG,0.190227711058,0.114058486075,0.0761692249832,False,2,2.29999995232,0.928
3tzu PEG 135 C,GOL,PEG,0.237858022173,0.129481328254,0.108376693918,False,2,2.29999995232,0.742
3tzu EDO 137 A,EDO,EDO,0.564901356249,0.564901356249,0.0,True,1,2.29999995232,0.968
3tzu EDO 136 B,GOL,EDO,0.377517039629,0.224932512206,0.152584527423,False,2,2.29999995232,0.931
3tzu EDO 135 A,GOL,EDO,0.365377925879,0.100902024922,0.264475900957,False,2,2.29999995232,0.923
3tzt EDO 304 B,EDO,EDO,0.716048362272,0.716048362272,0.0,True,1,2.09999990463,0.782
3tzt EDO 304 A,EDO,EDO,0.746549425586,0.746549425586,0.0,True,1,2.09999990463,0.845
3tzt EDO 303 B,EDO,EDO,0.616771210501,0.616771210501,0.0,True,1,2.09999990463,0.738
3tzt EDO 302 B,EDO,EDO,0.353910750678,0.353910750678,0.0,True,1,2.09999990463,0.799
3tzt EDO 302 A,EDO,EDO,0.748100590835,0.748100590835,0.0,True,1,2.09999990463,0.921
3tzt EDO 301 B,EDO,EDO,0.721160013765,0.721160013765,0.0,True,1,2.09999990463,0.834
3tzt EDO 301 A,EDO,EDO,0.803686741689,0.803686741689,0.0,True,1,2.09999990463,0.893
3tzs EDO 186 A,EDO,EDO,0.758635292124,0.758635292124,0.0,True,1,2.5,0.949
3tzs EDO 183 C,GOL,EDO,0.363073355764,0.355018232782,0.00805512298223,False,2,2.5,0.932
3tzq PEG 269 E,EDO,PEG,0.90828047827,0.00162663772084,0.906653840549,False,8,2.5,0.939
3tzq EDO 269 A,EDO,EDO,0.411574446341,0.411574446341,0.0,True,1,2.5,0.852
3tzi EDO 8 B,SO4,EDO,0.207632838394,0.139737854297,0.067894984097,False,3,2.20000004768,0.787
3tzi EDO 7 B,EDO,EDO,0.666674305497,0.666674305497,0.0,True,1,2.20000004768,0.907
3tzi EDO 620 B,EDO,EDO,0.562431944811,0.562431944811,0.0,True,1,2.20000004768,0.941
3tzi EDO 6 B,EDO,EDO,0.556376777651,0.556376777651,0.0,True,1,2.20000004768,0.771
3tzi EDO 5 A,EDO,EDO,0.565903162568,0.565903162568,0.0,True,1,2.20000004768,0.932
3tzi EDO 4 B,ACT,EDO,0.380072249871,0.308632948308,0.0714393015638,False,2,2.20000004768,0.801
3tzi EDO 2 A,EDO,EDO,0.370053080231,0.370053080231,0.0,True,1,2.20000004768,0.936
3tyt EDO 637 A,EDO,EDO,0.406578181105,0.406578181105,0.0,True,1,1.60000002384,0.907
3tyt EDO 636 A,GOL,EDO,0.884313042724,0.0260267342465,0.858286308478,False,2,1.60000002384,0.956
3tyt EDO 635 A,EDO,EDO,0.350531258407,0.350531258407,0.0,True,1,1.60000002384,0.881
3typ EDO 158 B,EDO,EDO,0.422785319317,0.422785319317,0.0,True,1,1.89999997616,0.963
3typ EDO 158 A,MLY,EDO,0.586402413066,0.0230172132214,0.563385199845,False,3,1.89999997616,0.962
3tyg NAG 300 A,NAG_NAG,BMA_MAN_NAG_NAG,0.354979483838,0.101674756441,0.253304727397,False,3,3.09999990463,0.941
3ty7 PEG 484 A,GOL,PEG,0.536903539963,0.0164115225512,0.520492017412,False,5,2.40000009537,0.623
3txy EDO 196 A,EDO,EDO,0.404917643335,0.404917643335,0.0,True,1,1.70000004768,0.874
3twx EDO 2 A,ACT,EDO,0.487199340826,0.117268828039,0.369930512787,False,3,1.79999995232,0.934
3twv EDO 17 G,GOL,EDO,0.22546067892,0.00477663927386,0.220684039646,False,25,2.29999995232,0.838
3twv EDO 1 B,GOL,EDO,0.279119463991,0.189297490774,0.0898219732177,False,2,2.29999995232,0.913
3twt EDO 8 D,EDO,EDO,0.493616982881,0.493616982881,0.0,True,1,1.89999997616,0.893
3twt EDO 7 A,EDO,EDO,0.416490051594,0.416490051594,0.0,True,1,1.89999997616,0.935
3twt EDO 6 A,ACT,EDO,0.300329182582,0.0871713598495,0.213157822733,False,3,1.89999997616,0.824
3twt EDO 5 A,EDO,EDO,0.635469948763,0.635469948763,0.0,True,1,1.89999997616,0.836
3twt EDO 3 A,GOL,EDO,0.375660086847,0.366402271006,0.00925781584087,False,2,1.89999997616,0.916
3twt EDO 2 B,SO4,EDO,0.87509012245,0.00361374305239,0.871476379397,False,7,1.89999997616,0.874
3twt EDO 1 C,EDO,EDO,0.408949882976,0.408949882976,0.0,True,1,1.89999997616,0.896
3tws P6G 2 C,1PE,P6G,0.385982252183,0.00856508120865,0.377417170974,False,5,1.70000004768,0.925
3tws EDO 7 A,EDO,EDO,0.664403001929,0.664403001929,0.0,True,1,1.70000004768,0.906
3tws EDO 19 A,GOL,EDO,0.227788692363,0.14375598347,0.0840327088929,False,3,1.70000004768,0.841
3tws EDO 14 A,EDO,EDO,0.692588708691,0.692588708691,0.0,True,1,1.70000004768,0.91
3tws EDO 10 D,EDO,EDO,0.744180265372,0.744180265372,0.0,True,1,1.70000004768,0.96
3tws EDO 1 B,EDO,EDO,0.451908268314,0.451908268314,0.0,True,1,1.70000004768,0.941
3twj EDO 3 A,SO4,EDO,0.288670036546,0.10665301881,0.182017017736,False,4,2.90000009537,0.944
3twj EDO 2 B,MLY,EDO,0.348022290971,0.124017569471,0.2240047215,False,3,2.90000009537,0.928
3twj EDO 1 D,PO4,EDO,0.202776765427,0.197995672398,0.00478109302872,False,2,2.90000009537,0.955
3tvm NAG 511 A,NAG_NAG,FUC_NAG_NAG,0.420082957604,0.0540554285262,0.366027529078,False,3,2.79999995232,0.951
3tvl EDO 233 B,EDO,EDO,0.342397449509,0.342397449509,0.0,True,1,2.29999995232,0.966
3tvl EDO 232 B,EDO,EDO,0.880443731211,0.880443731211,0.0,True,1,2.29999995232,0.951
3tvl EDO 232 A,EDO,EDO,0.718154494363,0.718154494363,0.0,True,1,2.29999995232,0.99
3tvk C2E 503 A,C2E,C2E,0.938810828814,0.938810828814,0.0,True,1,1.79999995232,0.976
3tvk C2E 502 A,C2E,C2E,0.908973120364,0.908973120364,0.0,True,1,1.79999995232,0.978
3tvk C2E 501 A,NAG,C2E,0.090357315424,0.00175582293663,0.0886014924873,False,97,1.79999995232,0.963
3tv8 NAG 692 B,NAG_NAG,BMA_MAN_NAG_NAG,0.607734477963,0.14987077785,0.457863700113,False,2,2.59999990463,0.897
3tv7 EDO 416 C,SO4,EDO,0.318773486529,0.0974468771647,0.221326609365,False,3,2.79999995232,0.827
3tv7 EDO 416 A,SO4,EDO,0.181110844412,0.16944316976,0.0116676746523,False,2,2.79999995232,0.834
3tv7 EDO 2 D,EDO,EDO,0.551897342896,0.551897342896,0.0,True,1,2.79999995232,0.941
3tuw PEG 603 A,DMS,PEG,0.264553444855,0.00232199000058,0.262231454855,False,23,2.20000004768,0.772
3tuw EDO 624 A,EDO,EDO,0.327123273891,0.327123273891,0.0,True,1,2.20000004768,0.88
3tuw EDO 623 A,EDO,EDO,0.199338093469,0.199338093469,0.0,True,1,2.20000004768,0.929
3tsr PEG 457 E,GOL,PEG,0.138873724142,0.00811305222347,0.130760671918,False,23,2.20000004768,0.924
3tsr EDO 460 G,GOL,EDO,0.231238059223,0.194251272503,0.0369867867203,False,2,2.20000004768,0.933
3tsr EDO 459 H,EDO,EDO,0.440627061079,0.440627061079,0.0,True,1,2.20000004768,0.888
3tsr EDO 459 F,GOL,EDO,0.284723850302,0.0117086702954,0.273015180006,False,10,2.20000004768,0.885
3tsr EDO 459 E,PEG,EDO,0.21755763587,0.144690228088,0.0728674077821,False,3,2.20000004768,0.898
3tsr EDO 458 H,GOL,EDO,0.125544838295,0.0376622651992,0.0878825730956,False,7,2.20000004768,0.927
3tsr EDO 458 F,GOL,EDO,0.275862042226,0.19004080908,0.0858212331469,False,2,2.20000004768,0.914
3tsr EDO 458 E,GOL,EDO,0.327143872131,0.136232250743,0.190911621388,False,3,2.20000004768,0.88
3tsr EDO 457 H,GOL,EDO,0.266108174038,0.242843910138,0.0232642638998,False,2,2.20000004768,0.909
3tsr EDO 457 G,EDO,EDO,0.584029903094,0.584029903094,0.0,True,1,2.20000004768,0.872
3tsr EDO 457 F,GOL,EDO,0.588406045898,0.195248614926,0.393157430973,False,2,2.20000004768,0.963
3tsr EDO 126 A,PEG,EDO,0.320980500461,0.0912150928838,0.229765407577,False,3,2.20000004768,0.952
3tsh MLI 605 A,GOL,MLI,0.495141867175,0.0620587668484,0.433083100327,False,3,1.89999997616,0.969
3trr EDO 253 C,GOL,EDO,0.249743542793,0.207382173661,0.0423613691321,False,2,2.09999990463,0.849
3trr EDO 253 A,GOL,EDO,0.0943656289379,0.0321546870545,0.0622109418833,False,7,2.09999990463,0.884
3trg EDO 97 A,EDO,EDO,0.772319838222,0.772319838222,0.0,True,1,1.60000002384,0.953
3tqu EDO 202 B,EDO,EDO,0.802703819413,0.802703819413,0.0,True,1,1.89999997616,0.879
3tq6 PEG 502 E,GOL,PEG,0.207381243479,0.0321523158256,0.175228927654,False,6,2.5,0.831
3tq6 1PE 501 B,1PE,1PE,0.164515064693,0.164515064693,0.0,True,1,2.5,0.862
3tpk EDO 134 A,GOL,EDO,0.456618060896,0.419479010678,0.0371390502173,False,2,1.20000004768,0.907
3tpf PEG 307 F,MES,PEG,0.212427792373,0.010764794053,0.20166299832,False,13,2.70000004768,0.893
3tpf PEG 307 B,ADP,PEG,0.114396930929,0.020245400498,0.094151530431,False,10,2.70000004768,0.897
3tpf PEG 307 A,NAG,PEG,0.232536011805,0.0451554859815,0.187380525824,False,5,2.70000004768,0.876
3tp8 THP 151 A,THP,THP,0.99135086705,0.99135086705,0.0,True,1,1.60000002384,0.98
3tp7 THP 151 A,THP,THP,0.883581356726,0.883581356726,0.0,True,1,1.89999997616,0.982
3tp6 THP 151 A,THP,THP,0.992761800387,0.992761800387,0.0,True,1,1.79999995232,0.986
3tp5 THP 150 A,THP,THP,0.992610960664,0.992610960664,0.0,True,1,1.79999995232,0.98
3tp4 PEG 478 B,GOL,PEG,0.655868662062,0.00088093940652,0.654987722655,False,73,2.0,0.848
3toc EDO 400 B,GOL,EDO,0.462292886989,0.206245755942,0.256047131048,False,2,2.20000004768,0.988
3toc EDO 400 A,EDO,EDO,0.574238712401,0.574238712401,0.0,True,1,2.20000004768,0.972
3to9 EDO 507 A,EDO,EDO,0.322834425661,0.322834425661,0.0,True,1,2.0,0.957
3to9 ALY 262 A,KCX,ALY,0.695787426757,0.142352337691,0.553435089066,False,2,2.0,0.956
3to7 ALY 262 A,KCX,ALY,0.625385274754,0.173292564436,0.452092710317,False,2,1.89999997616,0.957
3to3 EDO 620 B,EDO,EDO,0.437967092148,0.437967092148,0.0,True,1,2.40000009537,0.837
3to3 EDO 619 B,SO4,EDO,0.46144143102,0.0934118549402,0.36802957608,False,3,2.40000009537,0.874
3to3 EDO 618 A,SO4,EDO,0.39383534716,0.147927902358,0.245907444802,False,3,2.40000009537,0.922
3tng PEG 294 A,EDO,PEG,0.389797705265,0.0086758654572,0.381121839808,False,9,2.20000004768,0.859
3tng PEG 293 A,SO4,PEG,0.459237203471,0.0050102529111,0.45422695056,False,12,2.20000004768,0.83
3tmt CR8 64 D,BGC,CR8,0.147636854536,0.00520403038731,0.142432824149,False,38,2.0,0.861
3tmt CR8 64 C,ADE,CR8,0.111698562604,0.00353835431762,0.108160208287,False,57,2.0,0.845
3tmt CR8 64 B,PCA,CR8,0.0832418568148,0.00476789333215,0.0784739634826,False,36,2.0,0.891
3tmt CR8 64 A,FUC,CR8,0.125285400958,0.00176358917743,0.123521811781,False,81,2.0,0.866
3tmr CR8 64 D,CR8,CR8,0.415246904189,0.415246904189,0.0,True,1,2.0,0.974
3tmr CR8 64 C,CR8,CR8,0.969269308394,0.969269308394,0.0,True,1,2.0,0.974
3tmq EDO 287 C,EDO,EDO,0.738334767858,0.738334767858,0.0,True,1,2.09999990463,0.947
3tmq EDO 285 B,DMS,EDO,0.521004583178,0.127010128362,0.393994454816,False,3,2.09999990463,0.934
3tmq EDO 284 B,SO4,EDO,0.188018045848,0.156414556919,0.0316034889286,False,2,2.09999990463,0.914
3tmq EDO 283 D,ACT,EDO,0.241772626709,0.144765516592,0.0970071101165,False,3,2.09999990463,0.947
3tmg EDO 306 C,EDO,EDO,0.730920142358,0.730920142358,0.0,True,1,1.89999997616,0.934
3tmg EDO 301 A,EDO,EDO,0.828716809053,0.828716809053,0.0,True,1,1.89999997616,0.917
3tme THP 150 A,THP,THP,0.953195911685,0.953195911685,0.0,True,1,1.39999997616,0.983
3tm6 PEG 201 A,EDO,PEG,0.211994825895,0.00629179358688,0.205703032308,False,12,2.70000004768,0.753
3tm6 PEG 200 G,GOL,PEG,0.300991506239,0.160920754233,0.140070752007,False,2,2.70000004768,0.927
3tm6 PEG 200 D,SO4,PEG,0.261723359164,0.0386996211778,0.223023737986,False,6,2.70000004768,0.9
3tm6 PEG 100 G,GOL,PEG,0.167030695858,0.0623126402205,0.104718055638,False,6,2.70000004768,0.913
3tm5 SFG 401 B,SAM,SFG,0.469945222747,0.012343762283,0.457601460464,False,8,2.20000004768,0.916
3tm5 SFG 401 A,SFG,SFG,0.458982817916,0.458982817916,0.0,True,1,2.20000004768,0.907
3tlz EDO 347 B,EDO,EDO,0.96349039089,0.96349039089,0.0,True,1,1.5,0.971
3tlz EDO 347 A,EDO,EDO,0.975686705753,0.975686705753,0.0,True,1,1.5,0.98
3tlz EDO 346 B,EDO,EDO,0.990209442096,0.990209442096,0.0,True,1,1.5,0.948
3tlz EDO 346 A,EDO,EDO,0.950853810626,0.950853810626,0.0,True,1,1.5,0.922
3tlz EDO 345 B,EDO,EDO,0.83327912613,0.83327912613,0.0,True,1,1.5,0.937
3tlz EDO 345 A,EDO,EDO,0.950157988807,0.950157988807,0.0,True,1,1.5,0.956
3tly EDO 348 A,EDO,EDO,0.895080347803,0.895080347803,0.0,True,1,1.70000004768,0.742
3tly EDO 346 B,EDO,EDO,0.915036577835,0.915036577835,0.0,True,1,1.70000004768,0.97
3tly EDO 346 A,EDO,EDO,0.820461346032,0.820461346032,0.0,True,1,1.70000004768,0.956
3tly EDO 345 B,EDO,EDO,0.927474505256,0.927474505256,0.0,True,1,1.70000004768,0.967
3tly EDO 345 A,EDO,EDO,0.890206172281,0.890206172281,0.0,True,1,1.70000004768,0.953
3tlm ACP 1001 A,ATP,ACP,0.438725084859,0.0125239647632,0.426201120096,False,8,2.90000009537,0.989
3tlf EDO 272 F,GOL,EDO,0.210105723169,0.172696549404,0.0374091737659,False,2,2.20000004768,0.936
3tlf EDO 272 E,GOL,EDO,0.235212220861,0.111558384767,0.123653836094,False,3,2.20000004768,0.913
3tlf EDO 272 D,EDO,EDO,0.635598298051,0.635598298051,0.0,True,1,2.20000004768,0.875
3tlf EDO 272 B,EDO,EDO,0.742055540567,0.742055540567,0.0,True,1,2.20000004768,0.941
3tlf EDO 271 F,GOL,EDO,0.446331993918,0.288948118571,0.157383875347,False,2,2.20000004768,0.902
3tlf EDO 271 E,EDO,EDO,0.675577710774,0.675577710774,0.0,True,1,2.20000004768,0.894
3tlf EDO 271 D,DMS,EDO,0.530863478818,0.0450441443919,0.485819334426,False,5,2.20000004768,0.962
3tlf EDO 271 C,EDO,EDO,0.886581297419,0.886581297419,0.0,True,1,2.20000004768,0.949
3tlf EDO 271 B,EDO,EDO,0.350409078883,0.350409078883,0.0,True,1,2.20000004768,0.951
3tlf EDO 271 A,EDO,EDO,0.74004124776,0.74004124776,0.0,True,1,2.20000004768,0.97
3tle EDO 500 B,EDO,EDO,0.887705369876,0.887705369876,0.0,True,1,1.29999995232,0.961
3tlc EDO 500 B,EDO,EDO,0.982343726241,0.982343726241,0.0,True,1,1.29999995232,0.948
3tlc EDO 500 A,EDO,EDO,0.913025171217,0.913025171217,0.0,True,1,1.29999995232,0.954
3tla EDO 500 A,EDO,EDO,0.970396781463,0.970396781463,0.0,True,1,1.20000004768,0.956
3tl2 EDO 315 A,EDO,EDO,0.69452262694,0.69452262694,0.0,True,1,1.70000004768,0.945
3tl2 EDO 313 A,GOL,EDO,0.339663445885,0.318742110583,0.0209213353016,False,2,1.70000004768,0.819
3tku EDO 420 B,GOL,EDO,0.666095831069,0.0778842883261,0.588211542743,False,2,2.20000004768,0.795
3tku EDO 420 A,EDO,EDO,0.323625470471,0.323625470471,0.0,True,1,2.20000004768,0.935
3tkl GTP 301 A,GNP_MG,GTP_MG,0.51548012988,0.328940204672,0.186539925208,False,2,2.20000004768,0.986
3tkf PEG 327 A,GOL,PEG,0.660316020281,0.0110376312493,0.649278389032,False,3,1.5,0.762
3tkf PEG 325 B,PG4,PEG,0.258773658193,0.167280135819,0.0914935223742,False,2,1.5,0.917
3tkf PEG 325 A,HEZ,PEG,0.335161250474,0.149913734826,0.185247515648,False,2,1.5,0.72
3tk8 EDO 320 A,SO4,EDO,0.644764785671,0.0148500277696,0.629914757901,False,6,1.79999995232,0.794
3tk8 EDO 317 C,GOL,EDO,0.513458530905,0.390905633665,0.122552897239,False,2,1.79999995232,0.902
3tk8 EDO 313 B,EDO,EDO,0.933496462097,0.933496462097,0.0,True,1,1.79999995232,0.88
3tk8 EDO 313 A,EDO,EDO,0.901688869834,0.901688869834,0.0,True,1,1.79999995232,0.936
3tjd PTR 1008 A,NAD,PTR_PTR,0.827585253137,0.0502572513469,0.77732800179,False,2,2.79999995232,0.899
3tjd PTR 1007 B,PTR_PTR,PTR_PTR,0.92933861269,0.92933861269,0.0,True,1,2.79999995232,0.916
3tjc PTR 1008 B,PTR_PTR,PTR_PTR,0.989822689372,0.989822689372,0.0,True,1,2.29999995232,0.833
3tjc PTR 1008 A,NAD,PTR_PTR,0.384277610172,0.0936417359061,0.290635874266,False,3,2.29999995232,0.857
3tiz EDO 303 A,EDO,EDO,0.513143857803,0.513143857803,0.0,True,1,2.0,0.903
3tiz EDO 301 A,GOL,EDO,0.466821690198,0.438072151776,0.0287495384218,False,2,2.0,0.91
3tiz EDO 300 A,GOL,EDO,0.601777834698,0.302646332908,0.29913150179,False,2,2.0,0.945
3tiy EDO 304 A,GOL,EDO,0.661337044196,0.266401216842,0.394935827354,False,2,1.79999995232,0.946
3tiy EDO 302 A,GOL,EDO,0.867371679377,0.0499846163933,0.817387062983,False,2,1.79999995232,0.9
3tiy EDO 299 A,EDO,EDO,0.751007456128,0.751007456128,0.0,True,1,1.79999995232,0.933
3tiv 1PE 463 B,PGE,1PE,0.469648966795,0.0216641391148,0.44798482768,False,6,1.79999995232,0.864
3tic NAG 604 D,BMA_MAN_NAG_NAG,BMA_MAN_NAG_NAG,0.953858918202,0.953858918202,0.0,True,1,1.89999997616,0.97
3tic NAG 604 C,BMA_MAN_NAG_NAG,BMA_MAN_NAG_NAG,0.815526830174,0.815526830174,0.0,True,1,1.89999997616,0.965
3tic NAG 604 B,BMA_MAN_NAG_NAG,BMA_MAN_NAG_NAG,0.963641986278,0.963641986278,0.0,True,1,1.89999997616,0.966
3tic NAG 604 A,BMA_MAN_NAG_NAG,BMA_MAN_NAG_NAG,0.941444530352,0.941444530352,0.0,True,1,1.89999997616,0.98
3tib NAG 604 C,BMA_MAN_NAG_NAG,BMA_MAN_NAG_NAG,0.956966118844,0.956966118844,0.0,True,1,2.20000004768,0.984
3tib NAG 604 B,BMA_MAN_NAG_NAG,BMA_MAN_NAG_NAG,0.598089042356,0.598089042356,0.0,True,1,2.20000004768,0.975
3tib NAG 604 A,BMA_MAN_NAG_NAG,BMA_MAN_NAG_NAG,0.517757894957,0.517757894957,0.0,True,1,2.20000004768,0.974
3ti1 EDO 307 A,EDO,EDO,0.5755774339,0.5755774339,0.0,True,1,2.0,0.949
3ti1 EDO 303 A,GOL,EDO,0.478655960057,0.422957345634,0.0556986144228,False,2,2.0,0.94
3ti1 EDO 302 A,EDO,EDO,0.679004529294,0.679004529294,0.0,True,1,2.0,0.939
3ti1 EDO 301 A,EDO,EDO,0.360659656281,0.360659656281,0.0,True,1,2.0,0.906
3ti1 EDO 300 A,ACT,EDO,0.419012328466,0.192432406924,0.226579921542,False,2,2.0,0.904
3thd EDO 1102 C,EDO,EDO,0.443777623771,0.443777623771,0.0,True,1,1.79999995232,0.973
3thd EDO 1102 B,EDO,EDO,0.428238908828,0.428238908828,0.0,True,1,1.79999995232,0.924
3thd EDO 1102 A,EDO,EDO,0.829522870842,0.829522870842,0.0,True,1,1.79999995232,0.978
3thd EDO 1101 D,EDO,EDO,0.214281321863,0.214281321863,0.0,True,1,1.79999995232,0.9
3thd EDO 1101 C,DMS,EDO,0.418286249592,0.0242397613875,0.394046488204,False,6,1.79999995232,0.816
3thd EDO 1101 B,SO4,EDO,0.631582028303,0.00392620927485,0.627655819028,False,8,1.79999995232,0.907
3thc EDO 1102 D,EDO,EDO,0.532304742679,0.532304742679,0.0,True,1,1.79999995232,0.967
3thc EDO 1102 C,EDO,EDO,0.652936777182,0.652936777182,0.0,True,1,1.79999995232,0.951
3thc EDO 1102 B,EDO,EDO,0.301175712223,0.301175712223,0.0,True,1,1.79999995232,0.883
3thc EDO 1102 A,EDO,EDO,0.852730925241,0.852730925241,0.0,True,1,1.79999995232,0.975
3thc EDO 1101 D,ACT,EDO,0.378111544698,0.221963918498,0.1561476262,False,2,1.79999995232,0.88
3thc EDO 1101 C,SO4,EDO,0.464038300138,0.110662132472,0.353376167667,False,3,1.79999995232,0.779
3thc EDO 1101 B,DMS,EDO,0.280196745984,0.165575437797,0.114621308187,False,3,1.79999995232,0.847
3thc EDO 1101 A,SO4,EDO,0.504246832681,0.0568737052202,0.44737312746,False,4,1.79999995232,0.736
3tgy EDO 609 A,SO4,EDO,0.912800299916,0.00348795501788,0.909312344898,False,7,2.40000009537,0.809
3tgm HEZ 234 A,GOL,HEZ,0.118426338659,0.015565738592,0.102860600067,False,13,2.90000009537,0.918
3tg3 EDO 3318 D,GOL,EDO,0.37027603887,0.0351238999576,0.335152138913,False,3,2.70000004768,0.9
3tg3 EDO 3318 C,SO4,EDO,0.703838247124,0.0217106208522,0.682127626272,False,3,2.70000004768,0.784
3tfo HEZ 265 C,MES,HEZ,0.156473852814,0.0253788558791,0.131094996935,False,10,2.09999990463,0.939
3tfo HEZ 265 A,GOL,HEZ,0.367724599375,0.00140903034775,0.366315569028,False,116,2.09999990463,0.918
3tfl EDO 500 A,EDO,EDO,0.432235913839,0.432235913839,0.0,True,1,2.09999990463,0.915
3tfl EDO 499 A,EDO,EDO,0.722609565158,0.722609565158,0.0,True,1,2.09999990463,0.961
3tfl EDO 498 A,ACT,EDO,0.242606702102,0.134222558609,0.108384143493,False,3,2.09999990463,0.955
3tfl EDO 497 A,EDO,EDO,0.635733458209,0.635733458209,0.0,True,1,2.09999990463,0.96
3tfl EDO 496 A,GOL,EDO,0.501388358054,0.371732069221,0.129656288833,False,2,2.09999990463,0.819
3tfl EDO 1 A,EDO,EDO,0.738185386375,0.738185386375,0.0,True,1,2.09999990463,0.964
3tep EDO 502 A,ACT,EDO,0.322897742332,0.25864018019,0.0642575621428,False,2,2.0,0.897
3tep EDO 501 A,EDO,EDO,0.443809465241,0.443809465241,0.0,True,1,2.0,0.984
3tep EDO 499 A,EDO,EDO,0.625868312755,0.625868312755,0.0,True,1,2.0,0.862
3tep EDO 498 A,EDO,EDO,0.684206861917,0.684206861917,0.0,True,1,2.0,0.939
3tep EDO 497 A,EDO,EDO,0.619134934079,0.619134934079,0.0,True,1,2.0,0.952
3tep EDO 496 A,GOL,EDO,0.842031399279,0.047590740433,0.794440658846,False,2,2.0,0.92
3tep EDO 495 A,EDO,EDO,0.423235503883,0.423235503883,0.0,True,1,2.0,0.978
3tel EDO 502 A,EDO,EDO,0.67372224649,0.67372224649,0.0,True,1,1.79999995232,0.702
3tel EDO 500 A,EDO,EDO,0.855502304082,0.855502304082,0.0,True,1,1.79999995232,0.952
3te9 PGE 323 B,PEG,PGE,0.64032832234,0.0586286541201,0.58169966822,False,3,1.79999995232,0.897
3te9 PEG 323 A,PEG,PEG,0.55688531941,0.55688531941,0.0,True,1,1.79999995232,0.921
3tdg P6G 401 A,GOL,P6G,0.220209598164,0.110394521163,0.109815077001,False,2,2.09999990463,0.818
3td9 EDO 411 A,GOL,EDO,0.238177229518,0.22457306414,0.0136041653781,False,3,1.89999997616,0.918
3td9 EDO 410 A,EDO,EDO,0.424125709054,0.424125709054,0.0,True,1,1.89999997616,0.96
3td9 EDO 409 A,EDO,EDO,0.310412941654,0.310412941654,0.0,True,1,1.89999997616,0.951
3td9 EDO 408 A,SO4,EDO,0.601320143931,0.0394838502604,0.56183629367,False,4,1.89999997616,0.833
3td9 EDO 406 A,SO4,EDO,0.230205793716,0.0716580393368,0.158547754379,False,4,1.89999997616,0.785
3td9 EDO 405 A,EDO,EDO,0.575324567679,0.575324567679,0.0,True,1,1.89999997616,0.923
3td9 EDO 404 A,EDO,EDO,0.847760386632,0.847760386632,0.0,True,1,1.89999997616,0.959
3td9 EDO 403 A,EDO,EDO,0.869267138988,0.869267138988,0.0,True,1,1.89999997616,0.986
3td9 EDO 402 A,GOL,EDO,0.562972317718,0.363240583464,0.199731734254,False,2,1.89999997616,0.938
3tco EDO 507 C,EDO,EDO,0.565992198835,0.565992198835,0.0,True,1,1.89999997616,0.932
3tco EDO 506 A,EDO,EDO,0.969544877861,0.969544877861,0.0,True,1,1.89999997616,0.772
3tco EDO 505 C,EDO,EDO,0.86122476192,0.86122476192,0.0,True,1,1.89999997616,0.95
3tco EDO 504 A,EDO,EDO,0.526017218967,0.526017218967,0.0,True,1,1.89999997616,0.935
3tco EDO 503 C,GOL,EDO,0.810681723106,0.0953365694972,0.715345153609,False,2,1.89999997616,0.97
3tco EDO 502 B,EDO,EDO,0.933725803214,0.933725803214,0.0,True,1,1.89999997616,0.98
3tco EDO 501 A,EDO,EDO,0.989173471359,0.989173471359,0.0,True,1,1.89999997616,0.959
3tco EDO 500 A,EDO,EDO,0.80922629017,0.80922629017,0.0,True,1,1.89999997616,0.971
3tc9 EDO 496 A,EDO,EDO,0.32752412894,0.32752412894,0.0,True,1,2.20000004768,0.801
3tc9 EDO 495 A,SO4,EDO,0.36877224073,0.194186438098,0.174585802632,False,3,2.20000004768,0.921
3tc9 EDO 494 B,SO4,EDO,0.544124364338,0.0133767744053,0.530747589933,False,4,2.20000004768,0.908
3tc9 EDO 493 A,GOL,EDO,0.270640725717,0.115048788076,0.155591937641,False,4,2.20000004768,0.925
3tc9 EDO 492 A,GOL,EDO,0.240933166043,0.218296700563,0.0226364654805,False,2,2.20000004768,0.942
3tc9 EDO 490 A,GOL,EDO,0.616803903055,0.125809357014,0.490994546041,False,2,2.20000004768,0.863
3tc9 EDO 489 B,GOL,EDO,0.421866232142,0.386096326377,0.0357699057649,False,2,2.20000004768,0.911
3tc9 EDO 488 B,SO4,EDO,0.374365651116,0.140690889299,0.233674761817,False,3,2.20000004768,0.869
3tc9 EDO 487 A,EDO,EDO,0.235175881363,0.235175881363,0.0,True,1,2.20000004768,0.971
3tc9 EDO 486 B,SO4,EDO,0.359988415248,0.107673457999,0.252314957249,False,4,2.20000004768,0.922
3tc9 EDO 485 A,SO4,EDO,0.339784818933,0.0169183366604,0.322866482273,False,6,2.20000004768,0.931
3tc9 EDO 484 A,GOL,EDO,0.499717847045,0.167551687571,0.332166159474,False,2,2.20000004768,0.919
3tc9 EDO 483 A,GOL,EDO,0.559211644195,0.054240306751,0.504971337444,False,3,2.20000004768,0.953
3tc9 EDO 482 A,EDO,EDO,0.289157690002,0.289157690002,0.0,True,1,2.20000004768,0.973
3tc8 EDO 401 A,EDO,EDO,0.88447021743,0.88447021743,0.0,True,1,1.10000002384,0.834
3tc6 PEG 402 A,PEG,PEG,0.842632658703,0.842632658703,0.0,True,1,1.60000002384,0.738
3tc6 PEG 401 A,PG4,PEG,0.37967190591,0.0841342735945,0.295537632316,False,3,1.60000002384,0.855
3tc5 P6G 165 A,P6G,P6G,0.433288553091,0.433288553091,0.0,True,1,1.39999997616,0.936
3tbk EDO 795 A,EDO,EDO,0.620394601917,0.620394601917,0.0,True,1,2.09999990463,0.96
3tbj EDO 308 A,GOL,EDO,0.283328816642,0.202589757305,0.0807390593368,False,3,1.79999995232,0.877
3tbj EDO 307 A,EDO,EDO,0.400680351673,0.400680351673,0.0,True,1,1.79999995232,0.918
3tbj EDO 306 A,EDO,EDO,0.958520491749,0.958520491749,0.0,True,1,1.79999995232,0.962
3tb2 EDO 228 C,GOL,EDO,0.512156092013,0.0317238286092,0.480432263404,False,3,2.29999995232,0.75
3tb2 EDO 228 A,EDO,EDO,0.42550080061,0.42550080061,0.0,True,1,2.29999995232,0.926
3tb2 EDO 227 D,EDO,EDO,0.505217155819,0.505217155819,0.0,True,1,2.29999995232,0.967
3tb2 EDO 227 C,EDO,EDO,0.61720819796,0.61720819796,0.0,True,1,2.29999995232,0.905
3tb2 EDO 226 D,GOL,EDO,0.422312725196,0.254040158451,0.168272566745,False,2,2.29999995232,0.963
3tb2 EDO 226 A,EDO,EDO,0.312733228955,0.312733228955,0.0,True,1,2.29999995232,0.869
3tb2 EDO 225 D,SO4,EDO,0.314652208366,0.184592093318,0.130060115048,False,2,2.29999995232,0.919
3tb2 EDO 225 C,EDO,EDO,0.396117840992,0.396117840992,0.0,True,1,2.29999995232,0.907
3tb2 EDO 224 C,EDO,EDO,0.706706293027,0.706706293027,0.0,True,1,2.29999995232,0.988
3tb2 EDO 224 B,EDO,EDO,0.324348747708,0.324348747708,0.0,True,1,2.29999995232,0.846
3tb2 EDO 224 A,GOL,EDO,0.59053685064,0.0693868315785,0.521150019061,False,2,2.29999995232,0.958
3tb2 EDO 223 D,GOL,EDO,0.399113078825,0.384364884646,0.0147481941794,False,2,2.29999995232,0.954
3tb2 EDO 223 C,EDO,EDO,0.779612157828,0.779612157828,0.0,True,1,2.29999995232,0.958
3tb2 EDO 223 B,EDO,EDO,0.295669334725,0.295669334725,0.0,True,1,2.29999995232,0.89
3tb0 1PE 304 A,GOL,1PE,0.212883661028,0.0154569128738,0.197426748154,False,11,2.0,0.852
3ta8 EDO 203 A,GOL,EDO,0.529447813572,0.0927586835591,0.436689130013,False,3,2.5,0.859
3ta3 NAG 511 A,NAG,FUC_NAG_NAG,0.527894428396,0.00366173836863,0.524232690027,False,16,2.70000004768,0.931
3t9y PGE 205 A,PG4,PGE,0.398426898701,0.0609683227862,0.337458575915,False,3,2.0,0.881
3t9y EDO 148 A,GOL,EDO,0.406253819889,0.00883433989265,0.397419479996,False,7,2.0,0.957
3t9n LMT 283 F,SO4,LMT,0.20249040861,0.0855536372679,0.116936771342,False,3,3.5,0.758
3t9n LMT 283 B,NAG_NAG,LMT,0.162142225059,0.011522527851,0.150619697208,False,15,3.5,0.678
3t9g EDO 208 B,SO4,EDO,0.357199838373,0.282713991694,0.0744858466795,False,2,1.5,0.753
3t8x NAG 2031 C,NAG_NAG,FUC_NAG_NAG,0.463050807314,0.276439483068,0.186611324246,False,2,1.89999997616,0.977
3t8x NAG 1011 A,FUC_NAG_NAG,FUC_NAG_NAG,0.197215077081,0.197215077081,0.0,True,1,1.89999997616,0.976
3t8w 1PE 623 G,GOL,1PE,0.396044269784,0.150945261324,0.24509900846,False,2,2.0,0.76
3t8w 1PE 622 I,1PE,1PE,0.846506906233,0.846506906233,0.0,True,1,2.0,0.951
3t8w 1PE 622 C,1PE,1PE,0.9416645263,0.9416645263,0.0,True,1,2.0,0.877
3t8w 1PE 621 I,1PE,1PE,0.393601031652,0.393601031652,0.0,True,1,2.0,0.878
3t8w 1PE 621 C,1PE,1PE,0.657565179313,0.657565179313,0.0,True,1,2.0,0.846
3t8w 1PE 620 J,SO4,1PE,0.350584810733,0.00584805785011,0.344736752883,False,12,2.0,0.895
3t8w 1PE 620 G,1PE,1PE,0.64729889822,0.64729889822,0.0,True,1,2.0,0.909
3t8w 1PE 620 E,1PE,1PE,0.880731392942,0.880731392942,0.0,True,1,2.0,0.928
3t8w 1PE 619 J,1PE,1PE,0.851396488471,0.851396488471,0.0,True,1,2.0,0.939
3t8w 1PE 618 K,1PE,1PE,0.410398892886,0.410398892886,0.0,True,1,2.0,0.885
3t8w 1PE 618 D,1PE,1PE,0.907231764379,0.907231764379,0.0,True,1,2.0,0.901
3t8w 1PE 618 A,1PE,1PE,0.963505746127,0.963505746127,0.0,True,1,2.0,0.916
3t8w 1PE 617 L,1PE,1PE,0.945669811121,0.945669811121,0.0,True,1,2.0,0.945
3t8w 1PE 616 F,1PE,1PE,0.676067634238,0.676067634238,0.0,True,1,2.0,0.884
3t8q MLI 370 B,GOL,MLI,0.727832396849,0.00126986916361,0.726562527685,False,19,2.0,0.868
3t8q MLI 370 A,GOL,MLI,0.453918916725,0.00228302540309,0.451635891322,False,27,2.0,0.837
3t8i PEG 310 C,GOL,PEG,0.364063593194,0.00051702327948,0.363546569915,False,190,1.79999995232,0.65
3t89 MLI 301 F,MLI,MLI,0.316817741954,0.316817741954,0.0,True,1,1.89999997616,0.912
3t89 MLI 301 E,MLI,MLI,0.400109581356,0.400109581356,0.0,True,1,1.89999997616,0.89
3t89 MLI 301 D,SO4,MLI,0.53883315595,0.0612865212663,0.477546634684,False,3,1.89999997616,0.915
3t89 MLI 301 C,PO4,MLI,0.168568760487,0.0309231859593,0.137645574527,False,7,1.89999997616,0.942
3t89 MLI 301 B,GOL,MLI,0.2882013031,0.0473869176096,0.24081438549,False,3,1.89999997616,0.948
3t89 MLI 301 A,MLI,MLI,0.374992613579,0.374992613579,0.0,True,1,1.89999997616,0.951
3t88 PGE 802 F,PEG,PGE,0.300599622958,0.149793546197,0.150806076761,False,2,2.0,0.913
3t88 PGE 702 E,1PE,PGE,0.495843870608,0.0600488067977,0.43579506381,False,4,2.0,0.925
3t88 PGE 602 D,PEG,PGE,0.852550338873,0.0113870335609,0.841163305312,False,4,2.0,0.938
3t88 PGE 502 C,1PE,PGE,0.363808789346,0.108089401041,0.255719388305,False,3,2.0,0.922
3t88 PGE 402 B,PEG,PGE,0.275047814719,0.0396536826505,0.235394132068,False,5,2.0,0.922
3t88 PGE 302 A,1PE,PGE,0.802132535518,0.0591705055825,0.742962029936,False,3,2.0,0.942
3t80 EDO 164 B,GOL,EDO,0.330386923525,0.0918574607211,0.238529462803,False,3,2.5,0.884
3t80 EDO 164 A,PEG,EDO,0.322240249344,0.0830557721898,0.239184477154,False,3,2.5,0.821
3t80 EDO 163 A,GOL,EDO,0.316328564221,0.0624630888507,0.253865475371,False,3,2.5,0.901
3t80 EDO 162 D,PEG,EDO,0.622023984845,0.012806133929,0.609217850916,False,6,2.5,0.819
3t80 EDO 162 B,EDO,EDO,0.247222621241,0.247222621241,0.0,True,1,2.5,0.785
3t80 EDO 161 F,C8E,EDO,0.195753834402,0.00782179070444,0.187932043697,False,18,2.5,0.946
3t80 EDO 161 C,GOL,EDO,0.277548726887,0.184743169212,0.0928055576749,False,2,2.5,0.737
3t80 EDO 161 B,EDO,EDO,0.363175814841,0.363175814841,0.0,True,1,2.5,0.708
3t80 EDO 160 F,SO4,EDO,0.317305773294,0.125129159407,0.192176613887,False,3,2.5,0.842
3t7o EDO 269 B,EDO,EDO,0.442100429519,0.442100429519,0.0,True,1,1.89999997616,0.892
3t7o EDO 269 A,EDO,EDO,0.742101047387,0.742101047387,0.0,True,1,1.89999997616,0.964
3t7o EDO 268 B,EDO,EDO,0.690545931224,0.690545931224,0.0,True,1,1.89999997616,0.877
3t7o EDO 268 A,SO4,EDO,0.776459178729,0.0125542159665,0.763904962763,False,6,1.89999997616,0.896
3t7o EDO 266 B,EDO,EDO,0.838192496674,0.838192496674,0.0,True,1,1.89999997616,0.97
3t7o EDO 266 A,EDO,EDO,0.198584319291,0.198584319291,0.0,True,1,1.89999997616,0.936
3t7m EDO 275 A,EDO,EDO,0.240296232193,0.240296232193,0.0,True,1,1.79999995232,0.91
3t7m EDO 272 B,BME,EDO,0.337612656457,0.227206853178,0.110405803279,False,2,1.79999995232,0.906
3t7m EDO 272 A,GOL,EDO,0.514517513229,0.332619844919,0.181897668311,False,2,1.79999995232,0.944
3t7m EDO 269 B,EDO,EDO,0.714444796097,0.714444796097,0.0,True,1,1.79999995232,0.929
3t7m EDO 268 B,EDO,EDO,0.801110562025,0.801110562025,0.0,True,1,1.79999995232,0.94
3t7m EDO 268 A,EDO,EDO,0.616291856142,0.616291856142,0.0,True,1,1.79999995232,0.709
3t7m EDO 267 B,SO4,EDO,0.664002901238,0.0226871279673,0.641315773271,False,5,1.79999995232,0.924
3t7m EDO 267 A,EDO,EDO,0.514694587697,0.514694587697,0.0,True,1,1.79999995232,0.967
3t7m EDO 266 B,SO4,EDO,0.522594038976,0.0141009626973,0.508493076279,False,9,1.79999995232,0.904
3t7m EDO 266 A,GOL,EDO,0.34956095927,0.324958087449,0.0246028718216,False,2,1.79999995232,0.689
3t7m EDO 265 B,EDO,EDO,0.775946121451,0.775946121451,0.0,True,1,1.79999995232,0.969
3t7m EDO 265 A,SO4,EDO,0.799133096894,0.00925047079533,0.789882626099,False,7,1.79999995232,0.88
3t7a EDO 8 A,EDO,EDO,0.813500090172,0.813500090172,0.0,True,1,1.70000004768,0.967
3t7a EDO 6 A,EDO,EDO,0.462549118214,0.462549118214,0.0,True,1,1.70000004768,0.753
3t7a EDO 5 A,EDO,EDO,0.522523097355,0.522523097355,0.0,True,1,1.70000004768,0.77
3t7a EDO 4 A,EDO,EDO,0.469589681088,0.469589681088,0.0,True,1,1.70000004768,0.892
3t78 MLI 274 A,SO4,MLI,0.342600546448,0.0255348259288,0.31706572052,False,6,1.60000002384,0.957
3t6l EDO 5001 A,EDO,EDO,0.838714057543,0.838714057543,0.0,True,1,1.29999995232,0.921
3t6k EDO 143 A,EDO,EDO,0.750463987922,0.750463987922,0.0,True,1,1.89999997616,0.958
3t6k EDO 142 B,GOL,EDO,0.417888815417,0.394481439449,0.0234073759682,False,2,1.89999997616,0.969
3t6k EDO 141 B,EDO,EDO,0.620774915514,0.620774915514,0.0,True,1,1.89999997616,0.971
3t6c EDO 709 B,GOL,EDO,0.660438742132,0.220939291618,0.439499450514,False,2,1.60000002384,0.966
3t6c EDO 708 B,FMT,EDO,0.737630794232,0.0764492585014,0.661181535731,False,2,1.60000002384,0.926
3t6c EDO 707 B,GOL,EDO,0.598637653372,0.337138123515,0.261499529858,False,2,1.60000002384,0.935
3t6c EDO 706 A,EDO,EDO,0.841989178122,0.841989178122,0.0,True,1,1.60000002384,0.972
3t6c EDO 705 A,EDO,EDO,0.80825471078,0.80825471078,0.0,True,1,1.60000002384,0.89
3t6c EDO 704 B,EDO,EDO,0.443505665964,0.443505665964,0.0,True,1,1.60000002384,0.951
3t6c EDO 702 B,EDO,EDO,0.635454769228,0.635454769228,0.0,True,1,1.60000002384,0.927
3t6c EDO 701 A,EDO,EDO,0.789091843093,0.789091843093,0.0,True,1,1.60000002384,0.919
3t55 MLI 274 A,GOL,MLI,0.373865471408,0.114749756307,0.2591157151,False,2,2.09999990463,0.97
3t4s MLI 1 B,MLI,MLI,0.646863120091,0.646863120091,0.0,True,1,1.60000002384,0.914
3t4q MLI 1 B,GOL,MLI,0.535787849405,0.00433844163504,0.53144940777,False,10,2.29999995232,0.927
3t4p PEG 401 A,PEG,PEG,0.341488656018,0.341488656018,0.0,True,1,1.79999995232,0.824
3t4o MLI 1 A,GOL,MLI,0.229274175417,0.00265398221924,0.226620193198,False,16,1.79999995232,0.928
3t4l MLI 1 A,GOL,MLI,0.368374222652,0.234280514066,0.134093708586,False,2,1.5,0.92
3t4k MLI 1 B,ACT,MLI,0.251723112644,0.00407417106619,0.247648941578,False,18,1.79999995232,0.941
3t4j MLI 1 B,ACT,MLI,0.249666439183,0.0011630561416,0.248503383042,False,27,1.70000004768,0.916
3t3w EDO 304 F,EDO,EDO,0.525507848212,0.525507848212,0.0,True,1,1.79999995232,0.961
3t3w EDO 303 F,EDO,EDO,0.916431192067,0.916431192067,0.0,True,1,1.79999995232,0.966
3t3w EDO 303 D,EDO,EDO,0.675124487396,0.675124487396,0.0,True,1,1.79999995232,0.962
3t3w EDO 303 C,EDO,EDO,0.622290268698,0.622290268698,0.0,True,1,1.79999995232,0.932
3t3w EDO 303 B,EDO,EDO,0.593037507377,0.593037507377,0.0,True,1,1.79999995232,0.907
3t3w EDO 303 A,EDO,EDO,0.66537848023,0.66537848023,0.0,True,1,1.79999995232,0.966
3t3v EDO 711 A,EDO,EDO,0.575702868,0.575702868,0.0,True,1,2.0,0.67
3t3u EDO 714 A,EDO,EDO,0.35523779368,0.35523779368,0.0,True,1,2.09999990463,0.815
3t3u EDO 713 A,EDO,EDO,0.419722616102,0.419722616102,0.0,True,1,2.09999990463,0.911
3t3u EDO 712 A,EDO,EDO,0.714315856837,0.714315856837,0.0,True,1,2.09999990463,0.907
3t31 LMT 501 A,LMT,LMT,0.786069594492,0.786069594492,0.0,True,1,2.29999995232,0.902
3t0x EDO 208 A,EDO,EDO,0.671575192575,0.671575192575,0.0,True,1,2.0,0.922
3t0x EDO 207 A,SO4,EDO,0.314984251413,0.179002917411,0.135981334001,False,3,2.0,0.853
3t0x EDO 202 A,GOL,EDO,0.584019833217,0.333175634424,0.250844198793,False,2,2.0,0.974
3t0v EDO 205 A,EDO,EDO,0.53715556246,0.53715556246,0.0,True,1,1.5,0.851
3t0q EDO 1 A,EDO,EDO,0.65695419473,0.65695419473,0.0,True,1,2.29999995232,0.965
3t0p EDO 382 A,GOL,EDO,0.30324250101,0.143704391378,0.159538109632,False,3,2.29999995232,0.913
3t0p EDO 380 B,EDO,EDO,0.325373569233,0.325373569233,0.0,True,1,2.29999995232,0.934
3sz9 EDO 6951 F,EDO,EDO,0.443366190359,0.443366190359,0.0,True,1,2.09999990463,0.927
3sz9 EDO 6921 H,SO4,EDO,0.530294415242,0.0168465920063,0.513447823236,False,5,2.09999990463,0.871
3sz9 EDO 6921 G,DMS,EDO,0.209667598394,0.187933695118,0.0217339032759,False,2,2.09999990463,0.92
3sz9 EDO 6921 F,DMS,EDO,0.248966883863,0.200480330639,0.0484865532244,False,2,2.09999990463,0.882
3sz9 EDO 6921 E,DMS,EDO,0.440259770223,0.197399543945,0.242860226279,False,2,2.09999990463,0.921
3sz9 EDO 6921 C,SO4,EDO,0.29654498294,0.209295931888,0.0872490510518,False,2,2.09999990463,0.931
3sz9 EDO 6921 A,GOL,EDO,0.252031795551,0.0624584523783,0.189573343173,False,4,2.09999990463,0.95
3sz9 EDO 6911 F,EDO,EDO,0.495141283517,0.495141283517,0.0,True,1,2.09999990463,0.942
3sz9 EDO 6911 B,EDO,EDO,0.606086957775,0.606086957775,0.0,True,1,2.09999990463,0.948
3sz9 EDO 6901 H,EDO,EDO,0.49211856515,0.49211856515,0.0,True,1,2.09999990463,0.956
3sz9 EDO 6901 F,EDO,EDO,0.509480447375,0.509480447375,0.0,True,1,2.09999990463,0.908
3sz9 EDO 6901 E,GOL,EDO,0.601762302105,0.208884126994,0.392878175111,False,2,2.09999990463,0.972
3sz9 EDO 6901 D,GOL,EDO,0.478491222176,0.260210904541,0.218280317636,False,2,2.09999990463,0.917
3sz9 EDO 6901 C,EDO,EDO,0.606898074972,0.606898074972,0.0,True,1,2.09999990463,0.955
3sz9 EDO 6901 A,EDO,EDO,0.547899659819,0.547899659819,0.0,True,1,2.09999990463,0.963
3sz9 EDO 501 F,EDO,EDO,0.6569267945,0.6569267945,0.0,True,1,2.09999990463,0.955
3sys EDO 399 B,EDO,EDO,0.689422719811,0.689422719811,0.0,True,1,1.60000002384,0.682
3sxv EDO 606 A,DMS,EDO,0.261849738079,0.163935440877,0.0979142972016,False,2,2.09999990463,0.835
3sxv EDO 603 A,DMS,EDO,0.246645779021,0.0755895719203,0.1710562071,False,4,2.09999990463,0.77
3sxv EDO 598 A,SO4,EDO,0.831553803452,0.00491275430902,0.826641049143,False,7,2.09999990463,0.868
3sxt EDO 406 A,EDO,EDO,0.761310634874,0.761310634874,0.0,True,1,1.79999995232,0.853
3sxh THP 150 A,THP,THP,0.979928919312,0.979928919312,0.0,True,1,1.39999997616,0.973
3sxf EDO 712 A,GOL,EDO,0.477409605075,0.0475791170065,0.429830488068,False,4,2.0,0.933
3sxd PEG 3 A,EDO,PEG,0.755459196374,0.00248735181337,0.752971844561,False,13,1.5,0.827
3sxb PEG 3 A,GOL,PEG,0.602486070229,0.0104009157793,0.592085154449,False,8,1.5,0.781
3sx8 PEG 3 A,GOL,PEG,0.368245220217,0.00614151976621,0.362103700451,False,14,1.5,0.876
3sx3 UDP 1 A,MN_UDP,MN_UDP,0.951751018468,0.951751018468,0.0,True,1,1.39999997616,0.938
3swx EDO 262 B,GOL,EDO,0.476263270773,0.0379658712817,0.438297399491,False,4,2.09999990463,0.882
3swt EDO 300 A,SO4,EDO,0.687422724965,0.0197405439449,0.667682181021,False,5,2.09999990463,0.934
3sws EDO 374 A,EDO,EDO,0.810853351372,0.810853351372,0.0,True,1,1.89999997616,0.915
3sws 1PE 390 D,PG4,1PE,0.385705654654,0.205130406876,0.180575247777,False,2,1.89999997616,0.917
3swr EDO 125 A,GOL,EDO,0.640089606483,0.0757750548527,0.56431455163,False,2,2.5,0.842
3swr EDO 122 A,EDO,EDO,0.541021721472,0.541021721472,0.0,True,1,2.5,0.822
3swr EDO 121 A,EDO,EDO,0.358339620362,0.358339620362,0.0,True,1,2.5,0.886
3swr EDO 118 A,GOL,EDO,0.634193159221,0.139318515233,0.494874643988,False,2,2.5,0.967
3swr EDO 117 A,SO4,EDO,0.390436490385,0.202942482299,0.187494008087,False,2,2.5,0.967
3swr EDO 115 A,EDO,EDO,0.515008613819,0.515008613819,0.0,True,1,2.5,0.816
3swr EDO 114 A,EDO,EDO,0.680117245942,0.680117245942,0.0,True,1,2.5,0.913
3swr EDO 112 A,EDO,EDO,0.709236445265,0.709236445265,0.0,True,1,2.5,0.868
3swr EDO 111 A,GOL,EDO,0.553967192704,0.106587194927,0.447379997777,False,2,2.5,0.959
3swr EDO 110 A,EDO,EDO,0.717028126935,0.717028126935,0.0,True,1,2.5,0.86
3swr EDO 109 A,GOL,EDO,0.268909956736,0.208047790827,0.0608621659086,False,2,2.5,0.78
3swr EDO 108 A,EDO,EDO,0.639576624498,0.639576624498,0.0,True,1,2.5,0.894
3swr EDO 107 A,GOL,EDO,0.253532963312,0.182198429419,0.0713345338924,False,2,2.5,0.906
3swr EDO 105 A,GOL,EDO,0.391618164564,0.189213016783,0.202405147781,False,2,2.5,0.899
3swr EDO 104 A,EDO,EDO,0.770615832359,0.770615832359,0.0,True,1,2.5,0.922
3swr EDO 103 A,GOL,EDO,0.618483003194,0.163127961234,0.455355041961,False,2,2.5,0.955
3swr EDO 102 A,GOL,EDO,0.538086761327,0.293395468631,0.244691292697,False,2,2.5,0.905
3swr EDO 101 A,SO4,EDO,0.196201387024,0.0121931605282,0.184008226496,False,16,2.5,0.837
3swq PGE 420 A,GOL,PGE,0.483555203728,0.0216611832792,0.461894020449,False,5,1.79999995232,0.81
3swq EDO 434 A,GOL,EDO,0.548895049897,0.309105270668,0.239789779229,False,2,1.79999995232,0.887
3swq EDO 426 A,EDO,EDO,0.458971409969,0.458971409969,0.0,True,1,1.79999995232,0.947
3swq EDO 422 A,GOL,EDO,0.383210101332,0.339150819325,0.0440592820072,False,2,1.79999995232,0.946
3swo EDO 505 C,EDO,EDO,0.919993457124,0.919993457124,0.0,True,1,1.5,0.889
3swo EDO 503 D,EDO,EDO,0.832509193068,0.832509193068,0.0,True,1,1.5,0.914
3swo EDO 503 C,EDO,EDO,0.422292635646,0.422292635646,0.0,True,1,1.5,0.921
3swo EDO 503 B,EDO,EDO,0.704471734517,0.704471734517,0.0,True,1,1.5,0.931
3swo EDO 501 B,EDO,EDO,0.967673383881,0.967673383881,0.0,True,1,1.5,0.973
3swo EDO 501 A,EDO,EDO,0.956347690724,0.956347690724,0.0,True,1,1.5,0.979
3swg PEG 506 A,EDO,PEG,0.439942259942,0.00814796105017,0.431794298892,False,9,1.79999995232,0.868
3swg PEG 505 A,GOL,PEG,0.22872810244,0.119596985137,0.109131117304,False,3,1.79999995232,0.906
3swg EDO 514 A,PGE,EDO,0.220277893484,0.111946284651,0.108331608833,False,3,1.79999995232,0.715
3swg EDO 512 A,SO4,EDO,0.22513232096,0.191370156338,0.0337621646223,False,2,1.79999995232,0.838
3swg EDO 511 A,EDO,EDO,0.312354146522,0.312354146522,0.0,True,1,1.79999995232,0.894
3swg EDO 509 A,EDO,EDO,0.569137229467,0.569137229467,0.0,True,1,1.79999995232,0.916
3swg EDO 508 A,EDO,EDO,0.513549305759,0.513549305759,0.0,True,1,1.79999995232,0.871
3swg EDO 507 A,PEG,EDO,0.525155423913,0.15198574763,0.373169676283,False,2,1.79999995232,0.805
3swa EDO 424 B,SO4,EDO,0.411915795066,0.075592443559,0.336323351507,False,3,1.89999997616,0.898
3swa EDO 422 B,EDO,EDO,0.789239714008,0.789239714008,0.0,True,1,1.89999997616,0.89
3swa EDO 421 B,EDO,EDO,0.847541252452,0.847541252452,0.0,True,1,1.89999997616,0.933
3swa EDO 421 A,EDO,EDO,0.653333520318,0.653333520318,0.0,True,1,1.89999997616,0.947
3swa EDO 420 B,EDO,EDO,0.863375910669,0.863375910669,0.0,True,1,1.89999997616,0.967
3sw9 SFG 102 B,SAH,SFG,0.37675497325,0.0614902029077,0.315264770343,False,3,3.0,0.893
3sw9 SFG 101 A,NAG,SFG,0.128582299826,0.0137786715037,0.114803628322,False,12,3.0,0.92
3svw PEG 374 B,GOL,PEG,0.350220229813,0.00420344265652,0.346016787157,False,31,1.89999997616,0.863
3svw EDO 375 B,EDO,EDO,0.493007673076,0.493007673076,0.0,True,1,1.89999997616,0.926
3svg EDO 1 A,EDO,EDO,0.464831153318,0.464831153318,0.0,True,1,1.70000004768,0.962
3sva PEG 121 A,SO4,PEG,0.422884403334,0.0153742561957,0.407510147138,False,8,3.0,0.826
3su9 EDO 425 A,EDO,EDO,0.707777164652,0.707777164652,0.0,True,1,2.20000004768,0.842
3su9 EDO 420 A,EDO,EDO,0.4135440641,0.4135440641,0.0,True,1,2.20000004768,0.95
3sth EDO 704 C,SO4,EDO,0.206010795772,0.152860005566,0.0531507902064,False,2,2.29999995232,0.923
3sth EDO 703 C,EDO,EDO,0.632769335448,0.632769335448,0.0,True,1,2.29999995232,0.896
3sth EDO 703 B,EDO,EDO,0.527343250057,0.527343250057,0.0,True,1,2.29999995232,0.861
3sth EDO 703 A,EDO,EDO,0.601001449945,0.601001449945,0.0,True,1,2.29999995232,0.927
3sth EDO 702 D,EDO,EDO,0.708948204526,0.708948204526,0.0,True,1,2.29999995232,0.904
3sth EDO 702 C,EDO,EDO,0.538302978045,0.538302978045,0.0,True,1,2.29999995232,0.922
3sth EDO 702 B,GOL,EDO,0.221404046037,0.195726482951,0.0256775630862,False,2,2.29999995232,0.925
3sth EDO 702 A,EDO,EDO,0.302166842667,0.302166842667,0.0,True,1,2.29999995232,0.901
3sth EDO 701 D,EDO,EDO,0.570315966198,0.570315966198,0.0,True,1,2.29999995232,0.939
3sth EDO 701 C,EDO,EDO,0.400231783465,0.400231783465,0.0,True,1,2.29999995232,0.95
3sth EDO 701 B,EDO,EDO,0.515788252847,0.515788252847,0.0,True,1,2.29999995232,0.979
3sth EDO 701 A,EDO,EDO,0.519145978084,0.519145978084,0.0,True,1,2.29999995232,0.962
3ssa PGE 471 A,GOL,PGE,0.81022699644,0.00280246274413,0.807424533696,False,6,1.70000004768,0.87
3ssa PEG 6073 B,GOL,PEG,0.704980400507,0.00279957099882,0.702180829508,False,5,1.70000004768,0.919
3ssa PEG 470 A,DMS,PEG,0.741650062119,0.000695402891762,0.740954659227,False,21,1.70000004768,0.81
3ssa PEG 465 B,GOL,PEG,0.312880427689,0.00776709852276,0.305113329166,False,12,1.70000004768,0.703
3ssa 1PE 466 A,GOL,1PE,0.177637885431,0.160399198666,0.0172386867652,False,3,1.70000004768,0.953
3ssa 1PE 464 A,PGE,1PE,0.304710773062,0.0288391592319,0.27587161383,False,6,1.70000004768,0.843
3src EDO 8 A,GOL,EDO,0.448440125598,0.271183874925,0.177256250672,False,2,2.0,0.949
3src EDO 5 A,EDO,EDO,0.818301714641,0.818301714641,0.0,True,1,2.0,0.966
3src EDO 4 A,GOL,EDO,0.82951368134,0.069448393078,0.760065288262,False,2,2.0,0.936
3src EDO 3 A,EDO,EDO,0.692532790347,0.692532790347,0.0,True,1,2.0,0.895
3src EDO 23 B,GOL,EDO,0.37793714459,0.17038293441,0.20755421018,False,2,2.0,0.962
3src EDO 22 A,GOL,EDO,0.451172118877,0.285717612716,0.165454506161,False,2,2.0,0.925
3src EDO 21 B,EDO,EDO,0.531808523666,0.531808523666,0.0,True,1,2.0,0.909
3src EDO 20 B,EDO,EDO,0.418580103778,0.418580103778,0.0,True,1,2.0,0.91
3src EDO 2 A,EDO,EDO,0.926261106586,0.926261106586,0.0,True,1,2.0,0.949
3src EDO 19 B,EDO,EDO,0.383227453618,0.383227453618,0.0,True,1,2.0,0.902
3src EDO 18 B,EDO,EDO,0.489762517274,0.489762517274,0.0,True,1,2.0,0.896
3src EDO 17 B,EDO,EDO,0.861367476579,0.861367476579,0.0,True,1,2.0,0.891
3src EDO 16 B,EDO,EDO,0.796870160773,0.796870160773,0.0,True,1,2.0,0.81
3src EDO 14 B,SO4,EDO,0.261038028408,0.183430755655,0.0776072727523,False,2,2.0,0.852
3src EDO 13 B,EDO,EDO,0.522116842615,0.522116842615,0.0,True,1,2.0,0.917
3src EDO 10 A,NO3,EDO,0.740367230208,0.0416605426956,0.698706687513,False,4,2.0,0.852
3srb EDO 8 A,GOL,EDO,0.651868740623,0.0506314604817,0.601237280142,False,2,1.79999995232,0.963
3srb EDO 7 B,EDO,EDO,0.459832997821,0.459832997821,0.0,True,1,1.79999995232,0.879
3srb EDO 6 B,ACT,EDO,0.233709521645,0.0554635160769,0.178246005568,False,5,1.79999995232,0.75
3srb EDO 5 B,GOL,EDO,0.6084181905,0.113805261531,0.494612928968,False,2,1.79999995232,0.784
3srb EDO 3 B,EDO,EDO,0.647410009992,0.647410009992,0.0,True,1,1.79999995232,0.95
3srb EDO 2 A,EDO,EDO,0.643772743254,0.643772743254,0.0,True,1,1.79999995232,0.962
3srb EDO 10 A,EDO,EDO,0.520137384271,0.520137384271,0.0,True,1,1.79999995232,0.937
3srb EDO 1 A,EDO,EDO,0.787121832099,0.787121832099,0.0,True,1,1.79999995232,0.92
3sra EDO 8 A,EDO,EDO,0.426953163347,0.426953163347,0.0,True,1,2.29999995232,0.859
3sra EDO 7 A,SO4,EDO,0.204825031332,0.0867068058449,0.118118225487,False,3,2.29999995232,0.784
3sra EDO 5 A,GOL,EDO,0.722736627207,0.105296393094,0.617440234114,False,2,2.29999995232,0.829
3sra EDO 4 A,EDO,EDO,0.509649770974,0.509649770974,0.0,True,1,2.29999995232,0.908
3sra EDO 3 A,EDO,EDO,0.923841589198,0.923841589198,0.0,True,1,2.29999995232,0.963
3sra EDO 20 A,GOL,EDO,0.376475765917,0.202764636924,0.173711128993,False,2,2.29999995232,0.887
3sra EDO 2 A,GOL,EDO,0.432639721413,0.259174113349,0.173465608064,False,2,2.29999995232,0.859
3sra EDO 19 B,EDO,EDO,0.748637077355,0.748637077355,0.0,True,1,2.29999995232,0.931
3sra EDO 18 B,GOL,EDO,0.563959715909,0.141434122242,0.422525593667,False,2,2.29999995232,0.917
3sra EDO 17 B,SO4,EDO,0.276267684495,0.0353121614066,0.240955523089,False,5,2.29999995232,0.806
3sra EDO 16 B,SO4,EDO,0.437466298512,0.0241865984201,0.413279700092,False,4,2.29999995232,0.878
3sra EDO 15 B,EDO,EDO,0.259726361227,0.259726361227,0.0,True,1,2.29999995232,0.938
3sra EDO 14 B,SO4,EDO,0.320211179475,0.0755203317298,0.244690847745,False,5,2.29999995232,0.806
3sra EDO 13 B,DMS,EDO,0.653180796447,0.0328516177345,0.620329178713,False,4,2.29999995232,0.876
3sra EDO 11 A,EDO,EDO,0.329140168351,0.329140168351,0.0,True,1,2.29999995232,0.876
3sra EDO 10 A,EDO,EDO,0.534107573592,0.534107573592,0.0,True,1,2.29999995232,0.921
3sra EDO 1 B,GOL,EDO,0.386419861155,0.133870433512,0.252549427643,False,2,2.29999995232,0.796
3sqm PEG 542 B,GOL,PEG,0.522471394219,0.0165971069231,0.505874287296,False,6,2.70000004768,0.915
3sql PEG 542 B,GOL,PEG,0.702985982048,0.000573072568451,0.70241290948,False,41,2.20000004768,0.686
3sql EDO 546 B,GOL,EDO,0.626504716212,0.220897738661,0.40560697755,False,2,2.20000004768,0.82
3sql EDO 545 A,GOL,EDO,0.184159594064,0.00909796066794,0.175061633396,False,16,2.20000004768,0.926
3sql EDO 544 A,GOL,EDO,0.319615273754,0.280909873907,0.038705399847,False,2,2.20000004768,0.878
3sqb PEG 212 A,SO4,PEG,0.302238643858,0.00163336960779,0.30060527425,False,27,3.20000004768,0.767
3sq6 NAG 801 D,NAG,NAG,0.78315379588,0.78315379588,0.0,True,1,2.79999995232,0.731
3spx PEG 337 A,EDO,PEG,0.7516473063,0.0155340072483,0.736113299052,False,4,1.79999995232,0.721
3sov NAG 400 A,NAG,NAG,0.907053165136,0.907053165136,0.0,True,1,1.29999995232,0.911
3sot EDO 342 C,SO4,EDO,0.496991673128,0.0415534713879,0.45543820174,False,4,2.79999995232,0.877
3sot EDO 341 B,GOL,EDO,0.390354658921,0.309422959544,0.0809316993773,False,2,2.79999995232,0.95
3sot EDO 340 A,SO4,EDO,0.354572440872,0.140376080848,0.214196360023,False,2,2.79999995232,0.916
3sog EDO 1 A,EDO,EDO,0.770840507338,0.770840507338,0.0,True,1,2.29999995232,0.976
3soe EDO 1 A,GOL,EDO,0.62426972331,0.140591160508,0.483678562803,False,2,1.60000002384,0.813
3soc EDO 5 A,EDO,EDO,0.750937499219,0.750937499219,0.0,True,1,2.0,0.952
3soc EDO 489 B,EDO,EDO,0.678184440909,0.678184440909,0.0,True,1,2.0,0.986
3soc EDO 4 A,EDO,EDO,0.580761288268,0.580761288268,0.0,True,1,2.0,0.858
3soc EDO 3 A,EDO,EDO,0.71678560483,0.71678560483,0.0,True,1,2.0,0.967
3soc EDO 2 B,GOL,EDO,0.534717025748,0.123154260627,0.411562765122,False,3,2.0,0.927
3soc EDO 10 B,EDO,EDO,0.654901833524,0.654901833524,0.0,True,1,2.0,0.967
3snx PEG 497 B,ACT,PEG,0.212886036341,0.00609874290775,0.206787293433,False,12,1.89999997616,0.881
3snx EDO 499 A,SO4,EDO,0.655180436931,0.0209735429517,0.634206893979,False,5,1.89999997616,0.932
3sno EDO 500 A,EDO,EDO,0.529697181224,0.529697181224,0.0,True,1,1.60000002384,0.883
3smr EDO 2022 B,GOL,EDO,0.472051831195,0.374196431733,0.0978553994626,False,2,1.79999995232,0.729
3smr EDO 2019 D,EDO,EDO,0.37482227834,0.37482227834,0.0,True,1,1.79999995232,0.857
3smr EDO 2017 C,EDO,EDO,0.93401581166,0.93401581166,0.0,True,1,1.79999995232,0.946
3smr EDO 2016 D,EDO,EDO,0.797126592754,0.797126592754,0.0,True,1,1.79999995232,0.948
3smr EDO 2014 A,EDO,EDO,0.414523991193,0.414523991193,0.0,True,1,1.79999995232,0.766
3smr EDO 2013 A,EDO,EDO,0.755796641452,0.755796641452,0.0,True,1,1.79999995232,0.921
3smr EDO 2011 D,GOL,EDO,0.544204898646,0.29150783801,0.252697060636,False,2,1.79999995232,0.915
3smr EDO 2010 C,EDO,EDO,0.599176816727,0.599176816727,0.0,True,1,1.79999995232,0.841
3smr EDO 2009 C,EDO,EDO,0.656082527114,0.656082527114,0.0,True,1,1.79999995232,0.732
3smr EDO 2006 B,EDO,EDO,0.494329028657,0.494329028657,0.0,True,1,1.79999995232,0.934
3smr EDO 2005 B,EDO,EDO,0.331879697636,0.331879697636,0.0,True,1,1.79999995232,0.889
3smr EDO 2004 A,EDO,EDO,0.610123029675,0.610123029675,0.0,True,1,1.79999995232,0.965
3smr EDO 2002 A,EDO,EDO,0.578286588205,0.578286588205,0.0,True,1,1.79999995232,0.775
3smr EDO 2001 B,EDO,EDO,0.792752873313,0.792752873313,0.0,True,1,1.79999995232,0.729
3sm3 PEG 401 A,GOL,PEG,0.118563922478,0.0119100271764,0.106653895302,False,12,2.20000004768,0.753
3sln NAG 3 A,SO4,NAG,0.501818021487,0.0028137976631,0.499004223824,False,14,2.79999995232,0.772
3slm GTP 22 A,CLA,GTP_MG,0.147093902619,0.00257814865007,0.144515753969,False,63,2.70000004768,0.901
3slh PEG 452 A,PEG,PEG,0.595280443102,0.595280443102,0.0,True,1,1.70000004768,0.814
3slh PEG 445 B,GOL,PEG,0.366991505807,0.130417551772,0.236573954035,False,3,1.70000004768,0.82
3slh EDO 449 C,EDO,EDO,0.439532920307,0.439532920307,0.0,True,1,1.70000004768,0.759
3slh 1PE 449 B,PEG,1PE,0.216599068888,0.00446021744687,0.212138851441,False,13,1.70000004768,0.822
3sle EDO 405 B,GOL,EDO,0.403049095967,0.123351404587,0.27969769138,False,3,2.5,0.928
3sle EDO 402 D,GOL,EDO,0.234501829451,0.120640057072,0.113861772379,False,3,2.5,0.901
3slc EDO 504 A,GOL,EDO,0.209717308054,0.0974479955382,0.112269312516,False,3,2.70000004768,0.884
3slc EDO 503 D,EDO,EDO,0.275883971087,0.275883971087,0.0,True,1,2.70000004768,0.849
3slc EDO 502 B,GOL,EDO,0.455035784746,0.163208613218,0.291827171528,False,2,2.70000004768,0.95
3slc EDO 501 B,EDO,EDO,0.437376579556,0.437376579556,0.0,True,1,2.70000004768,0.877
3slb CPS 268 C,MAN,CPS,0.340946776888,0.0510203309734,0.289926445914,False,3,2.0,0.705
3sl9 PEG 5 E,PG4,PEG,0.306406975075,0.0858477241684,0.220559250906,False,4,2.20000004768,0.781
3sl9 PEG 306 B,SO4,PEG,0.239812628181,0.00606456402917,0.233748064152,False,10,2.20000004768,0.748
3sl9 PEG 306 A,EDO,PEG,0.366111877281,0.0179178282762,0.348194049005,False,5,2.20000004768,0.83
3sl9 PEG 2 C,GOL,PEG,0.390931015093,0.0691794727848,0.321751542308,False,3,2.20000004768,0.901
3sl9 EDO 9 E,GOL,EDO,0.271947405988,0.0930872458984,0.17886016009,False,3,2.20000004768,0.838
3sl9 EDO 8 E,EDO,EDO,0.313071287924,0.313071287924,0.0,True,1,2.20000004768,0.944
3sl9 EDO 7 B,GOL,EDO,0.447711641625,0.0264135335399,0.421298108085,False,5,2.20000004768,0.918
3sl9 EDO 3 C,GOL,EDO,0.737406788701,0.0291465685033,0.708260220198,False,4,2.20000004768,0.824
3sl9 EDO 2 A,GOL,EDO,0.389378865481,0.132515247993,0.256863617488,False,3,2.20000004768,0.869
3sl9 EDO 11 E,EDO,EDO,0.380052719858,0.380052719858,0.0,True,1,2.20000004768,0.894
3sl9 EDO 10 E,GOL,EDO,0.412684840525,0.0560506669291,0.356634173596,False,4,2.20000004768,0.926
3sl9 EDO 1 A,EDO,EDO,0.820556686714,0.820556686714,0.0,True,1,2.20000004768,0.887
3sl8 PEG 5 D,EDO,PEG,0.346564851418,0.0340616287633,0.312503222655,False,6,2.59999990463,0.827
3sl8 EDO 9 A,GOL,EDO,0.459789700953,0.186589991185,0.273199709768,False,2,2.59999990463,0.883
3sl8 EDO 8 D,EDO,EDO,0.69958874176,0.69958874176,0.0,True,1,2.59999990463,0.901
3sl8 EDO 8 A,SO4,EDO,0.444405701897,0.0479377736033,0.396467928294,False,6,2.59999990463,0.953
3sl8 EDO 6 A,EDO,EDO,0.245822354462,0.245822354462,0.0,True,1,2.59999990463,0.94
3sl8 EDO 440 C,EDO,EDO,0.831394726575,0.831394726575,0.0,True,1,2.59999990463,0.949
3sl8 EDO 440 A,GOL,EDO,0.427697880552,0.270072787226,0.157625093326,False,2,2.59999990463,0.959
3sl8 EDO 4 D,GOL,EDO,0.421093704719,0.242211979651,0.178881725067,False,2,2.59999990463,0.967
3sl8 EDO 3 D,GOL,EDO,0.389692263388,0.339500206363,0.0501920570252,False,2,2.59999990463,0.901
3sl8 EDO 3 C,SO4,EDO,0.350961698173,0.225485952371,0.125475745802,False,2,2.59999990463,0.905
3sl8 EDO 2 D,EDO,EDO,0.314209372223,0.314209372223,0.0,True,1,2.59999990463,0.854
3sl8 EDO 13 D,EDO,EDO,0.726085753811,0.726085753811,0.0,True,1,2.59999990463,0.889
3sl8 EDO 12 D,EDO,EDO,0.316712942091,0.316712942091,0.0,True,1,2.59999990463,0.843
3sl8 EDO 11 D,GOL,EDO,0.36641036154,0.30488385339,0.0615265081498,False,2,2.59999990463,0.885
3sl8 EDO 11 A,DMS,EDO,0.464018810567,0.161564968384,0.302453842182,False,2,2.59999990463,0.936
3sl8 EDO 10 D,GOL,EDO,0.232275503793,0.132380031113,0.0998954726806,False,3,2.59999990463,0.908
3sl8 EDO 1 A,EDO,EDO,0.273973376338,0.273973376338,0.0,True,1,2.59999990463,0.933
3sl6 EDO 9 C,EDO,EDO,0.21301500589,0.21301500589,0.0,True,1,2.40000009537,0.908
3sl6 EDO 9 A,GOL,EDO,0.305977492069,0.0614354049179,0.244542087151,False,4,2.40000009537,0.967
3sl6 EDO 7 D,GOL,EDO,0.435822133673,0.300906893167,0.134915240506,False,2,2.40000009537,0.948
3sl6 EDO 7 C,SO4,EDO,0.351188605282,0.0808263759535,0.270362229329,False,3,2.40000009537,0.624
3sl6 EDO 7 A,DMF,EDO,0.33022455741,0.20709017035,0.12313438706,False,2,2.40000009537,0.815
3sl6 EDO 6 A,EDO,EDO,0.281311097926,0.281311097926,0.0,True,1,2.40000009537,0.933
3sl6 EDO 5 D,EDO,EDO,0.585754923188,0.585754923188,0.0,True,1,2.40000009537,0.823
3sl6 EDO 5 C,EDO,EDO,0.428671531864,0.428671531864,0.0,True,1,2.40000009537,0.915
3sl6 EDO 5 A,GOL,EDO,0.390094354593,0.256362746874,0.133731607719,False,2,2.40000009537,0.844
3sl6 EDO 442 A,EDO,EDO,0.307838254333,0.307838254333,0.0,True,1,2.40000009537,0.948
3sl6 EDO 441 A,SO4,EDO,0.537657905833,0.0511612068138,0.48649669902,False,3,2.40000009537,0.961
3sl6 EDO 440 D,EDO,EDO,0.431423788413,0.431423788413,0.0,True,1,2.40000009537,0.934
3sl6 EDO 4 C,EDO,EDO,0.757343413004,0.757343413004,0.0,True,1,2.40000009537,0.947
3sl6 EDO 3 D,EDO,EDO,0.334955332587,0.334955332587,0.0,True,1,2.40000009537,0.921
3sl6 EDO 3 C,EDO,EDO,0.512057798562,0.512057798562,0.0,True,1,2.40000009537,0.852
3sl6 EDO 2 D,GOL,EDO,0.556147224963,0.147474483262,0.408672741701,False,2,2.40000009537,0.942
3sl6 EDO 2 A,GOL,EDO,0.489216103132,0.30600550065,0.183210602483,False,2,2.40000009537,0.9
3sl5 EDO 8 D,GOL,EDO,0.382095804086,0.3800460982,0.00204970588613,False,2,2.70000004768,0.983
3sl5 EDO 7 C,EDO,EDO,0.480081828073,0.480081828073,0.0,True,1,2.70000004768,0.886
3sl5 EDO 6 D,DMS,EDO,0.309081043297,0.294851499641,0.0142295436562,False,2,2.70000004768,0.929
3sl5 EDO 4 D,GOL,EDO,0.38939617512,0.319668781284,0.069727393836,False,2,2.70000004768,0.971
3sl5 EDO 4 A,EDO,EDO,0.338917613233,0.338917613233,0.0,True,1,2.70000004768,0.954
3sl5 EDO 3 D,EDO,EDO,0.429762186055,0.429762186055,0.0,True,1,2.70000004768,0.973
3sl5 EDO 2 D,SO4,EDO,0.309864839305,0.0607766402595,0.249088199046,False,4,2.70000004768,0.938
3sl5 EDO 2 C,GOL,EDO,0.410269284527,0.241592998246,0.168676286282,False,2,2.70000004768,0.969
3sl5 EDO 2 A,SO4,EDO,0.207575260524,0.0299370807472,0.177638179777,False,8,2.70000004768,0.979
3sl4 PEG 441 D,EDO,PEG,0.424614177509,0.00702122935898,0.41759294815,False,7,1.89999997616,0.838
3sl4 EDO 9 B,EDO,EDO,0.442741968266,0.442741968266,0.0,True,1,1.89999997616,0.834
3sl4 EDO 8 C,EDO,EDO,0.315201558301,0.315201558301,0.0,True,1,1.89999997616,0.853
3sl4 EDO 8 B,DMS,EDO,0.259432017589,0.189815290412,0.069616727177,False,3,1.89999997616,0.875
3sl4 EDO 7 D,EDO,EDO,0.641472467809,0.641472467809,0.0,True,1,1.89999997616,0.941
3sl4 EDO 5 D,ACT,EDO,0.330195734683,0.165069185578,0.165126549105,False,2,1.89999997616,0.898
3sl4 EDO 5 C,GOL,EDO,0.462173732288,0.299505158606,0.162668573682,False,2,1.89999997616,0.896
3sl4 EDO 5 A,EDO,EDO,0.648670261078,0.648670261078,0.0,True,1,1.89999997616,0.879
3sl4 EDO 443 A,GOL,EDO,0.604122461786,0.118267549734,0.485854912052,False,2,1.89999997616,0.763
3sl4 EDO 440 D,EDO,EDO,0.474668558464,0.474668558464,0.0,True,1,1.89999997616,0.867
3sl4 EDO 440 C,EDO,EDO,0.22954043036,0.22954043036,0.0,True,1,1.89999997616,0.905
3sl4 EDO 4 D,EDO,EDO,0.420131416081,0.420131416081,0.0,True,1,1.89999997616,0.947
3sl4 EDO 4 B,ACT,EDO,0.625940867509,0.186919587735,0.439021279774,False,2,1.89999997616,0.856
3sl4 EDO 4 A,EDO,EDO,0.517614589086,0.517614589086,0.0,True,1,1.89999997616,0.929
3sl4 EDO 20 D,FMT,EDO,0.826032442211,0.0883050533961,0.737727388814,False,2,1.89999997616,0.802
3sl4 EDO 18 A,GOL,EDO,0.582023595169,0.262601486452,0.319422108717,False,2,1.89999997616,0.91
3sl4 EDO 17 D,EDO,EDO,0.774073220123,0.774073220123,0.0,True,1,1.89999997616,0.887
3sl4 EDO 14 C,EDO,EDO,0.700887731266,0.700887731266,0.0,True,1,1.89999997616,0.817
3sl4 EDO 14 A,EDO,EDO,0.683087663692,0.683087663692,0.0,True,1,1.89999997616,0.936
3sl4 EDO 13 A,EDO,EDO,0.695723072032,0.695723072032,0.0,True,1,1.89999997616,0.936
3sl4 EDO 10 B,SO4,EDO,0.212706893611,0.203342222449,0.00936467116222,False,2,1.89999997616,0.9
3sl4 EDO 10 A,EDO,EDO,0.36444251414,0.36444251414,0.0,True,1,1.89999997616,0.886
3sl3 PEG 8 D,GOL,PEG,0.436039868072,0.0114555155389,0.424584352533,False,6,2.09999990463,0.814
3sl3 EDO 8 A,EDO,EDO,0.69347130734,0.69347130734,0.0,True,1,2.09999990463,0.942
3sl3 EDO 7 D,EDO,EDO,0.616697673814,0.616697673814,0.0,True,1,2.09999990463,0.905
3sl3 EDO 7 C,EDO,EDO,0.543685499002,0.543685499002,0.0,True,1,2.09999990463,0.886
3sl3 EDO 6 C,EDO,EDO,0.599773660269,0.599773660269,0.0,True,1,2.09999990463,0.872
3sl3 EDO 4 A,EDO,EDO,0.358842538015,0.358842538015,0.0,True,1,2.09999990463,0.926
3sl3 EDO 3 D,EDO,EDO,0.678249922865,0.678249922865,0.0,True,1,2.09999990463,0.832
3sl3 EDO 3 C,EDO,EDO,0.799658524517,0.799658524517,0.0,True,1,2.09999990463,0.886
3sl3 EDO 3 A,EDO,EDO,0.460062917954,0.460062917954,0.0,True,1,2.09999990463,0.905
3sl3 EDO 24 D,EDO,EDO,0.383902464248,0.383902464248,0.0,True,1,2.09999990463,0.865
3sl3 EDO 23 D,EDO,EDO,0.550595533191,0.550595533191,0.0,True,1,2.09999990463,0.948
3sl3 EDO 21 D,EDO,EDO,0.509884301447,0.509884301447,0.0,True,1,2.09999990463,0.867
3sl3 EDO 20 A,EDO,EDO,0.536980326289,0.536980326289,0.0,True,1,2.09999990463,0.891
3sl3 EDO 2 D,EDO,EDO,0.699216417226,0.699216417226,0.0,True,1,2.09999990463,0.953
3sl3 EDO 2 C,EDO,EDO,0.587602911535,0.587602911535,0.0,True,1,2.09999990463,0.911
3sl3 EDO 2 B,EDO,EDO,0.442949103891,0.442949103891,0.0,True,1,2.09999990463,0.888
3sl3 EDO 2 A,EDO,EDO,0.819791823531,0.819791823531,0.0,True,1,2.09999990463,0.929
3sl3 EDO 19 A,EDO,EDO,0.639426437609,0.639426437609,0.0,True,1,2.09999990463,0.894
3sl3 EDO 18 C,EDO,EDO,0.362137786529,0.362137786529,0.0,True,1,2.09999990463,0.765
3sl3 EDO 17 A,EDO,EDO,0.724840579954,0.724840579954,0.0,True,1,2.09999990463,0.942
3sl3 EDO 15 D,GOL,EDO,0.264732181797,0.222804070599,0.0419281111982,False,2,2.09999990463,0.857
3sl3 EDO 13 C,EDO,EDO,0.363846444941,0.363846444941,0.0,True,1,2.09999990463,0.89
3sl3 EDO 11 B,EDO,EDO,0.455965387473,0.455965387473,0.0,True,1,2.09999990463,0.933
3sl3 EDO 10 A,EDO,EDO,0.204063628296,0.204063628296,0.0,True,1,2.09999990463,0.901
3sl3 EDO 1 D,ACT,EDO,0.462136165513,0.272359277676,0.189776887837,False,2,2.09999990463,0.829
3sl3 EDO 1 C,GOL,EDO,0.574537581244,0.267603989955,0.306933591289,False,2,2.09999990463,0.823
3sl3 EDO 1 A,EDO,EDO,0.354425407941,0.354425407941,0.0,True,1,2.09999990463,0.899
3skt GTP 23 A,NAG,GTP_MG,0.561460721936,0.000766363356189,0.56069435858,False,70,3.09999990463,0.866
3sk3 EDO 604 A,EDO,EDO,0.495331064106,0.495331064106,0.0,True,1,1.89999997616,0.768
3sk3 EDO 603 B,GOL,EDO,0.810205151282,0.014298521216,0.795906630066,False,2,1.89999997616,0.855
3sk3 EDO 602 B,GOL,EDO,0.440745920496,0.167220913246,0.273525007249,False,2,1.89999997616,0.868
3sk3 EDO 601 A,GOL,EDO,0.757648840027,0.0941163281655,0.663532511862,False,2,1.89999997616,0.9
3sjx NAG 1760 A,NAG,NAG,0.980420543011,0.980420543011,0.0,True,1,1.70000004768,0.823
3sjx NAG 1757 A,NAG,NAG,0.995610398598,0.995610398598,0.0,True,1,1.70000004768,0.682
3sjl EDO 387 D,EDO,EDO,0.634538208143,0.634538208143,0.0,True,1,1.60000002384,0.9
3sjl EDO 376 B,GOL,EDO,0.376976488617,0.03966118054,0.337315308077,False,4,1.60000002384,0.88
3sjg NAG 1757 A,NAG,NAG,0.987293973149,0.987293973149,0.0,True,1,1.60000002384,0.667
3sjf NAG 1759 A,NAG,NAG,0.997571369629,0.997571369629,0.0,True,1,1.70000004768,0.796
3sje NAG 1760 A,NAG,NAG,0.928374169234,0.928374169234,0.0,True,1,1.70000004768,0.821
3sje NAG 1757 A,NAG,NAG,0.988297022864,0.988297022864,0.0,True,1,1.70000004768,0.664
3sj6 NAG 247 A,NAG,NAG,0.997982446561,0.997982446561,0.0,True,1,1.60000002384,0.754
3sio NAG 241 G,NAG,NAG,0.207933837789,0.207933837789,0.0,True,1,2.29999995232,0.878
3sio NAG 240 J,NAG,NAG,0.966834062201,0.966834062201,0.0,True,1,2.29999995232,0.768
3sio NAG 240 G,NAG,NAG,0.994205896228,0.994205896228,0.0,True,1,2.29999995232,0.9
3sio NAG 240 E,NAG,NAG,0.886018733459,0.886018733459,0.0,True,1,2.29999995232,0.834
3sio NAG 240 B,NAG,NAG,0.912139297649,0.912139297649,0.0,True,1,2.29999995232,0.91
3sio NAG 225 I,NAG,NAG,0.469955881884,0.469955881884,0.0,True,1,2.29999995232,0.866
3sio NAG 225 H,NAG,NAG,0.321094699674,0.321094699674,0.0,True,1,2.29999995232,0.88
3sio NAG 225 G,NAG,NAG,0.979521450117,0.979521450117,0.0,True,1,2.29999995232,0.912
3sio NAG 225 F,NAG,NAG,0.791972630886,0.791972630886,0.0,True,1,2.29999995232,0.865
3sio NAG 225 D,NAG,NAG,0.76456934321,0.76456934321,0.0,True,1,2.29999995232,0.917
3sio NAG 225 C,SO4,NAG,0.419030685458,0.0130313346991,0.405999350759,False,5,2.29999995232,0.912
3sio NAG 225 B,NAG,NAG,0.982851241277,0.982851241277,0.0,True,1,2.29999995232,0.896
3sio NAG 225 A,NAG,NAG,0.904756260421,0.904756260421,0.0,True,1,2.29999995232,0.906
3si9 EDO 803 A,GOL,EDO,0.618374778211,0.0131148789019,0.605259899309,False,6,2.09999990463,0.916
3si9 EDO 802 B,DMS,EDO,0.410839755296,0.254361700152,0.156478055143,False,2,2.09999990463,0.887
3si9 EDO 802 A,EDO,EDO,0.552950294244,0.552950294244,0.0,True,1,2.09999990463,0.881
3si9 EDO 801 D,EDO,EDO,0.543431494513,0.543431494513,0.0,True,1,2.09999990463,0.972
3si9 EDO 801 C,EDO,EDO,0.468896890291,0.468896890291,0.0,True,1,2.09999990463,0.898
3si8 EDO 448 A,EDO,EDO,0.447390968592,0.447390968592,0.0,True,1,2.20000004768,0.639
3si8 EDO 447 A,SO4,EDO,0.548735823666,0.0631778061464,0.485558017519,False,3,2.20000004768,0.849
3si8 EDO 446 A,EDO,EDO,0.42705781165,0.42705781165,0.0,True,1,2.20000004768,0.922
3si2 NAG 701 A,NAG,NAG,0.91905992068,0.91905992068,0.0,True,1,1.79999995232,0.791
3si1 NAG 701 A,NAG,NAG,0.531359112783,0.531359112783,0.0,True,1,2.79999995232,0.889
3sh1 NAG 275 B,NAG,NAG,0.636306443783,0.636306443783,0.0,True,1,2.29999995232,0.668
3sh1 NAG 250 J,SO4,NAG,0.505076480806,0.0107326315733,0.494343849233,False,10,2.29999995232,0.848
3sh1 NAG 250 I,SO4,NAG,0.245412413462,0.0183551285649,0.227057284898,False,6,2.29999995232,0.833
3sh1 NAG 250 H,NAG,NAG,0.425959797729,0.425959797729,0.0,True,1,2.29999995232,0.857
3sh1 NAG 250 G,NAG,NAG,0.940994172245,0.940994172245,0.0,True,1,2.29999995232,0.857
3sh1 NAG 250 F,NAG,NAG,0.557083727828,0.557083727828,0.0,True,1,2.29999995232,0.889
3sh1 NAG 250 E,SO4,NAG,0.173986923606,0.0759544029289,0.0980325206767,False,3,2.29999995232,0.878
3sh1 NAG 250 D,NAG,NAG,0.593225487446,0.593225487446,0.0,True,1,2.29999995232,0.876
3sh1 NAG 250 C,NAG,NAG,0.70372867102,0.70372867102,0.0,True,1,2.29999995232,0.87
3sh1 NAG 250 B,SO4,NAG,0.393290939691,0.0395697623002,0.35372117739,False,4,2.29999995232,0.905
3sh1 NAG 250 A,SO4,NAG,0.412091225905,0.0758184678569,0.336272758048,False,3,2.29999995232,0.91
3sgw EDO 165 A,EDO,EDO,0.955953163151,0.955953163151,0.0,True,1,1.70000004768,0.992
3sgk MLI 1 A,GOL,MLI,0.482139542483,0.00214943808629,0.479990104397,False,17,2.40000009537,0.822
3sgj MLI 509 A,EDO,MLI,0.344314101481,0.00045774942775,0.343856352054,False,160,2.20000004768,0.9
3sg7 CRO 223 A,CRO,CRO,0.484080471012,0.484080471012,0.0,True,1,1.89999997616,0.974
3sg6 CRO 225 A,CRO,CRO,0.933161872995,0.933161872995,0.0,True,1,1.70000004768,0.964
3sg5 CRO 223 A,CRO,CRO,0.920194922461,0.920194922461,0.0,True,1,1.89999997616,0.969
3sg4 CRO 223 A,SAH,CRO,0.228321328841,0.0895744898086,0.138746839033,False,2,2.40000009537,0.952
3sg3 CRO 223 A,CRO,CRO,0.891347968526,0.891347968526,0.0,True,1,2.09999990463,0.98
3sg2 CRO 224 A,CRO,CRO,0.520545847481,0.520545847481,0.0,True,1,2.0,0.933
3sg1 PGE 436 B,GOL,PGE,0.184086835215,0.0106168872625,0.173469947952,False,10,2.59999990463,0.858
3sfc NAG 367 A,NAG,NAG,0.986634389969,0.986634389969,0.0,True,1,2.09999990463,0.774
3sf6 EDO 414 A,GOL,EDO,0.31464216226,0.224882225313,0.0897599369477,False,2,1.70000004768,0.883
3sf6 EDO 413 A,EDO,EDO,0.730644551545,0.730644551545,0.0,True,1,1.70000004768,0.959
3sf6 EDO 410 A,EDO,EDO,0.529597226899,0.529597226899,0.0,True,1,1.70000004768,0.945
3sf5 PEG 268 D,SO4,PEG,0.359041823506,0.0259965550073,0.333045268499,False,5,2.5,0.885
3sf5 PEG 268 B,SO4,PEG,0.654406695209,0.000182112727113,0.654224582482,False,197,2.5,0.887
3sf5 PEG 258 A,DMF,PEG,0.489947693884,0.000487139289558,0.489460554594,False,29,2.5,0.815
3sf5 PEG 255 C,SO4,PEG,0.324135956435,0.00179796101613,0.322337995419,False,26,2.5,0.922
3sf5 PEG 255 A,GOL,PEG,0.534720613987,0.00716266160216,0.527557952384,False,9,2.5,0.943
3sej NAG 3 F,BMA,NAG,0.217078305771,0.142117698258,0.0749606075132,False,2,3.0,0.843
3se9 NAG 886 G,NAG,NAG,0.905714259949,0.905714259949,0.0,True,1,2.0,0.964
3se6 NAG 1081 B,NAG,NAG,0.485747457312,0.485747457312,0.0,True,1,3.09999990463,0.877
3se6 NAG 1076 A,NAG,NAG,0.95835034412,0.95835034412,0.0,True,1,3.09999990463,0.841
3se6 NAG 1075 A,NAG,NAG,0.63968811347,0.63968811347,0.0,True,1,3.09999990463,0.91
3se6 NAG 1073 A,NAG,NAG,0.363375542501,0.363375542501,0.0,True,1,3.09999990463,0.887
3se5 P6G 202 C,PEG,P6G,0.380423186851,0.000931331032077,0.379491855819,False,26,1.70000004768,0.861
3se5 P6G 202 B,PEG,P6G,0.198762649237,0.00928658000541,0.189476069232,False,12,1.70000004768,0.874
3se4 NAG 410 A,NAG,NAG,0.982777268881,0.982777268881,0.0,True,1,3.5,0.891
3sdy NAG 701 A,NAG_NAG,NAG,0.510293799822,0.395384028511,0.114909771311,False,2,2.90000009537,0.899
3sdy NAG 501 A,NAG,NAG,0.777292543145,0.777292543145,0.0,True,1,2.90000009537,0.797
3sdy NAG 201 B,NAG,NAG,0.681140943203,0.681140943203,0.0,True,1,2.90000009537,0.938
3sdw EDO 165 A,EDO,EDO,0.972965424698,0.972965424698,0.0,True,1,1.79999995232,0.987
3sdo EDO 451 A,EDO,EDO,0.702865108577,0.702865108577,0.0,True,1,2.0,0.923
3sdo EDO 450 B,EDO,EDO,0.521401360154,0.521401360154,0.0,True,1,2.0,0.96
3sdo EDO 450 A,EDO,EDO,0.832112382641,0.832112382641,0.0,True,1,2.0,0.978
3sdf NAG 8 A,NAG,NAG,0.994196257275,0.994196257275,0.0,True,1,2.09999990463,0.845
3sdf NAG 3 A,NAG,NAG,0.986872224754,0.986872224754,0.0,True,1,2.09999990463,0.839
3sdf NAG 1 A,NAG,NAG,0.954256160871,0.954256160871,0.0,True,1,2.09999990463,0.801
3sde EDO 4 B,ACT,EDO,0.544405776571,0.198864887987,0.345540888584,False,2,1.89999997616,0.722
3sde EDO 1 A,EDO,EDO,0.547089962744,0.547089962744,0.0,True,1,1.89999997616,0.898
3sdd NAG 304 A,NAG_NAG,NAG,0.549306790997,0.0506427325177,0.498664058479,False,3,3.0,0.919
3sdd NAG 303 A,NAG,NAG,0.80005831044,0.80005831044,0.0,True,1,3.0,0.807
3sdc NAG 304 A,NAG,NAG,0.273620953044,0.273620953044,0.0,True,1,3.09999990463,0.886
3sdc NAG 303 A,NAG,NAG,0.684145558885,0.684145558885,0.0,True,1,3.09999990463,0.844
3sda NAG 304 A,NAG_NAG,NAG,0.854217940838,0.135025305958,0.71919263488,False,2,2.79999995232,0.734
3sda NAG 303 A,NAG,NAG,0.889788070349,0.889788070349,0.0,True,1,2.79999995232,0.719
3scm NAG 304 A,NAG,NAG,0.746574344935,0.746574344935,0.0,True,1,2.5,0.902
3scm NAG 303 A,NAG,NAG,0.948938824534,0.948938824534,0.0,True,1,2.5,0.87
3sc4 EDO 282 A,SO4,EDO,0.629872163579,0.0296423834707,0.600229780108,False,5,2.5,0.956
3sbz MLI 302 A,GOL,MLI,0.369291375087,0.00469364771884,0.364597727368,False,13,1.89999997616,0.732
3sbz MLI 300 A,MLI,MLI,0.296790161,0.296790161,0.0,True,1,1.89999997616,0.936
3sbm P6G 320 A,P6G,P6G,0.609000762331,0.609000762331,0.0,True,1,1.39999997616,0.923
3sbk NAG 301 A,NAG,NAG,0.967386103553,0.967386103553,0.0,True,1,2.59999990463,0.769
3sb1 PGE 138 A,PEG,PGE,0.456104859034,0.0247576101894,0.431347248844,False,6,1.70000004768,0.929
3san NAG 803 B,NAG,NAG,0.802662739298,0.802662739298,0.0,True,1,1.60000002384,0.887
3san NAG 801 B,NAG,NAG,0.987364580907,0.987364580907,0.0,True,1,1.60000002384,0.914
3san NAG 801 A,NAG,NAG,0.987548932217,0.987548932217,0.0,True,1,1.60000002384,0.891
3sal NAG 803 B,NAG,NAG,0.199152074975,0.199152074975,0.0,True,1,1.5,0.925
3sal NAG 803 A,NAG,NAG,0.989204570388,0.989204570388,0.0,True,1,1.5,0.873
3sal NAG 802 A,SO4,NAG,0.342207712192,0.00170997623177,0.340497735961,False,22,1.5,0.791
3sal NAG 801 B,NAG,NAG,0.979697351227,0.979697351227,0.0,True,1,1.5,0.885
3sal NAG 801 A,NAG,NAG,0.998648564325,0.998648564325,0.0,True,1,1.5,0.909
3saj NAG 800 D,NAG_NAG,NAG,0.426811952677,0.300227106115,0.126584846562,False,2,2.5,0.855
3saj NAG 800 B,NAG,NAG,0.949904145771,0.949904145771,0.0,True,1,2.5,0.841
3saj NAG 800 A,NAG,NAG,0.723842660341,0.723842660341,0.0,True,1,2.5,0.888
3saj NAG 700 D,SO4,NAG,0.379665354104,0.134690040291,0.244975313813,False,2,2.5,0.778
3saj NAG 700 A,FMN,NAG,0.367695983548,0.0326162945156,0.335079689032,False,4,2.5,0.745
3saj NAG 600 B,NAG,NAG,0.99358930033,0.99358930033,0.0,True,1,2.5,0.829
3s9y PGE 3000 B,PG4,PGE,0.240825123524,0.118833888394,0.12199123513,False,3,1.70000004768,0.819
3s9y P6G 3003 B,P6G,P6G,0.3761450288,0.3761450288,0.0,True,1,1.70000004768,0.903
3s9y P6G 3002 C,GOL,P6G,0.295099014492,0.0083371755179,0.286761838974,False,10,1.70000004768,0.844
3s9n NAG 903 B,NAG_NAG,NAG,0.499544496566,0.0596598135182,0.439884683048,False,2,3.20000004768,0.712
3s9n NAG 903 A,NAG_NAG,NAG,0.857136273555,0.0357442194448,0.82139205411,False,2,3.20000004768,0.811
3s9m NAG 903 B,NAG,NAG,0.914465756906,0.914465756906,0.0,True,1,3.29999995232,0.713
3s9m NAG 903 A,NAG_NAG,NAG,0.646028194847,0.230275928886,0.41575226596,False,2,3.29999995232,0.835
3s9l NAG 903 B,NAG,NAG,0.508596331933,0.508596331933,0.0,True,1,3.20000004768,0.801
3s9l NAG 903 A,NAG,NAG,0.659941578652,0.659941578652,0.0,True,1,3.20000004768,0.719
3s9b NAG 301 A,NAG,NAG,0.992308502463,0.992308502463,0.0,True,1,1.89999997616,0.839
3s98 NAG 307 A,NAG,NAG,0.844695911519,0.844695911519,0.0,True,1,1.89999997616,0.909
3s97 NAG 2 E,NAG,NAG,0.830399803952,0.830399803952,0.0,True,1,2.29999995232,
3s97 NAG 1 F,NAG,NAG,0.992594906214,0.992594906214,0.0,True,1,2.29999995232,
3s97 NAG 1 E,NAG,NAG,0.989105201003,0.989105201003,0.0,True,1,2.29999995232,
3s8z NAG 1248 A,NAG,NAG,0.406520331016,0.406520331016,0.0,True,1,2.79999995232,0.841
3s8z NAG 1247 A,NAG,NAG,0.828512634322,0.828512634322,0.0,True,1,2.79999995232,0.634
3s8z NAG 1244 A,NAG,NAG,0.862909218355,0.862909218355,0.0,True,1,2.79999995232,0.769
3s8k NAG 201 A,NAG,NAG,0.980850645034,0.980850645034,0.0,True,1,1.70000004768,0.911
3s8k NAG 188 B,NAG,NAG,0.988421070201,0.988421070201,0.0,True,1,1.70000004768,0.935
3s8i EDO 5 A,EDO,EDO,0.945837846455,0.945837846455,0.0,True,1,1.70000004768,0.912
3s88 NAG 750 I,SO4,NAG,0.748880544752,0.0131818619345,0.735698682817,False,5,3.40000009537,0.825
3s86 IMP 197 D,ADP,IMP,0.412276222314,0.00475551227637,0.407520710038,False,15,2.20000004768,0.866
3s86 IMP 197 C,FAD,IMP,0.0823072768964,0.0254817691216,0.0568255077748,False,9,2.20000004768,0.906
3s82 EDO 404 B,EDO,EDO,0.443629451433,0.443629451433,0.0,True,1,1.70000004768,0.899
3s7d MLZ 370 I,MLY,MLZ,0.960120442074,0.00695897697721,0.953161465097,False,2,2.29999995232,0.943
3s6z SIA 2 C,EDO,SIA,0.397513680853,0.000495617000122,0.397018063853,False,173,2.29999995232,0.878
3s6y SIA 1 B,SIA,SIA,0.461446964686,0.461446964686,0.0,True,1,2.79999995232,0.864
3s6o EDO 319 B,DMS,EDO,0.59820072651,0.104578021995,0.493622704515,False,2,1.89999997616,0.947
3s6m EDO 164 A,EDO,EDO,0.865865410913,0.865865410913,0.0,True,1,1.70000004768,0.943
3s6g MLI 442 Y,SO4,MLI,0.284038479673,0.00179214318029,0.282246336493,False,32,2.70000004768,0.872
3s6g MLI 441 A,GOL,MLI,0.587470796916,0.00337734419481,0.584093452721,False,17,2.70000004768,0.84
3s6g EDO 443 Y,SO4,EDO,0.54087796967,0.0738790285674,0.466998941103,False,3,2.70000004768,0.928
3s6g EDO 442 A,GOL,EDO,0.319189374507,0.274222903129,0.0449664713775,False,2,2.70000004768,0.927
3s67 PEG 122 A,GOL,PEG,0.348862417707,0.0170671672313,0.331795250476,False,6,2.29999995232,0.829
3s5z NAG 715 B,FUC_NAG_NAG,FUC_NAG_NAG,0.843579487735,0.843579487735,0.0,True,1,2.0,0.951
3s5z NAG 715 A,NAG,NAG,0.988503878677,0.988503878677,0.0,True,1,2.0,0.862
3s5y NAG 715 B,NAG_NAG,FUC_NAG_NAG,0.439170950251,0.400144966028,0.0390259842225,False,2,2.09999990463,0.922
3s5y EDO 814 B,SO4,EDO,0.541460763712,0.0732671159987,0.468193647713,False,3,2.09999990463,0.829
3s5r PEG 301 B,GOL,PEG,0.0921068962604,0.0243813968428,0.0677254994176,False,7,2.59999990463,0.814
3s5r EDO 304 A,SO4,EDO,0.346956049988,0.133848191746,0.213107858242,False,3,2.59999990463,0.907
3s5q EDO 305 A,SO4,EDO,0.393476627643,0.014600028297,0.378876599346,False,5,1.89999997616,0.904
3s5q EDO 304 A,ACT,EDO,0.56568450608,0.181669495163,0.384015010917,False,2,1.89999997616,0.966
3s5o EDO 6 A,EDO,EDO,0.306756853141,0.306756853141,0.0,True,1,2.0,0.933
3s5o EDO 5 A,EDO,EDO,0.273659917366,0.273659917366,0.0,True,1,2.0,0.682
3s5o EDO 4 A,EDO,EDO,0.565195753142,0.565195753142,0.0,True,1,2.0,0.97
3s5o EDO 3 A,EDO,EDO,0.82522102572,0.82522102572,0.0,True,1,2.0,0.965
3s5n EDO 6 A,ACT,EDO,0.191111434219,0.175301296691,0.0158101375273,False,2,2.5,0.968
3s5n EDO 5 A,GOL,EDO,0.414011485289,0.284031339745,0.129980145544,False,2,2.5,0.919
3s5n EDO 4 A,EDO,EDO,0.227585531443,0.227585531443,0.0,True,1,2.5,0.805
3s5n EDO 3 A,GOL,EDO,0.40423518532,0.189697404439,0.214537780881,False,3,2.5,0.969
3s4k EDO 142 B,EDO,EDO,0.891179643094,0.891179643094,0.0,True,1,1.70000004768,0.976
3s4k EDO 142 A,EDO,EDO,0.894963704358,0.894963704358,0.0,True,1,1.70000004768,0.972
3s4k EDO 141 A,GOL,EDO,0.624978028086,0.288321018039,0.336657010047,False,2,1.70000004768,0.876
3s4f PEG 619 A,GOL,PEG,0.360984588339,0.0956468325859,0.265337755753,False,3,2.0,0.871
3s4f PEG 615 A,GOL,PEG,0.325129262378,0.00223470710774,0.32289455527,False,19,2.0,0.885
3s4f NAG 611 A,NAG,NAG,0.724864304825,0.724864304825,0.0,True,1,2.0,0.885
3s4f NAG 609 A,NAG,NAG,0.772091570483,0.772091570483,0.0,True,1,2.0,0.823
3s3x NAG 700 B,NAG,NAG,0.853685258337,0.853685258337,0.0,True,1,3.0,0.688
3s3x NAG 600 B,NAG,NAG,0.512461978537,0.512461978537,0.0,True,1,3.0,0.787
3s3x NAG 600 A,NAG,NAG,0.316540024254,0.316540024254,0.0,True,1,3.0,0.838
3s3w NAG 700 C,NAG,NAG,0.929900514528,0.929900514528,0.0,True,1,2.59999990463,0.734
3s3w NAG 700 B,NAG,NAG,0.955700753223,0.955700753223,0.0,True,1,2.59999990463,0.878
3s3w NAG 700 A,NAG,NAG,0.82574012447,0.82574012447,0.0,True,1,2.59999990463,0.856
3s3w NAG 600 C,NAG,NAG,0.901340816467,0.901340816467,0.0,True,1,2.59999990463,0.911
3s3w NAG 600 B,NAG_NAG,NAG_NAG,0.762144514074,0.762144514074,0.0,True,1,2.59999990463,0.965
3s3w NAG 600 A,NAG_NAG,NAG_NAG,0.642187936565,0.642187936565,0.0,True,1,2.59999990463,0.927
3s3m HEZ 394 B,EDO,HEZ,0.283339209992,0.00410698941718,0.279232220574,False,16,2.5,0.94
3s35 NAG 1004 X,GOL,NAG,0.167031507989,0.0958431861188,0.0711883218707,False,2,2.20000004768,0.738
3s35 NAG 1003 X,NAG,NAG,0.987022022222,0.987022022222,0.0,True,1,2.20000004768,0.863
3s35 NAG 1001 X,GOL,NAG,0.137764381652,0.0263733002772,0.111391081375,False,8,2.20000004768,0.908
3s2n EDO 410 A,EDO,EDO,0.899577601872,0.899577601872,0.0,True,1,1.39999997616,0.862
3s2n EDO 406 A,EDO,EDO,0.986839957791,0.986839957791,0.0,True,1,1.39999997616,0.958
3s2n EDO 405 A,EDO,EDO,0.944505161643,0.944505161643,0.0,True,1,1.39999997616,0.959
3s2n EDO 404 A,EDO,EDO,0.990953842513,0.990953842513,0.0,True,1,1.39999997616,0.979
3s2m EDO 409 A,EDO,EDO,0.521553758578,0.521553758578,0.0,True,1,1.39999997616,0.884
3s2m EDO 406 A,EDO,EDO,0.98051709318,0.98051709318,0.0,True,1,1.39999997616,0.954
3s2m EDO 405 A,EDO,EDO,0.985339336129,0.985339336129,0.0,True,1,1.39999997616,0.978
3s2m EDO 404 A,EDO,EDO,0.954589961155,0.954589961155,0.0,True,1,1.39999997616,0.953
3s2l EDO 408 A,EDO,EDO,0.966678384572,0.966678384572,0.0,True,1,1.39999997616,0.923
3s2l EDO 407 A,EDO,EDO,0.960049404436,0.960049404436,0.0,True,1,1.39999997616,0.956
3s2l EDO 406 A,EDO,EDO,0.639854211383,0.639854211383,0.0,True,1,1.39999997616,0.925
3s2l EDO 405 A,EDO,EDO,0.855089701223,0.855089701223,0.0,True,1,1.39999997616,0.957
3s2l EDO 404 A,EDO,EDO,0.990817703142,0.990817703142,0.0,True,1,1.39999997616,0.982
3s2k NAG 3039 B,NAG_NAG,NAG_NAG,0.607587682131,0.607587682131,0.0,True,1,2.79999995232,0.902
3s2k NAG 3039 A,NAG,NAG,0.387632831341,0.387632831341,0.0,True,1,2.79999995232,0.868
3s2k NAG 2926 B,NAG,NAG,0.650971089077,0.650971089077,0.0,True,1,2.79999995232,0.764
3s2k NAG 2926 A,NAG,NAG,0.936299806182,0.936299806182,0.0,True,1,2.79999995232,0.868
3s2k NAG 2865 B,NAG,NAG,0.941379195411,0.941379195411,0.0,True,1,2.79999995232,0.822
3s2k NAG 2865 A,NAG,NAG,0.788590216939,0.788590216939,0.0,True,1,2.79999995232,0.845
3s2k NAG 2859 B,NAG,NAG,0.962659829663,0.962659829663,0.0,True,1,2.79999995232,0.897
3s2k NAG 2859 A,NAG,NAG,0.676616230038,0.676616230038,0.0,True,1,2.79999995232,0.911
3s2j EDO 409 A,EDO,EDO,0.5968509781,0.5968509781,0.0,True,1,1.29999995232,0.911
3s2j EDO 408 A,EDO,EDO,0.861300191368,0.861300191368,0.0,True,1,1.29999995232,0.95
3s2j EDO 407 A,EDO,EDO,0.250835865468,0.250835865468,0.0,True,1,1.29999995232,0.891
3s2j EDO 406 A,EDO,EDO,0.857277688052,0.857277688052,0.0,True,1,1.29999995232,0.93
3s2j EDO 405 A,EDO,EDO,0.987836485491,0.987836485491,0.0,True,1,1.29999995232,0.946
3s2j EDO 404 A,EDO,EDO,0.976530790942,0.976530790942,0.0,True,1,1.29999995232,0.977
3s27 MLA 921 A,SO4,MLA,0.257462196798,0.209779748807,0.0476824479906,False,2,2.90000009537,0.929
3s26 NAG 192 A,SO4,NAG,0.225629036212,0.00488946213662,0.220739574075,False,19,1.79999995232,0.839
3s26 NAG 191 A,NAG,NAG,0.942109741034,0.942109741034,0.0,True,1,1.79999995232,0.861
3s25 EDO 337 A,EDO,EDO,0.589410745331,0.589410745331,0.0,True,1,1.89999997616,0.947
3s25 EDO 334 A,EDO,EDO,0.410962218278,0.410962218278,0.0,True,1,1.89999997616,0.965
3s20 PEG 360 A,GOL,PEG,0.261071704903,0.200606052037,0.0604656528666,False,2,1.89999997616,0.799
3s1s EDO 918 A,EDO,EDO,0.307691020742,0.307691020742,0.0,True,1,2.20000004768,0.935
3s1s EDO 917 A,SO4,EDO,0.639368990276,0.0929275337185,0.546441456557,False,2,2.20000004768,0.725
3s1s EDO 912 A,SO4,EDO,0.377689392225,0.220704796435,0.156984595791,False,2,2.20000004768,0.915
3s1s EDO 911 A,PEG,EDO,0.297537710363,0.133961586941,0.163576123421,False,3,2.20000004768,0.921
3s1s EDO 910 A,EDO,EDO,0.853563309333,0.853563309333,0.0,True,1,2.20000004768,0.978
3s1s EDO 909 A,EDO,EDO,0.679964155777,0.679964155777,0.0,True,1,2.20000004768,0.951
3s1s EDO 908 A,SO4,EDO,0.337050495487,0.133322081648,0.20372841384,False,3,2.20000004768,0.969
3s1s EDO 907 A,GOL,EDO,0.498705207109,0.0307387679441,0.467966439165,False,4,2.20000004768,0.928
3s1s EDO 906 A,GOL,EDO,0.440995373749,0.356438488616,0.084556885133,False,2,2.20000004768,0.868
3s1s EDO 905 A,EDO,EDO,0.752835458709,0.752835458709,0.0,True,1,2.20000004768,0.93
3s1s EDO 904 A,GOL,EDO,0.379049413808,0.0930344436712,0.286014970137,False,3,2.20000004768,0.857
3s1s EDO 903 A,SO4,EDO,0.978355147899,0.000276614933177,0.978078532966,False,12,2.20000004768,0.756
3s1l P6G 600 D,OLC,P6G,0.166625061346,0.0535718009802,0.113053260366,False,5,1.70000004768,0.913
3s1l P6G 600 C,C8E,P6G,0.117035104343,0.0439885922746,0.0730465120689,False,7,1.70000004768,0.902
3s1l P6G 600 B,EPE,P6G,0.182876326346,0.0103982304795,0.172478095866,False,13,1.70000004768,0.878
3s1l P6G 600 A,1PE,P6G,0.301965165373,0.189376953468,0.112588211905,False,2,1.70000004768,0.925
3s1f NAG 606 A,NAG,NAG,0.962194422324,0.962194422324,0.0,True,1,2.0,0.78
3s1f NAG 605 A,MAN,NAG,0.292780456843,0.0880487547126,0.20473170213,False,3,2.0,0.861
3s1f NAG 604 A,NAG,NAG,0.956881188452,0.956881188452,0.0,True,1,2.0,0.882
3s1f NAG 602 A,NAG,NAG,0.991283429545,0.991283429545,0.0,True,1,2.0,0.871
3s1e NAG 606 A,NAG,NAG,0.991760100629,0.991760100629,0.0,True,1,1.89999997616,0.869
3s1e NAG 604 A,NAG,NAG,0.985090538456,0.985090538456,0.0,True,1,1.89999997616,0.853
3s1e NAG 603 A,NAG,NAG,0.342216273827,0.342216273827,0.0,True,1,1.89999997616,0.86
3s1d NAG 544 A,NAG,NAG,0.993862349155,0.993862349155,0.0,True,1,1.79999995232,0.84
3s1d NAG 543 A,NAG,NAG,0.998877609266,0.998877609266,0.0,True,1,1.79999995232,0.789
3s13 NAG 329 A,NAG_NAG,NAG_NAG,0.843857242072,0.843857242072,0.0,True,1,3.0,0.922
3s12 NAG 330 A,NAG_NAG,NAG_NAG,0.916396347269,0.916396347269,0.0,True,1,3.09999990463,0.929
3s12 NAG 329 A,NAG,NAG,0.989420066778,0.989420066778,0.0,True,1,3.09999990463,0.859
3s11 NAG 328 E,FUC_NAG_NAG,NAG_NAG,0.576210525669,0.0421921809236,0.534018344746,False,4,2.5,0.873
3s11 NAG 327 E,NAG,NAG,0.939115697249,0.939115697249,0.0,True,1,2.5,0.818
3s11 NAG 327 C,NAG,NAG,0.80157226294,0.80157226294,0.0,True,1,2.5,0.844
3s11 NAG 2 A,NAG,NAG_NAG,0.752448171972,0.168852047633,0.583596124339,False,2,2.5,0.888
3s0m PEG 1 A,GOL,PEG,0.312233906602,0.067210140555,0.245023766047,False,4,2.29999995232,0.907
3rzc NAG 502 A,NAG_NAG,NAG_NAG,0.927175925886,0.927175925886,0.0,True,1,2.79999995232,0.885
3rzc NAG 500 A,NAG,NAG,0.876283570818,0.876283570818,0.0,True,1,2.79999995232,0.827
3rza PEG 410 B,GOL,PEG,0.325101306185,0.0372696544345,0.287831651751,False,4,2.09999990463,0.828
3rza PEG 409 A,EDO,PEG,0.429962327462,0.030162474811,0.399799852651,False,5,2.09999990463,0.87
3ryi GTP 600 A,GTP_MG,GTP_MG,0.624208574743,0.624208574743,0.0,True,1,2.40000009537,0.99
3ryf GTP 600 D,GDP_MG,GTP_MG,0.2359841089,0.121020885594,0.114963223307,False,3,2.5,0.983
3ryf GTP 600 C,GTP,GTP_MG,0.508009673195,0.0515699305081,0.456439742687,False,3,2.5,0.987
3ryf GTP 600 A,ANP_MG,GTP_MG,0.273382012288,0.253919420652,0.0194625916361,False,2,2.5,0.989
3ryc GTP 600 D,GDP,GTP_MG,0.257654698528,0.0341297532646,0.223524945263,False,7,2.09999990463,0.986
3ryc GTP 600 C,GTP_MG,GTP_MG,0.598126041881,0.598126041881,0.0,True,1,2.09999990463,0.985
3ryc GTP 600 A,GTP_MG,GTP_MG,0.945643299939,0.945643299939,0.0,True,1,2.09999990463,0.992
3ry8 EDO 9 A,EDO,EDO,0.734000917908,0.734000917908,0.0,True,1,1.39999997616,0.956
3ry8 EDO 8 A,EDO,EDO,0.97342735378,0.97342735378,0.0,True,1,1.39999997616,0.959
3ry8 EDO 7 B,EDO,EDO,0.929573374152,0.929573374152,0.0,True,1,1.39999997616,0.948
3ry8 EDO 6 A,EDO,EDO,0.518282580502,0.518282580502,0.0,True,1,1.39999997616,0.973
3ry8 EDO 5 A,EDO,EDO,0.63511885953,0.63511885953,0.0,True,1,1.39999997616,0.976
3ry8 EDO 4 A,EDO,EDO,0.544384464153,0.544384464153,0.0,True,1,1.39999997616,0.976
3ry8 EDO 3 B,EDO,EDO,0.976620796505,0.976620796505,0.0,True,1,1.39999997616,0.977
3ry8 EDO 2 B,EDO,EDO,0.640304524904,0.640304524904,0.0,True,1,1.39999997616,0.955
3ry8 EDO 11 A,EDO,EDO,0.51715982614,0.51715982614,0.0,True,1,1.39999997616,0.95
3ry8 EDO 10 A,EDO,EDO,0.79776264812,0.79776264812,0.0,True,1,1.39999997616,0.914
3ry8 EDO 1 B,EDO,EDO,0.82670711399,0.82670711399,0.0,True,1,1.39999997616,0.984
3ry6 SIA 812 B,MAN,SIA,0.109823416397,0.00131184190115,0.108511574496,False,75,3.79999995232,0.769
3ry6 NAG 806 B,MAN,NAG,0.316670385622,0.0386565998985,0.278013785724,False,5,3.79999995232,0.88
3ry6 NAG 806 A,MAN,NAG,0.2346561357,0.0662069950607,0.16844914064,False,3,3.79999995232,0.901
3ry4 NAG 200 A,NAG,NAG,0.998651685098,0.998651685098,0.0,True,1,1.39999997616,0.813
3rwx MLY 232 A,ALY,MLY_MLY,0.313390335023,0.0185458723644,0.294844462658,False,7,2.40000009537,0.933
3rwg PEG 100 B,EDO,PEG,0.696224433333,0.0176780304905,0.678546402842,False,4,2.09999990463,0.733
3rwe PEG 277 A,GOL,PEG,0.307170083378,0.227071221884,0.0800988614939,False,2,2.40000009537,0.79
3rwe PEG 100 B,GOL,PEG,0.433703176024,0.00914698452223,0.424556191502,False,15,2.40000009537,0.899
3rvw NAG 229 A,NAG,NAG,0.991544497309,0.991544497309,0.0,True,1,2.0,0.786
3rvw EDO 228 A,EDO,EDO,0.446049294515,0.446049294515,0.0,True,1,2.0,0.933
3rvw EDO 227 A,GOL,EDO,0.482738583651,0.261138671134,0.221599912517,False,2,2.0,0.931
3rvw EDO 226 A,EDO,EDO,0.43979721154,0.43979721154,0.0,True,1,2.0,0.88
3rvw EDO 225 A,EDO,EDO,0.676371272401,0.676371272401,0.0,True,1,2.0,0.95
3rvw EDO 213 C,EDO,EDO,0.522323084008,0.522323084008,0.0,True,1,2.0,0.881
3rvv EDO 215 C,EDO,EDO,0.413568334704,0.413568334704,0.0,True,1,1.89999997616,0.971
3rvv EDO 214 C,EDO,EDO,0.89595866649,0.89595866649,0.0,True,1,1.89999997616,0.978
3rvg PTR 1008 A,PTR_PTR,PTR_PTR,0.981869007026,0.981869007026,0.0,True,1,2.5,0.935
3rv2 EDO 407 B,EDO,EDO,0.312087310178,0.312087310178,0.0,True,1,2.0,0.894
3rv2 EDO 406 B,EDO,EDO,0.860584926434,0.860584926434,0.0,True,1,2.0,0.912
3rv2 EDO 406 A,EDO,EDO,0.771843318846,0.771843318846,0.0,True,1,2.0,0.956
3rv2 EDO 405 B,EDO,EDO,0.663409303721,0.663409303721,0.0,True,1,2.0,0.963
3rug NAG 307 C,NAG,NAG,0.862665507463,0.862665507463,0.0,True,1,2.20000004768,0.946
3rug NAG 307 A,NAG,NAG,0.981578424343,0.981578424343,0.0,True,1,2.20000004768,0.948
3rug NAG 305 C,NAG_NAG,NAG_NAG,0.682744954727,0.682744954727,0.0,True,1,2.20000004768,0.959
3rug NAG 305 A,NAG_NAG,NAG_NAG,0.981886919538,0.981886919538,0.0,True,1,2.20000004768,0.935
3rug NAG 304 C,NAG,NAG,0.861360361847,0.861360361847,0.0,True,1,2.20000004768,0.817
3rug NAG 304 A,NAG,NAG,0.908596085816,0.908596085816,0.0,True,1,2.20000004768,0.843
3ru5 EDO 141 A,EDO,EDO,0.582984558519,0.582984558519,0.0,True,1,1.39999997616,0.872
3ru5 EDO 138 A,ACT,EDO,0.269114323555,0.0505665314873,0.218547792067,False,5,1.39999997616,0.698
3ru4 EDO 241 T,SO4,EDO,0.25082298855,0.0777194823208,0.173103506229,False,4,1.70000004768,0.858
3ru4 EDO 239 T,EDO,EDO,0.601187332066,0.601187332066,0.0,True,1,1.70000004768,0.947
3ru4 EDO 21 E,EDO,EDO,0.576442456145,0.576442456145,0.0,True,1,1.70000004768,0.904
3ru4 EDO 147 D,GOL,EDO,0.2888423296,0.18382765288,0.10501467672,False,3,1.70000004768,0.871
3ru0 SFG 437 B,SAM,SFG,0.45494503976,0.0951037980405,0.359841241719,False,3,1.79999995232,0.901
3ru0 SFG 437 A,SAM,SFG,0.506813444175,0.169267199223,0.337546244953,False,3,1.79999995232,0.964
3rtq NAG 289 A,NAG_NAG,NAG_NAG,0.677032682143,0.677032682143,0.0,True,1,2.79999995232,0.944
3rtq NAG 287 A,NAG_NAG,NAG_NAG,0.72665443599,0.72665443599,0.0,True,1,2.79999995232,0.924
3rtq NAG 286 A,NAG,NAG,0.256452681496,0.256452681496,0.0,True,1,2.79999995232,0.84
3rtj NAG 280 B,NAG_NAG,NAG_NAG,0.906965212789,0.906965212789,0.0,True,1,3.09999990463,0.955
3rtj NAG 270 B,NAG_NAG,NAG_NAG,0.550106016455,0.550106016455,0.0,True,1,3.09999990463,0.962
3rti NAG 280 B,NAG_NAG,NAG_NAG,0.410543432643,0.410543432643,0.0,True,1,2.79999995232,0.931
3rti NAG 270 B,NAG,NAG_NAG,0.619917291392,0.270985579875,0.348931711517,False,2,2.79999995232,0.928
3rt1 PEG 706 B,GOL,PEG,0.28328397341,0.05966604162,0.22361793179,False,3,2.79999995232,0.886
3rt1 PEG 1009 A,GOL,PEG,0.3097541893,0.238058144133,0.0716960451669,False,2,2.79999995232,0.925
3rt1 PEG 1004 C,PG4,PEG,0.161409162002,0.0887854820732,0.0726236799283,False,2,2.79999995232,0.936
3rt1 PEG 1001 B,PGE,PEG,0.211202259048,0.0631147267778,0.148087532271,False,3,2.79999995232,0.899
3rrx EDO 1335 A,GOL,EDO,0.250831686443,0.0701259810865,0.180705705356,False,4,1.89999997616,0.912
3rrx EDO 1334 A,SO4,EDO,0.19045572899,0.0334074128678,0.157048316122,False,6,1.89999997616,0.845
3rrv EDO 256 D,GOL,EDO,0.486554291944,0.0261417914121,0.460412500532,False,4,2.5,0.888
3rrr NAG 800 N,NAG,NAG,0.478139399684,0.478139399684,0.0,True,1,2.79999995232,0.853
3rrr NAG 800 L,NAG,NAG,0.963183417516,0.963183417516,0.0,True,1,2.79999995232,0.901
3rrr NAG 800 F,NAG,NAG,0.993960355594,0.993960355594,0.0,True,1,2.79999995232,0.872
3rrr NAG 800 D,NAG,NAG,0.381575295733,0.381575295733,0.0,True,1,2.79999995232,0.788
3rrr NAG 800 B,NAG,NAG,0.925180962945,0.925180962945,0.0,True,1,2.79999995232,0.819
3rrr NAG 770 C,NAG,NAG,0.979070813021,0.979070813021,0.0,True,1,2.79999995232,0.783
3rrr NAG 770 A,NAG,NAG,0.933608238596,0.933608238596,0.0,True,1,2.79999995232,0.767
3rrp EDO 470 B,EDO,EDO,0.259135312083,0.259135312083,0.0,True,1,2.29999995232,0.899
3rrp EDO 469 B,GOL,EDO,0.284272541368,0.27344295696,0.0108295844081,False,2,2.29999995232,0.915
3rrp EDO 469 A,EDO,EDO,0.628424705288,0.628424705288,0.0,True,1,2.29999995232,0.901
3rrc EDO 6 A,EDO,EDO,0.596839231641,0.596839231641,0.0,True,1,2.0,0.962
3rrc EDO 4 B,GOL,EDO,0.383084744286,0.288575977177,0.0945087671087,False,2,2.0,0.962
3rrc EDO 3 A,EDO,EDO,0.811760126545,0.811760126545,0.0,True,1,2.0,0.967
3rrc EDO 2 A,EDO,EDO,0.93829966501,0.93829966501,0.0,True,1,2.0,0.97
3rrc EDO 1 B,GOL,EDO,0.473108053192,0.434950414374,0.0381576388187,False,2,2.0,0.953
3rr6 EDO 276 A,EDO,EDO,0.379359238895,0.379359238895,0.0,True,1,1.60000002384,0.87
3rr6 EDO 275 A,GOL,EDO,0.430161641931,0.423684183971,0.00647745796052,False,2,1.60000002384,0.871
3rr6 EDO 269 A,GOL,EDO,0.829094908978,0.0764133927721,0.752681516206,False,2,1.60000002384,0.767
3rr6 EDO 265 A,EDO,EDO,0.586145131452,0.586145131452,0.0,True,1,1.60000002384,0.869
3rr6 EDO 264 A,EDO,EDO,0.8565096889,0.8565096889,0.0,True,1,1.60000002384,0.833
3rr6 EDO 263 A,EDO,EDO,0.42486320178,0.42486320178,0.0,True,1,1.60000002384,0.922
3rr6 EDO 262 A,EDO,EDO,0.849247203203,0.849247203203,0.0,True,1,1.60000002384,0.942
3rr3 NAG 681 D,NAG,NAG,0.846068302762,0.846068302762,0.0,True,1,2.79999995232,0.875
3rr3 NAG 681 C,NAG,NAG,0.833058691625,0.833058691625,0.0,True,1,2.79999995232,0.855
3rr3 NAG 681 B,NAG,NAG,0.934466217589,0.934466217589,0.0,True,1,2.79999995232,0.885
3rr3 NAG 681 A,NAG,NAG,0.780137396656,0.780137396656,0.0,True,1,2.79999995232,0.855
3rr3 NAG 671 D,SIA,NAG_NAG,0.532267048948,0.0638871071967,0.468379941751,False,2,2.79999995232,0.954
3rr3 NAG 671 C,NAG_NAG,NAG_NAG,0.552126108704,0.552126108704,0.0,True,1,2.79999995232,0.938
3rr3 NAG 671 B,NAG_NAG,NAG_NAG,0.222193511754,0.222193511754,0.0,True,1,2.79999995232,0.972
3rr3 NAG 671 A,NAG_NAG,NAG_NAG,0.971836250884,0.971836250884,0.0,True,1,2.79999995232,0.938
3rr3 NAG 661 D,NAG,NAG,0.836648087326,0.836648087326,0.0,True,1,2.79999995232,0.932
3rr3 NAG 661 C,NAG,NAG,0.90180634492,0.90180634492,0.0,True,1,2.79999995232,0.88
3rr3 NAG 661 B,NAG,NAG,0.991682048514,0.991682048514,0.0,True,1,2.79999995232,0.884
3rr3 NAG 661 A,NAG,NAG,0.963567210586,0.963567210586,0.0,True,1,2.79999995232,0.874
3rqu MES 323 A,MES,MES,0.418906565979,0.418906565979,0.0,True,1,3.09999990463,0.816
3rq0 PEG 269 A,PEG,PEG,0.289782384099,0.289782384099,0.0,True,1,2.0,0.867
3rq0 PEG 268 A,GOL,PEG,0.248170593201,0.169133607021,0.0790369861802,False,2,2.0,0.838
3rpm NAG 2 A,CIT,NAG,0.107312467528,0.0436283953228,0.0636840722053,False,4,2.09999990463,0.932
3rpm NAG 1 B,NAG,NAG,0.186569248792,0.186569248792,0.0,True,1,2.09999990463,0.868
3rpm 1PE 2 B,EDO,1PE,0.469186388109,0.00352906797784,0.465657320131,False,15,2.09999990463,0.745
3rpm 1PE 1 A,PG4,1PE,0.325245737984,0.128431090346,0.196814647638,False,3,2.09999990463,0.879
3rpj EDO 141 A,EDO,EDO,0.520824693914,0.520824693914,0.0,True,1,1.89999997616,0.906
3rpj EDO 138 A,GOL,EDO,0.237338557827,0.219553997655,0.0177845601719,False,2,1.89999997616,0.966
3rpj EDO 136 A,EDO,EDO,0.38789311541,0.38789311541,0.0,True,1,1.89999997616,0.753
3rpj EDO 135 A,GOL,EDO,0.624902012395,0.321252113264,0.303649899131,False,2,1.89999997616,0.854
3rpj EDO 134 B,GOL,EDO,0.629294000692,0.186741700804,0.442552299888,False,2,1.89999997616,0.952
3rpi NAG 1000 L,NAG,NAG,0.626719058368,0.626719058368,0.0,True,1,2.59999990463,0.904
3rpi NAG 1000 B,SEP,NAG,0.379199257455,0.141846775078,0.237352482377,False,2,2.59999990463,0.891
3rpf EDO 148 B,GOL,EDO,0.61210669933,0.11758778912,0.49451891021,False,2,1.89999997616,0.886
3rpf EDO 148 A,SO4,EDO,0.392326666585,0.186268459122,0.206058207463,False,3,1.89999997616,0.935
3rpf EDO 147 B,EDO,EDO,0.517361510857,0.517361510857,0.0,True,1,1.89999997616,0.881
3rpf EDO 147 A,EDO,EDO,0.47420830357,0.47420830357,0.0,True,1,1.89999997616,0.827
3roy EDO 780 A,EDO,EDO,0.799019351527,0.799019351527,0.0,True,1,1.79999995232,0.945
3rov IPH 22 K,GOL,IPH,0.300003741563,0.00340399987225,0.296599741691,False,31,2.0,0.92
3rov IPH 22 I,GOL,IPH,0.16909565573,0.014683055241,0.154412600489,False,10,2.0,0.943
3rov IPH 22 E,GOL,IPH,0.147364248114,0.0340804580036,0.11328379011,False,6,2.0,0.94
3rov IPH 22 C,GOL,IPH,0.407391905181,0.00368690205038,0.40370500313,False,17,2.0,0.93
3rnu EDO 2 B,GOL,EDO,0.280768623231,0.159609733055,0.121158890176,False,3,2.5,0.961
3rnu EDO 1 D,SO4,EDO,0.518226949119,0.0154111637495,0.502815785369,False,4,2.5,0.99
3rnj EDO 437 A,EDO,EDO,0.365847388395,0.365847388395,0.0,True,1,1.5,0.935
3rnf 1PE 502 A,C8E,1PE,0.320139160336,0.0157883265755,0.30435083376,False,9,2.20000004768,0.925
3rn9 1PE 504 A,C8E,1PE,0.460857438705,0.00261453472661,0.458242903979,False,18,2.79999995232,0.937
3rn2 EDO 6 B,EDO,EDO,0.359468011651,0.359468011651,0.0,True,1,2.5,0.821
3rn2 EDO 5 B,EDO,EDO,0.555913602431,0.555913602431,0.0,True,1,2.5,0.878
3rn2 EDO 21 L,SO4,EDO,0.745969842639,0.00877495035664,0.737194892283,False,5,2.5,0.809
3rn2 EDO 1 A,SO4,EDO,0.485931858819,0.0747379330387,0.41119392578,False,3,2.5,0.89
3rn1 EDO 374 B,GOL,EDO,0.526699222211,0.173434954701,0.35326426751,False,2,1.89999997616,0.913
3rn1 1PE 387 F,1PE,1PE,0.340267089604,0.340267089604,0.0,True,1,1.89999997616,0.913
3rn0 P6G 387 F,PEG,P6G,0.400639193592,0.0132120804886,0.387427113104,False,11,1.89999997616,0.862
3rn0 MES 389 F,SO4,MES,0.592760824905,0.00147866741999,0.591282157485,False,14,1.89999997616,0.9
3rmz P6G 388 F,PGE,P6G,0.335606961448,0.176384298652,0.159222662796,False,2,1.70000004768,0.918
3rmz MES 389 F,SO4,MES,0.739839006205,0.0529002767857,0.68693872942,False,2,1.70000004768,0.929
3rmz EDO 374 B,GOL,EDO,0.335870139426,0.12325877395,0.212611365477,False,4,1.70000004768,0.925
3rmz EDO 374 A,EDO,EDO,0.779957911912,0.779957911912,0.0,True,1,1.70000004768,0.908
3rmw EDO 269 A,EDO,EDO,0.380097987276,0.380097987276,0.0,True,1,1.89999997616,0.978
3rmw EDO 267 A,EDO,EDO,0.641989150704,0.641989150704,0.0,True,1,1.89999997616,0.861
3rmv UDP 264 A,MN_UDP,MN_UDP,0.98540219235,0.98540219235,0.0,True,1,1.79999995232,0.959
3rmv EDO 265 A,EDO,EDO,0.68444529367,0.68444529367,0.0,True,1,1.79999995232,0.961
3rmu EDO 7 B,EDO,EDO,0.603572991589,0.603572991589,0.0,True,1,1.79999995232,0.931
3rmu EDO 21 C,EDO,EDO,0.585538667381,0.585538667381,0.0,True,1,1.79999995232,0.982
3rmu EDO 19 C,EDO,EDO,0.431047019397,0.431047019397,0.0,True,1,1.79999995232,0.94
3rmu EDO 18 D,EDO,EDO,0.607487184402,0.607487184402,0.0,True,1,1.79999995232,0.965
3rmu EDO 15 B,EDO,EDO,0.587717107965,0.587717107965,0.0,True,1,1.79999995232,0.924
3rmu EDO 14 B,EDO,EDO,0.560106856422,0.560106856422,0.0,True,1,1.79999995232,0.852
3rmu EDO 10 B,SO4,EDO,0.396698090747,0.0201000312308,0.376598059517,False,5,1.79999995232,0.877
3rmk PGE 85 F,PEG,PGE,0.84307726675,0.0353081139075,0.807769152843,False,2,1.89999997616,0.895
3rmi EDO 111 A,EDO,EDO,0.310717398121,0.310717398121,0.0,True,1,2.40000009537,0.815
3rm7 EDO 653 A,EDO,EDO,0.84740739426,0.84740739426,0.0,True,1,1.89999997616,0.942
3rm6 EDO 477 A,EDO,EDO,0.54131501202,0.54131501202,0.0,True,1,1.60000002384,0.94
3rlw NAG 260G H,NAG,NAG,0.996603017726,0.996603017726,0.0,True,1,1.70000004768,
3rlo EDO 7 A,GOL,EDO,0.294116351798,0.223492352521,0.070623999277,False,2,1.79999995232,0.913
3rlo EDO 4 A,EDO,EDO,0.243209627387,0.243209627387,0.0,True,1,1.79999995232,0.81
3rlh PGE 287 A,1PE,PGE,0.281936450588,0.158913908859,0.123022541729,False,3,1.70000004768,0.957
3rlh PEG 288 A,SO4,PEG,0.308828474248,0.0142874811481,0.2945409931,False,6,1.70000004768,0.731
3rlh EDO 293 A,PGE,EDO,0.30454422158,0.0207693870579,0.283774834522,False,6,1.70000004768,0.923
3rlg PGE 292 A,EDO,PGE,0.355612559969,0.0454243354636,0.310188224505,False,5,1.60000002384,0.853
3rlg PGE 289 A,1PE,PGE,0.292973934836,0.0842133532111,0.208760581625,False,4,1.60000002384,0.956
3rlg EDO 287 A,PGE,EDO,0.249347445406,0.025911989116,0.22343545629,False,6,1.60000002384,0.911
3rl9 NAG 247 A,NAG,NAG,0.994945981575,0.994945981575,0.0,True,1,1.89999997616,0.809
3rl4 EDO 333 A,EDO,EDO,0.949740353855,0.949740353855,0.0,True,1,1.29999995232,0.915
3rl3 EDO 333 A,EDO,EDO,0.948394920108,0.948394920108,0.0,True,1,1.39999997616,0.935
3rki NAG 1546 A,BOG,NAG,0.293353605317,0.0583732582711,0.234980347046,False,5,3.20000004768,0.827
3rki NAG 1545 C,NAG,NAG_NAG,0.868187634166,0.0121398804755,0.85604775369,False,3,3.20000004768,0.834
3rki NAG 1545 B,GOL,NAG,0.209504283564,0.054381778558,0.155122505006,False,3,3.20000004768,0.867
3rki NAG 1545 A,NAG,NAG,0.79504387526,0.79504387526,0.0,True,1,3.20000004768,0.771
3rki NAG 1535 B,NAG,NAG,0.930162428764,0.930162428764,0.0,True,1,3.20000004768,0.766
3rki NAG 1525 A,NAG,NAG,0.90344853258,0.90344853258,0.0,True,1,3.20000004768,0.739
3rkg EDO 311 A,EDO,EDO,0.525498432749,0.525498432749,0.0,True,1,1.29999995232,0.734
3rkg EDO 309 A,EDO,EDO,0.875561125116,0.875561125116,0.0,True,1,1.29999995232,0.85
3rke NAG 602 A,NAG,NAG,0.97288776822,0.97288776822,0.0,True,1,2.29999995232,0.95
3rkb EDO 456 A,EDO,EDO,0.663918287099,0.663918287099,0.0,True,1,2.0,0.894
3rjv EDO 235 A,EDO,EDO,0.584916802417,0.584916802417,0.0,True,1,1.60000002384,0.925
3rjv EDO 232 A,EDO,EDO,0.89607082252,0.89607082252,0.0,True,1,1.60000002384,0.952
3rjv EDO 231 A,EDO,EDO,0.639040554259,0.639040554259,0.0,True,1,1.60000002384,0.81
3rjv EDO 230 A,EDO,EDO,0.527057235745,0.527057235745,0.0,True,1,1.60000002384,0.934
3rjv EDO 229 A,EDO,EDO,0.815849059178,0.815849059178,0.0,True,1,1.60000002384,0.856
3rjt EDO 304 A,EDO,EDO,0.330102092316,0.330102092316,0.0,True,1,1.5,0.716
3rjt EDO 303 A,EDO,EDO,0.977483263854,0.977483263854,0.0,True,1,1.5,0.975
3rjt EDO 302 B,EDO,EDO,0.951662977309,0.951662977309,0.0,True,1,1.5,0.981
3rjt EDO 302 A,EDO,EDO,0.822673047194,0.822673047194,0.0,True,1,1.5,0.882
3rjr NAG 3107 C,NAG,NAG,0.864866047336,0.864866047336,0.0,True,1,3.09999990463,0.807
3rjr NAG 3053 D,NAG,NAG,0.676457853064,0.676457853064,0.0,True,1,3.09999990463,0.902
3rjr NAG 3053 C,NAG,NAG,0.890258493437,0.890258493437,0.0,True,1,3.09999990463,0.885
3rjr NAG 3053 B,NAG,NAG,0.852400817967,0.852400817967,0.0,True,1,3.09999990463,0.919
3rjq NAG 886 A,NAG,NAG,0.956814027541,0.956814027541,0.0,True,1,2.59999990463,0.839
3rjq NAG 776 A,NAG,NAG,0.946510772489,0.946510772489,0.0,True,1,2.59999990463,0.808
3rjq NAG 762 A,NAG,NAG,0.977553473889,0.977553473889,0.0,True,1,2.59999990463,0.838
3rjo EDO 2 A,GOL,EDO,0.346002251833,0.103978454604,0.24202379723,False,3,2.29999995232,0.905
3rjo EDO 1 A,GOL,EDO,0.338738105642,0.0601938991829,0.27854420646,False,3,2.29999995232,0.877
3rjd NAG 8 A,NAG,NAG,0.893287573906,0.893287573906,0.0,True,1,2.59999990463,0.677
3rjd NAG 366 A,NAG,NAG,0.735186638855,0.735186638855,0.0,True,1,2.59999990463,0.786
3rjd NAG 283 A,NAG_NAG,NAG_NAG,0.70723313018,0.70723313018,0.0,True,1,2.59999990463,0.947
3rjd NAG 10 A,NAG,NAG,0.905564184393,0.905564184393,0.0,True,1,2.59999990463,0.874
3rj0 NAG 6 A,NAG,NAG,0.731200670424,0.731200670424,0.0,True,1,2.5,0.916
3rj0 NAG 2 A,NAG_NAG,NAG_NAG,0.977310757345,0.977310757345,0.0,True,1,2.5,0.972
3rj0 NAG 11 A,NAG,NAG,0.742572420463,0.742572420463,0.0,True,1,2.5,0.924
3rj0 NAG 1 A,NAG,NAG,0.960275577751,0.960275577751,0.0,True,1,2.5,0.896
3riz NAG 7 A,NAG,NAG_NAG,0.497463636826,0.0464214887633,0.451042148063,False,4,2.5,0.977
3riz NAG 6 A,SO4,NAG,0.318012501024,0.152088198355,0.165924302669,False,3,2.5,0.897
3riz NAG 2 A,NAG_NAG,NAG_NAG,0.968340657651,0.968340657651,0.0,True,1,2.5,0.979
3riz NAG 11 A,NAG,NAG,0.702842771063,0.702842771063,0.0,True,1,2.5,0.891
3riz NAG 1 A,NAG,NAG,0.600235264445,0.600235264445,0.0,True,1,2.5,0.877
3ril NAG 512 C,NAG,NAG,0.889776612602,0.889776612602,0.0,True,1,2.40000009537,0.915
3ril NAG 512 A,NAG,NAG,0.884587507234,0.884587507234,0.0,True,1,2.40000009537,0.934
3ril NAG 508 D,NAG_NAG,NAG,0.919294185762,0.0325075618799,0.886786623882,False,2,2.40000009537,0.93
3ril NAG 508 B,NAG_NAG,NAG,0.944711607336,0.038792596288,0.905919011048,False,2,2.40000009537,0.923
3rik NAG 511 A,NAG,NAG,0.778290044739,0.778290044739,0.0,True,1,2.5,0.935
3rik NAG 510 C,NAG_NAG,NAG,0.429935250172,0.255255301604,0.174679948567,False,2,2.5,0.889
3rik NAG 510 B,NAG_NAG,NAG,0.951605236769,0.022838133439,0.92876710333,False,2,2.5,0.944
3rik NAG 509 D,NAG_NAG,NAG,0.977471675984,0.00978292414759,0.967688751836,False,2,2.5,0.932
3rii EDO 229 B,EDO,EDO,0.574691496463,0.574691496463,0.0,True,1,2.0,0.953
3rii EDO 229 A,EDO,EDO,0.758437546237,0.758437546237,0.0,True,1,2.0,0.933
3rih EDO 279 A,EDO,EDO,0.948400515544,0.948400515544,0.0,True,1,2.20000004768,0.958
3rih EDO 278 C,EDO,EDO,0.626510988797,0.626510988797,0.0,True,1,2.20000004768,0.907
3rih EDO 278 B,GOL,EDO,0.630028519531,0.203103790591,0.426924728941,False,2,2.20000004768,0.896
3rih EDO 278 A,GOL,EDO,0.381485006842,0.124446230117,0.257038776725,False,2,2.20000004768,0.956
3rih EDO 277 C,PEG,EDO,0.671754658337,0.05404308344,0.617711574897,False,4,2.20000004768,0.897
3rih EDO 277 B,EDO,EDO,0.942619691683,0.942619691683,0.0,True,1,2.20000004768,0.955
3rih EDO 277 A,GOL,EDO,0.4575695862,0.0352356865928,0.422333899607,False,5,2.20000004768,0.971
3rih EDO 276 D,EDO,EDO,0.692361402683,0.692361402683,0.0,True,1,2.20000004768,0.857
3rih EDO 276 C,EDO,EDO,0.526355949601,0.526355949601,0.0,True,1,2.20000004768,0.909
3rih EDO 276 B,PEG,EDO,0.313249487436,0.111933220952,0.201316266484,False,2,2.20000004768,0.927
3rih EDO 276 A,EDO,EDO,0.468800723452,0.468800723452,0.0,True,1,2.20000004768,0.901
3rih EDO 275 D,EDO,EDO,0.469027260884,0.469027260884,0.0,True,1,2.20000004768,0.792
3rih EDO 275 C,GOL,EDO,0.318908931159,0.059344716478,0.259564214681,False,4,2.20000004768,0.875
3rih EDO 275 B,EDO,EDO,0.687834666718,0.687834666718,0.0,True,1,2.20000004768,0.858
3rih EDO 275 A,SO4,EDO,0.164039800552,0.134698953343,0.0293408472086,False,2,2.20000004768,0.858
3rih EDO 274 D,PEG,EDO,0.376572181337,0.0880070429062,0.288565138431,False,3,2.20000004768,0.86
3rih EDO 274 C,EDO,EDO,0.837705074141,0.837705074141,0.0,True,1,2.20000004768,0.992
3rih EDO 274 B,EDO,EDO,0.781815368162,0.781815368162,0.0,True,1,2.20000004768,0.935
3rih EDO 274 A,EDO,EDO,0.830789293164,0.830789293164,0.0,True,1,2.20000004768,0.986
3rif NAG 400 C,NAG,NAG,0.445640438433,0.445640438433,0.0,True,1,3.29999995232,0.767
3ri5 NAG 400 E,CLA,NAG,0.320324487584,0.10268789405,0.217636593534,False,2,3.40000009537,0.745
3ri5 NAG 400 C,NAG,NAG,0.715040369634,0.715040369634,0.0,True,1,3.40000009537,0.84
3ri5 NAG 400 B,NAG,NAG,0.277291094502,0.277291094502,0.0,True,1,3.40000009537,0.849
3rhw NAG 400 B,NAG,NAG,0.502398145433,0.502398145433,0.0,True,1,3.29999995232,0.79
3rhf PGE 903 D,CIT,PGE,0.170172651794,0.000995780402156,0.169176871392,False,105,2.40000009537,0.885
3rhf PGE 902 A,PGE,PGE,0.330799661395,0.330799661395,0.0,True,1,2.40000009537,0.902
3rhf PGE 901 D,1PE,PGE,0.662811101096,0.0123143519358,0.65049674916,False,7,2.40000009537,0.924
3rhf PGE 901 A,1PE,PGE,0.456072318642,0.0108639378604,0.445208380781,False,3,2.40000009537,0.94
3rhf EDO 901 C,GOL,EDO,0.258063033762,0.20652383457,0.0515391991926,False,2,2.40000009537,0.882
3rh3 PEG 290 A,GOL,PEG,0.368696202664,0.0742406067681,0.294455595896,False,4,2.09999990463,0.653
3rh3 EDO 294 A,EDO,EDO,0.530848057035,0.530848057035,0.0,True,1,2.09999990463,0.857
3rh3 EDO 293 B,EDO,EDO,0.324587848568,0.324587848568,0.0,True,1,2.09999990463,0.625
3rgz NAG 5731 A,NAG,NAG,0.931823568646,0.931823568646,0.0,True,1,2.29999995232,0.717
3rgz NAG 5451 A,NAG_NAG,NAG_NAG,0.495490734275,0.495490734275,0.0,True,1,2.29999995232,0.973
3rgz NAG 5101 A,NAG,NAG,0.865876042903,0.865876042903,0.0,True,1,2.29999995232,0.805
3rgz NAG 2751 A,NAG,NAG,0.930265688816,0.930265688816,0.0,True,1,2.29999995232,0.962
3rgz NAG 2332 A,SO4,NAG,0.261302966341,0.0115805862373,0.249722380104,False,9,2.29999995232,0.776
3rgz NAG 2331 A,NAG,NAG,0.94962078957,0.94962078957,0.0,True,1,2.29999995232,0.877
3rgz NAG 1541 A,NAG_NAG,NAG_NAG,0.970592756804,0.970592756804,0.0,True,1,2.29999995232,0.979
3rgy NAG 9 A,NAG,NAG,0.411514329267,0.411514329267,0.0,True,1,2.0,0.913
3rgy NAG 8 A,NAG,NAG,0.921190829444,0.921190829444,0.0,True,1,2.0,0.84
3rgy NAG 3 A,NAG,NAG,0.88241279406,0.88241279406,0.0,True,1,2.0,0.796
3rgx NAG 5731 A,NAG_NAG,NAG_NAG,0.337366037928,0.337366037928,0.0,True,1,2.40000009537,0.744
3rgx NAG 5451 A,NAG_NAG,NAG_NAG,0.791574011415,0.791574011415,0.0,True,1,2.40000009537,0.966
3rgx NAG 3511 A,NAG,NAG,0.882311312026,0.882311312026,0.0,True,1,2.40000009537,0.848
3rgx NAG 2751 A,NAG_NAG,NAG_NAG,0.648880875829,0.648880875829,0.0,True,1,2.40000009537,0.94
3rgx NAG 2331 A,NAG,NAG,0.549365396561,0.549365396561,0.0,True,1,2.40000009537,0.888
3rgx NAG 1541 A,NAG_NAG,NAG_NAG,0.966228260237,0.966228260237,0.0,True,1,2.40000009537,0.986
3rgx NAG 1121 A,NAG,NAG,0.98546589134,0.98546589134,0.0,True,1,2.40000009537,0.844
3rgf EDO 467 A,FMT,EDO,0.366630871877,0.277496380358,0.089134491519,False,2,2.20000004768,0.846
3rgf EDO 291 B,EDO,EDO,0.295832164043,0.295832164043,0.0,True,1,2.20000004768,0.841
3rgf EDO 285 B,EDO,EDO,0.435216232336,0.435216232336,0.0,True,1,2.20000004768,0.759
3rgf EDO 284 B,EDO,EDO,0.466146371223,0.466146371223,0.0,True,1,2.20000004768,0.882
3rg1 NAG 901 E,NAG_NAG,NAG_NAG,0.459020788849,0.459020788849,0.0,True,1,2.90000009537,0.932
3rg1 NAG 801 F,NAG_NAG,NAG_NAG,0.864041605225,0.864041605225,0.0,True,1,2.90000009537,0.958
3rg1 NAG 801 E,NAG_NAG,NAG_NAG,0.912580067018,0.912580067018,0.0,True,1,2.90000009537,0.951
3rg1 NAG 801 A,NAG_NAG,NAG_NAG,0.615659620298,0.615659620298,0.0,True,1,2.90000009537,0.957
3rfe NAG 130 B,NAG,NAG,0.635428765753,0.635428765753,0.0,True,1,1.20000004768,0.868
3rez PEG 132 C,SO4,PEG,0.47767574414,0.0108539129089,0.466821831231,False,7,2.40000009537,0.887
3rez NAG 130 C,NAG,NAG,0.956013287193,0.956013287193,0.0,True,1,2.40000009537,0.804
3rez NAG 127 D,NAG,NAG,0.972429843907,0.972429843907,0.0,True,1,2.40000009537,0.754
3rez NAG 127 B,NAG_NAG,NAG,0.399033967531,0.152692146193,0.246341821338,False,3,2.40000009537,0.815
3rev EDO 1 B,GOL,EDO,0.416242091143,0.339578773986,0.0766633171572,False,2,2.09999990463,0.864
3ren EDO 379 A,EDO,EDO,0.850691773933,0.850691773933,0.0,True,1,2.0,0.936
3ren EDO 378 B,EDO,EDO,0.695536857287,0.695536857287,0.0,True,1,2.0,0.946
3ren EDO 376 B,EDO,EDO,0.344611601554,0.344611601554,0.0,True,1,2.0,0.873
3ren EDO 376 A,EDO,EDO,0.677377907765,0.677377907765,0.0,True,1,2.0,0.977
3ren EDO 375 B,EDO,EDO,0.497493258012,0.497493258012,0.0,True,1,2.0,0.968
3ren EDO 375 A,EDO,EDO,0.504913804527,0.504913804527,0.0,True,1,2.0,0.938
3ren EDO 374 B,GOL,EDO,0.571637033169,0.159907227653,0.411729805515,False,2,2.0,0.978
3ren EDO 374 A,EDO,EDO,0.807875606633,0.807875606633,0.0,True,1,2.0,0.93
3ren EDO 373 B,EDO,EDO,0.781207005009,0.781207005009,0.0,True,1,2.0,0.934
3ren EDO 373 A,GOL,EDO,0.498743353464,0.360105647331,0.138637706133,False,2,2.0,0.886
3rdu 1PE 700 A,1PE,1PE,0.236332706879,0.236332706879,0.0,True,1,1.5,0.732
3rds 1PE 700 A,PG4,1PE,0.13666720601,0.094023693127,0.042643512883,False,2,1.5,0.682
3rdm BTN 300 A,NAG,1PE,0.156227975693,0.0218048987789,0.134423076914,False,8,1.60000002384,0.623
3rd5 EDO 301 A,EDO,EDO,0.622336741378,0.622336741378,0.0,True,1,1.5,0.838
3rcw EDO 2 F,EDO,EDO,0.457526140883,0.457526140883,0.0,True,1,2.20000004768,0.731
3rcw EDO 1 G,GOL,EDO,0.840058691961,0.0693719900749,0.770686701886,False,2,2.20000004768,0.886
3rc2 EDO 334 A,EDO,EDO,0.792760488944,0.792760488944,0.0,True,1,1.79999995232,0.977
3rc1 EDO 337 A,EDO,EDO,0.837335924977,0.837335924977,0.0,True,1,1.70000004768,0.967
3rc0 EDO 479 A,EDO,EDO,0.679135441805,0.679135441805,0.0,True,1,2.20000004768,0.969
3rc0 EDO 478 B,EDO,EDO,0.789116815875,0.789116815875,0.0,True,1,2.20000004768,0.945
3rc0 EDO 478 A,EDO,EDO,0.449339701426,0.449339701426,0.0,True,1,2.20000004768,0.939
3rc0 EDO 476 A,EDO,EDO,0.219029876969,0.219029876969,0.0,True,1,2.20000004768,0.916
3rc0 EDO 475 B,EDO,EDO,0.372911863089,0.372911863089,0.0,True,1,2.20000004768,0.837
3rc0 EDO 475 A,EDO,EDO,0.72685589442,0.72685589442,0.0,True,1,2.20000004768,0.977
3rc0 EDO 474 B,EDO,EDO,0.550046215941,0.550046215941,0.0,True,1,2.20000004768,0.934
3rc0 EDO 474 A,ACT,EDO,0.45850320308,0.168045259361,0.29045794372,False,2,2.20000004768,0.976
3rby PGE 703 B,PG4,PGE,0.724547370288,0.034554748576,0.689992621712,False,3,2.29999995232,0.879
3rby PGE 703 A,PG4,PGE,0.322775200836,0.0702147451617,0.252560455674,False,4,2.29999995232,0.877
3rby PGE 702 A,PG4,PGE,0.0724781626799,0.025129498152,0.0473486645279,False,8,2.29999995232,0.928
3rby PGE 701 A,LDA,PGE,0.296504332648,0.0312870822063,0.265217250442,False,6,2.29999995232,0.907
3rbv EDO 333 A,EDO,EDO,0.462523689893,0.462523689893,0.0,True,1,1.89999997616,0.983
3rbu NAG 1761 A,NAG_NAG,NAG_NAG,0.983342604707,0.983342604707,0.0,True,1,1.60000002384,0.929
3rbu NAG 1760 A,NAG,NAG,0.924651276549,0.924651276549,0.0,True,1,1.60000002384,0.835
3rbu NAG 1759 A,NAG,NAG,0.990434159772,0.990434159772,0.0,True,1,1.60000002384,0.838
3rbu NAG 1758 A,NAG,NAG,0.814863330685,0.814863330685,0.0,True,1,1.60000002384,0.924
3rbu NAG 1757 A,NAG,NAG,0.996310874046,0.996310874046,0.0,True,1,1.60000002384,0.832
3rbu NAG 1755 A,NAG_NAG,NAG_NAG,0.967057690598,0.967057690598,0.0,True,1,1.60000002384,0.946
3rbh EDO 8 A,EDO,EDO,0.493432640827,0.493432640827,0.0,True,1,2.29999995232,0.896
3rbh EDO 7 D,EDO,EDO,0.370707616929,0.370707616929,0.0,True,1,2.29999995232,0.959
3rbh EDO 5 C,EDO,EDO,0.364435811858,0.364435811858,0.0,True,1,2.29999995232,0.952
3rbh EDO 495 B,OLC,EDO,0.135608526909,0.0721048695137,0.063503657395,False,4,2.29999995232,0.915
3rbh EDO 494 B,C8E,EDO,0.66191091588,0.00115414068501,0.660756775195,False,33,2.29999995232,0.902
3rbh EDO 493 A,GOL,EDO,0.166276190258,0.12582113639,0.0404550538673,False,2,2.29999995232,0.922
3rbh EDO 492 D,PEG,EDO,0.226133271813,0.0813828472034,0.144750424609,False,4,2.29999995232,0.758
3rbh EDO 492 C,C8E,EDO,0.316987862372,0.00955916609094,0.307428696281,False,13,2.29999995232,0.938
3rbh EDO 492 B,EDO,EDO,0.222655649923,0.222655649923,0.0,True,1,2.29999995232,0.851
3rbh EDO 492 A,GOL,EDO,0.247670461717,0.0355216925454,0.212148769171,False,6,2.29999995232,0.89
3rbh EDO 491 D,SO4,EDO,0.422881141001,0.0638645914031,0.359016549598,False,3,2.29999995232,0.954
3rbh EDO 491 C,PEG,EDO,0.349805552264,0.166346440001,0.183459112264,False,3,2.29999995232,0.918
3rbh EDO 491 B,GOL,EDO,0.528769926726,0.0400621753701,0.488707751356,False,3,2.29999995232,0.887
3rbh EDO 491 A,GOL,EDO,0.552493521935,0.0423161251112,0.510177396824,False,3,2.29999995232,0.936
3rbh EDO 11 C,GOL,EDO,0.308200650805,0.062045881968,0.246154768837,False,3,2.29999995232,0.918
3rbh EDO 1 C,MLY,EDO,0.461215788461,0.00374884898546,0.457466939476,False,26,2.29999995232,0.963
3rbb EDO 2 A,SO4,EDO,0.467779492246,0.0453840994517,0.422395392795,False,3,2.40000009537,0.982
3rbb EDO 1 C,GOL,EDO,0.347818713154,0.2707804325,0.0770382806536,False,2,2.40000009537,0.746
3rar NAG 992 A,NAG_NAG,NAG_NAG,0.942689958463,0.942689958463,0.0,True,1,2.20000004768,0.942
3rar NAG 991 A,NAG,NAG,0.995451194938,0.995451194938,0.0,True,1,2.20000004768,0.925
3rap GTP 181 S,GNP_MG,GTP_MG,0.979035371434,0.0110618110128,0.967973560421,False,2,2.20000004768,0.963
3rap GTP 180 R,GNP_MG,GTP_MG,0.969680408888,0.0142531841923,0.955427224695,False,2,2.20000004768,0.979
3rai EDO 922 A,EDO,EDO,0.876548912209,0.876548912209,0.0,True,1,1.70000004768,0.936
3r9u EDO 601 A,GOL,EDO,0.522725917815,0.117003658564,0.405722259251,False,2,2.40000009537,0.855
3r9s EDO 266 C,EDO,EDO,0.535187119967,0.535187119967,0.0,True,1,2.20000004768,0.813
3r9s EDO 265 C,EDO,EDO,0.502674155413,0.502674155413,0.0,True,1,2.20000004768,0.936
3r9s EDO 265 A,EDO,EDO,0.664542094034,0.664542094034,0.0,True,1,2.20000004768,0.857
3r9s EDO 264 B,EDO,EDO,0.607954935317,0.607954935317,0.0,True,1,2.20000004768,0.638
3r9p PGE 390 A,SO4,PGE,0.527363454753,0.000735684675582,0.526627770078,False,54,1.89999997616,0.758
3r9p PGE 388 B,CIT,PGE,0.091886653066,0.00379101702523,0.0880956360408,False,60,1.89999997616,0.707
3r9p EDO 389 A,PGE,EDO,0.0937043695166,0.0634175060702,0.0302868634464,False,4,1.89999997616,0.933
3r9m EDO 381 A,GOL,EDO,0.457043237623,0.280901297526,0.176141940097,False,2,2.0,0.851
3r9m EDO 380 A,GOL,EDO,0.698761577894,0.120265053005,0.578496524888,False,2,2.0,0.808
3r9m EDO 378 A,EDO,EDO,0.813636915339,0.813636915339,0.0,True,1,2.0,0.938
3r9m EDO 377 A,EDO,EDO,0.42870108315,0.42870108315,0.0,True,1,2.0,0.926
3r9m EDO 375 A,GOL,EDO,0.290119127429,0.024534681858,0.265584445571,False,5,2.0,0.817
3r9m EDO 1 A,GOL,EDO,0.551311898898,0.178545593102,0.372766305796,False,2,2.0,0.933
3r9c EDO 424 A,SO4,EDO,0.463724701394,0.0139615046765,0.449763196717,False,4,2.09999990463,0.747
3r9c EDO 419 A,EDO,EDO,0.307969805449,0.307969805449,0.0,True,1,2.09999990463,0.62
3r9b EDO 510 C,GOL,EDO,0.48857251691,0.041027913559,0.447544603351,False,5,1.89999997616,0.863
3r9b EDO 509 C,GOL,EDO,0.340585298417,0.101863593251,0.238721705166,False,2,1.89999997616,0.885
3r9b EDO 508 C,SO4,EDO,0.840270072522,0.00180490977743,0.838465162745,False,10,1.89999997616,0.765
3r9b EDO 508 A,EDO,EDO,0.564241214065,0.564241214065,0.0,True,1,1.89999997616,0.838
3r9b EDO 507 C,EDO,EDO,0.678730677394,0.678730677394,0.0,True,1,1.89999997616,0.947
3r9b EDO 507 B,GOL,EDO,0.638079544214,0.0844660776287,0.553613466585,False,2,1.89999997616,0.784
3r9b EDO 506 C,FMT,EDO,0.262425159483,0.0949199660502,0.167505193433,False,4,1.89999997616,0.847
3r9b EDO 505 C,EDO,EDO,0.664819912419,0.664819912419,0.0,True,1,1.89999997616,0.885
3r9b EDO 505 B,EDO,EDO,0.437150271247,0.437150271247,0.0,True,1,1.89999997616,0.653
3r9b EDO 505 A,EDO,EDO,0.530555908105,0.530555908105,0.0,True,1,1.89999997616,0.91
3r9b EDO 504 C,GOL,EDO,0.633237502732,0.0899161054995,0.543321397233,False,2,1.89999997616,0.82
3r9b EDO 504 B,EDO,EDO,0.47903151669,0.47903151669,0.0,True,1,1.89999997616,0.84
3r9b EDO 504 A,SO4,EDO,0.258638480299,0.171366939251,0.0872715410478,False,2,1.89999997616,0.796
3r9b EDO 503 B,EDO,EDO,0.505577032666,0.505577032666,0.0,True,1,1.89999997616,0.879
3r94 EDO 333 A,EDO,EDO,0.481206720764,0.481206720764,0.0,True,1,2.0,0.975
3r8h EDO 334 A,EDO,EDO,0.637671954305,0.637671954305,0.0,True,1,1.89999997616,0.984
3r8h EDO 333 A,GOL,EDO,0.606474525335,0.267033776012,0.339440749323,False,2,1.89999997616,0.969
3r8g EDO 332 A,EDO,EDO,0.835485603042,0.835485603042,0.0,True,1,1.79999995232,0.974
3r8f ACP 700 D,ANP,ACP,0.314912280095,0.0553618723214,0.259550407773,False,5,3.40000009537,0.95
3r8f ACP 700 C,ANP,ACP,0.411393270582,0.0531285965778,0.358264674004,False,4,3.40000009537,0.933
3r8f ACP 700 B,ATP,ACP,0.468336961728,0.0368431236837,0.431493838045,False,5,3.40000009537,0.919
3r8f ACP 700 A,AGS,ACP,0.417809981535,0.0396173610679,0.378192620467,False,5,3.40000009537,0.947
3r83 EDO 588 A,EDO,EDO,0.315669571445,0.315669571445,0.0,True,1,1.79999995232,0.874
3r7v EDO 489 A,EDO,EDO,0.621317461088,0.621317461088,0.0,True,1,2.0,0.947
3r7u EDO 522 A,EDO,EDO,0.802228302503,0.802228302503,0.0,True,1,1.79999995232,0.957
3r7t PGE 423 A,1PE,PGE,0.234267805319,0.0314691616443,0.202798643675,False,7,2.29999995232,0.858
3r7t PGE 422 A,PG4,PGE,0.336239331177,0.131417469242,0.204821861935,False,3,2.29999995232,0.93
3r7t PEG 426 A,GOL,PEG,0.45652885041,0.00255619663371,0.453972653776,False,12,2.29999995232,0.871
3r7t PEG 424 A,GOL,PEG,0.422529887038,0.00425187979877,0.418278007239,False,15,2.29999995232,0.812
3r7m EDO 334 A,EDO,EDO,0.502437229534,0.502437229534,0.0,True,1,2.09999990463,0.968
3r7m EDO 333 A,DMS,EDO,0.972832599074,0.00129257505389,0.97154002402,False,4,2.09999990463,0.944
3r7i EDO 504 A,EDO,EDO,0.761785950902,0.761785950902,0.0,True,1,1.89999997616,0.878
3r73 EDO 919 A,EDO,EDO,0.923108101379,0.923108101379,0.0,True,1,1.70000004768,0.902
3r6x EDO 777 A,EDO,EDO,0.585332007996,0.585332007996,0.0,True,1,1.79999995232,0.91
3r6s HEZ 228 F,EDO,HEZ,0.262256134553,0.00846321365052,0.253792920902,False,12,2.40000009537,0.952
3r6k EDO 527 A,PEG,EDO,0.319013934768,0.0789555316697,0.240058403099,False,3,1.60000002384,0.851
3r6i EDO 334 A,EDO,EDO,0.825998430641,0.825998430641,0.0,True,1,2.0,0.939
3r6i EDO 333 A,EDO,EDO,0.577596814224,0.577596814224,0.0,True,1,2.0,0.964
3r6d MLZ 95 A,MLY,MLZ,0.909066127243,0.0121667755344,0.896899351709,False,3,1.20000004768,0.956
3r6d MLZ 63 A,MLY,MLZ,0.575146898327,0.0146521309695,0.560494767357,False,9,1.20000004768,0.957
3r6d MLZ 3 A,ABA,MLZ,0.522655734054,0.0026553663587,0.520000367696,False,17,1.20000004768,0.944
3r6d MLZ 214 A,MLY,MLZ,0.732189598356,0.0311232655635,0.701066332793,False,2,1.20000004768,0.953
3r6d MLZ 17 A,MLY,MLZ,0.934578504596,0.00358153715536,0.93099696744,False,4,1.20000004768,0.972
3r6d MLZ 160 A,MLY,MLZ,0.428401742797,0.00188161039399,0.426520132403,False,29,1.20000004768,0.902
3r6b EDO 2 A,EDO,EDO,0.819419611884,0.819419611884,0.0,True,1,2.40000009537,0.882
3r67 EDO 397 D,EDO,EDO,0.529134639304,0.529134639304,0.0,True,1,2.29999995232,0.895
3r67 EDO 396 D,EDO,EDO,0.277732320743,0.277732320743,0.0,True,1,2.29999995232,0.941
3r67 EDO 395 B,EDO,EDO,0.527083807271,0.527083807271,0.0,True,1,2.29999995232,0.781
3r67 EDO 394 D,GOL,EDO,0.233171219587,0.119519251263,0.113651968324,False,2,2.29999995232,0.891
3r67 EDO 392 A,GOL,EDO,0.756449528768,0.0585396948093,0.697909833958,False,2,2.29999995232,0.98
3r67 EDO 390 B,SO4,EDO,0.434436308106,0.0500836143584,0.384352693748,False,4,2.29999995232,0.913
3r67 EDO 388 A,SO4,EDO,0.622755420622,0.136537238525,0.486218182097,False,2,2.29999995232,0.931
3r67 EDO 387 C,GOL,EDO,0.586374550185,0.172417152884,0.413957397301,False,2,2.29999995232,0.965
3r67 EDO 386 C,GOL,EDO,0.302369641429,0.0184130897659,0.283956551663,False,8,2.29999995232,0.917
3r67 EDO 383 A,EDO,EDO,0.803290137152,0.803290137152,0.0,True,1,2.29999995232,0.946
3r67 EDO 382 A,GOL,EDO,0.221232040004,0.157202598681,0.0640294413222,False,2,2.29999995232,0.952
3r67 EDO 381 C,ACT,EDO,0.199036467146,0.184222611752,0.0148138553937,False,2,2.29999995232,0.976
3r67 EDO 380 C,GOL,EDO,0.828324120419,0.0662913748181,0.762032745601,False,2,2.29999995232,0.967
3r67 EDO 379 B,GOL,EDO,0.576383037998,0.260713459554,0.315669578444,False,2,2.29999995232,0.967
3r67 EDO 378 C,EDO,EDO,0.144844649515,0.144844649515,0.0,True,1,2.29999995232,0.827
3r5x EDO 404 D,GOL,EDO,0.327282591807,0.114292282083,0.212990309724,False,3,2.0,0.907
3r5q NAG 602 A,NAG,NAG,0.977794473401,0.977794473401,0.0,True,1,2.70000004768,0.802
3r5q EDO 722 A,SO4,EDO,0.670869821725,0.016844710164,0.654025111561,False,5,2.70000004768,0.948
3r5o NAG 601 A,NAG,NAG,0.603971210517,0.603971210517,0.0,True,1,2.59999990463,0.831
3r5o NAG 599 A,NAG,NAG,0.956531368916,0.956531368916,0.0,True,1,2.59999990463,0.889
3r5o EDO 603 A,EDO,EDO,0.399033209827,0.399033209827,0.0,True,1,2.59999990463,0.844
3r5l MES 201 A,MES,MES,0.820680870236,0.820680870236,0.0,True,1,1.5,0.9
3r5j ACE 401 E,ACE,ACE,0.899250792235,0.899250792235,0.0,True,1,1.79999995232,0.95
3r58 EDO 335 A,EDO,EDO,0.500706386075,0.500706386075,0.0,True,1,2.29999995232,0.95
3r58 EDO 334 A,ACT,EDO,0.227027468527,0.187369490395,0.039657978132,False,3,2.29999995232,0.81
3r55 NAG 601 A,NAG,NAG,0.969484566269,0.969484566269,0.0,True,1,2.09999990463,0.793
3r55 NAG 599 A,NAG,NAG,0.986564111667,0.986564111667,0.0,True,1,2.09999990463,0.848
3r55 EDO 619 A,SO4,EDO,0.199798378381,0.187898893527,0.0118994848544,False,2,2.09999990463,0.758
3r55 EDO 606 A,EDO,EDO,0.184648930379,0.184648930379,0.0,True,1,2.09999990463,0.769
3r55 EDO 603 A,SO4,EDO,0.937193620968,0.00158862574716,0.935604995221,False,6,2.09999990463,0.775
3r4x PEG 603 A,GOL,PEG,0.30017330362,0.169718751546,0.130454552074,False,2,2.0,0.804
3r4x NAG 601 A,NAG,NAG,0.993907935483,0.993907935483,0.0,True,1,2.0,0.773
3r4x NAG 599 A,NAG,NAG,0.991150136289,0.991150136289,0.0,True,1,2.0,0.836
3r4x EDO 624 A,EDO,EDO,0.320610209066,0.320610209066,0.0,True,1,2.0,0.871
3r4x EDO 623 A,SO4,EDO,0.180882589522,0.121656867509,0.0592257220136,False,3,2.0,0.953
3r4s SIA 6859 B,SUC,SIA,0.268660782087,0.169837277429,0.098823504658,False,2,2.20000004768,0.966
3r4s SIA 6859 A,SUC,SIA,0.445222828757,0.130129156176,0.315093672581,False,2,2.20000004768,0.955
3r4r EDO 326 A,GOL,EDO,0.30173290941,0.209032233331,0.0927006760798,False,2,2.40000009537,0.678
3r4r EDO 325 A,GOL,EDO,0.447417124364,0.250918509085,0.196498615279,False,2,2.40000009537,0.864
3r4r EDO 324 B,EDO,EDO,0.472803354132,0.472803354132,0.0,True,1,2.40000009537,0.854
3r4r EDO 322 A,GOL,EDO,0.411852947093,0.115643270833,0.29620967626,False,2,2.40000009537,0.959
3r4r EDO 321 A,EDO,EDO,0.483229236622,0.483229236622,0.0,True,1,2.40000009537,0.737
3r4l NAG 408 A,NAG,NAG,0.933095884755,0.933095884755,0.0,True,1,2.70000004768,0.908
3r4k EDO 304 C,EDO,EDO,0.446852098485,0.446852098485,0.0,True,1,2.5,0.851
3r4k EDO 303 B,SO4,EDO,0.453861568965,0.0869137426893,0.366947826275,False,3,2.5,0.964
3r4k EDO 301 B,GOL,EDO,0.315574456264,0.0165813406072,0.298993115657,False,8,2.5,0.85
3r4k EDO 300 C,GOL,EDO,0.22086646374,0.0200872297597,0.20077923398,False,4,2.5,0.797
3r48 ACE 0 E,EDO,ACE,0.365672920632,0.0661440359387,0.299528884693,False,3,2.0,0.882
3r48 ACE 0 C,FME,ACE,0.0883120439314,0.00440010450686,0.0839119394245,False,53,2.0,0.936
3r48 ACE 0 A,EDO,ACE,0.452982681064,0.00146905559508,0.451513625469,False,44,2.0,0.952
3r47 ACE 0 H,GOL,ACE,0.234614247824,0.00124249996081,0.233371747863,False,140,2.5,0.911
3r47 ACE 0 F,SO4,ACE,0.189064758729,0.00636004979341,0.182704708935,False,15,2.5,0.896
3r47 ACE 0 E,MLY,ACE,0.199144319166,0.012594133938,0.186550185228,False,11,2.5,0.945
3r47 ACE 0 C,ACE,ACE,0.919666518524,0.919666518524,0.0,True,1,2.5,0.908
3r47 ACE 0 A,MLY,ACE,0.503662819246,0.0128771927074,0.490785626538,False,8,2.5,0.935
3r46 ACE 0 G,PCA,ACE,0.482073683975,0.00216828722364,0.479905396751,False,26,1.79999995232,0.936
3r46 ACE 0 F,MLI,ACE,0.174040303555,0.00193636802788,0.172103935527,False,77,1.79999995232,0.933
3r46 ACE 0 E,MLY,ACE,0.451843474314,0.153021504024,0.29882197029,False,2,1.79999995232,0.928
3r46 ACE 0 C,PCA,ACE,0.381968060607,0.0168745973592,0.365093463248,False,9,1.79999995232,0.965
3r46 ACE 0 B,NAG,ACE,0.115084500404,0.0122956437687,0.102788856636,False,11,1.79999995232,0.944
3r46 ACE 0 A,SO4,ACE,0.251721171392,0.0075828945234,0.244138276868,False,13,1.79999995232,0.909
3r43 EDO 334 A,EDO,EDO,0.554598733568,0.554598733568,0.0,True,1,2.0,0.957
3r43 EDO 333 A,EDO,EDO,0.90510951345,0.90510951345,0.0,True,1,2.0,0.964
3r3g NAG 301 B,NAG,NAG,0.666361826961,0.666361826961,0.0,True,1,1.70000004768,0.689
3r34 EDO 2000 A,EDO,EDO,0.688688273708,0.688688273708,0.0,True,1,1.79999995232,0.984
3r31 EDO 3319 B,GOL,EDO,0.358538842983,0.0425022207097,0.316036622273,False,4,2.09999990463,0.741
3r31 EDO 3318 A,GOL,EDO,0.727974353297,0.0378492684032,0.690125084894,False,3,2.09999990463,0.916
3r2q EDO 309 A,EDO,EDO,0.787252545009,0.787252545009,0.0,True,1,1.10000002384,0.986
3r2d PEG 150 B,SO4,PEG,0.293925637513,0.0131795744166,0.280746063097,False,7,2.20000004768,0.887
3r2d PEG 149 B,GOL,PEG,0.302419716211,0.172007827225,0.130411888986,False,2,2.20000004768,0.923
3r2d PEG 149 A,EDO,PEG,0.305434773814,0.00946811886515,0.295966654949,False,9,2.20000004768,0.812
3r28 EDO 781 A,EDO,EDO,0.786745646999,0.786745646999,0.0,True,1,1.79999995232,0.938
3r23 EDO 312 B,GOL,EDO,0.499112724374,0.0311642258894,0.467948498485,False,4,2.5,0.833
3r23 EDO 312 A,GOL,EDO,0.499256501651,0.207935484023,0.291321017628,False,2,2.5,0.907
3r23 EDO 311 B,EDO,EDO,0.43395022473,0.43395022473,0.0,True,1,2.5,0.879
3r23 EDO 311 A,GOL,EDO,0.25458332369,0.0534381789473,0.201145144743,False,4,2.5,0.868
3r20 EDO 231 A,EDO,EDO,0.429857480701,0.429857480701,0.0,True,1,2.0,0.954
3r1y EDO 487 A,EDO,EDO,0.859922598217,0.859922598217,0.0,True,1,1.79999995232,0.921
3r1s EDO 646 A,EDO,EDO,0.604798239574,0.604798239574,0.0,True,1,1.79999995232,0.934
3r1q EDO 615 A,EDO,EDO,0.951044705719,0.951044705719,0.0,True,1,1.79999995232,0.897
3r1l GTP 1 C,HEM,GTP_MG,0.173532791194,0.0183325979186,0.155200193275,False,8,3.09999990463,0.91
3r1j EDO 299 B,EDO,EDO,0.752228384663,0.752228384663,0.0,True,1,2.0,0.922
3r1j EDO 298 B,GOL,EDO,0.447307248983,0.0503760229615,0.396931226021,False,3,2.0,0.702
3r1j EDO 298 A,EDO,EDO,0.597942398733,0.597942398733,0.0,True,1,2.0,0.945
3r1i EDO 257 A,EDO,EDO,0.48007439165,0.48007439165,0.0,True,1,2.0,0.952
3r0z EDO 453 A,GOL,EDO,0.492691634257,0.160249630942,0.332442003316,False,2,2.40000009537,0.876
3r0z EDO 452 A,SO4,EDO,0.51168430937,0.0522327049892,0.459451604381,False,3,2.40000009537,0.918
3r0x EDO 457 A,EDO,EDO,0.352576099854,0.352576099854,0.0,True,1,1.89999997616,0.846
3r0x EDO 456 A,PEG,EDO,0.527356598076,0.0647808134684,0.462575784607,False,3,1.89999997616,0.851
3r0x EDO 452 A,GOL,EDO,0.545622757827,0.320892584202,0.224730173625,False,2,1.89999997616,0.899
3r0x EDO 451 A,GOL,EDO,0.330877160232,0.0289758696108,0.301901290621,False,5,1.89999997616,0.952
3r0t EDO 347 A,EDO,EDO,0.803787436278,0.803787436278,0.0,True,1,1.79999995232,0.961
3r0o EDO 271 B,EDO,EDO,0.801637817366,0.801637817366,0.0,True,1,2.09999990463,0.963
3r0o EDO 271 A,DMS,EDO,0.541278622906,0.0278561293048,0.513422493601,False,3,2.09999990463,0.962
3r0o EDO 270 C,EDO,EDO,0.653074771621,0.653074771621,0.0,True,1,2.09999990463,0.949
3r0o EDO 270 B,EDO,EDO,0.948282677007,0.948282677007,0.0,True,1,2.09999990463,0.97
3r0o EDO 270 A,EDO,EDO,0.486968303314,0.486968303314,0.0,True,1,2.09999990463,0.966
3r05 NAG 2000 B,NAG,NAG_NAG,0.486403154113,0.068904391739,0.417498762374,False,3,2.90000009537,0.849
3r05 NAG 2000 A,FUC_NAG_NAG,NAG_NAG,0.48670959858,0.177648096863,0.309061501717,False,2,2.90000009537,0.863
3qzv ALY 12 C,NAG,ALY,0.462290146076,0.368135208035,0.0941549380402,False,2,2.0,0.846
3qzt ALY 16 B,SO4,ALY,0.583197520925,0.00350257576157,0.579694945163,False,13,1.5,0.894
3qzs ALY 16 D,ABA,ALY,0.242038115853,0.0431716891506,0.198866426703,False,5,1.79999995232,0.935
3qzs ALY 16 C,ABA,ALY,0.559942827963,0.0188278635197,0.541114964444,False,6,1.79999995232,0.926
3qzi EDO 511 A,EDO,EDO,0.439017660277,0.439017660277,0.0,True,1,1.70000004768,0.914
3qzh EDO 838 A,EDO,EDO,0.658010978483,0.658010978483,0.0,True,1,2.0,0.945
3qz4 EDO 341 B,PG4,EDO,0.229905823539,0.0686006094352,0.161305214104,False,4,1.70000004768,0.942
3qz3 EDO 183 C,NAG,EDO,0.336723822526,0.0088937427989,0.327830079727,False,8,2.09999990463,0.818
3qz3 EDO 182 C,SO4,EDO,0.655327566924,0.0303014035924,0.625026163331,False,4,2.09999990463,0.708
3qz3 EDO 182 A,EDO,EDO,0.4093574658,0.4093574658,0.0,True,1,2.09999990463,0.785
3qyy PEG 503 A,PEG,PEG,0.512960499655,0.512960499655,0.0,True,1,1.89999997616,0.841
3qyt NAG 685 A,NAG,NAG,0.629670459156,0.629670459156,0.0,True,1,2.79999995232,0.784
3qyt NAG 684 A,NAG,NAG,0.93640282985,0.93640282985,0.0,True,1,2.79999995232,0.878
3qyr EDO 250 F,EDO,EDO,0.505944461788,0.505944461788,0.0,True,1,2.5,0.945
3qyr EDO 250 E,EDO,EDO,0.37773450686,0.37773450686,0.0,True,1,2.5,0.97
3qyr EDO 250 D,EDO,EDO,0.591756766469,0.591756766469,0.0,True,1,2.5,0.955
3qyr EDO 250 C,EDO,EDO,0.811931273503,0.811931273503,0.0,True,1,2.5,0.944
3qyr EDO 250 B,GOL,EDO,0.50550523759,0.260849384655,0.244655852935,False,2,2.5,0.963
3qyr EDO 250 A,EDO,EDO,0.787608573149,0.787608573149,0.0,True,1,2.5,0.97
3qya PEG 560 A,EDO,PEG,0.466718961008,0.0110960558327,0.455622905175,False,4,2.09999990463,0.853
3qya EDO 554 A,EDO,EDO,0.826683755483,0.826683755483,0.0,True,1,2.09999990463,0.942
3qya EDO 552 A,EDO,EDO,0.703948830055,0.703948830055,0.0,True,1,2.09999990463,0.894
3qya EDO 549 A,EDO,EDO,0.510244888062,0.510244888062,0.0,True,1,2.09999990463,0.928
3qya EDO 548 A,EDO,EDO,0.789004457358,0.789004457358,0.0,True,1,2.09999990463,0.914
3qy5 TLA 501 A,TLA,TLA,0.84472962328,0.84472962328,0.0,True,1,1.29999995232,0.979
3qy0 EDO 239 A,EDO,EDO,0.428370785255,0.428370785255,0.0,True,1,1.60000002384,0.924
3qy0 EDO 237 A,EDO,EDO,0.814416721418,0.814416721418,0.0,True,1,1.60000002384,0.953
3qy0 EDO 236 A,EDO,EDO,0.398750335295,0.398750335295,0.0,True,1,1.60000002384,0.932
3qy0 EDO 231 A,EDO,EDO,0.505090868503,0.505090868503,0.0,True,1,1.60000002384,0.952
3qy0 EDO 226 A,EDO,EDO,0.603019858976,0.603019858976,0.0,True,1,1.60000002384,0.907
3qy0 EDO 225 A,EDO,EDO,0.902927821661,0.902927821661,0.0,True,1,1.60000002384,0.902
3qxz EDO 268 B,EDO,EDO,0.70777211628,0.70777211628,0.0,True,1,1.39999997616,0.9
3qxz EDO 266 C,EDO,EDO,0.871493305113,0.871493305113,0.0,True,1,1.39999997616,0.962
3qxz EDO 266 B,GOL,EDO,0.24883313717,0.0519492130729,0.196883924097,False,5,1.39999997616,0.941
3qxz EDO 266 A,EDO,EDO,0.886961432189,0.886961432189,0.0,True,1,1.39999997616,0.928
3qxz EDO 265 C,EDO,EDO,0.934921650619,0.934921650619,0.0,True,1,1.39999997616,0.928
3qxz EDO 265 B,EDO,EDO,0.969642993341,0.969642993341,0.0,True,1,1.39999997616,0.979
3qxz EDO 265 A,EDO,EDO,0.60451460999,0.60451460999,0.0,True,1,1.39999997616,0.905
3qxz EDO 264 C,EDO,EDO,0.717827070619,0.717827070619,0.0,True,1,1.39999997616,0.94
3qxz EDO 264 B,EDO,EDO,0.991038528789,0.991038528789,0.0,True,1,1.39999997616,0.982
3qxz EDO 264 A,EDO,EDO,0.603882912838,0.603882912838,0.0,True,1,1.39999997616,0.806
3qxz EDO 263 C,EDO,EDO,0.987782575668,0.987782575668,0.0,True,1,1.39999997616,0.968
3qxz EDO 263 B,EDO,EDO,0.833011586637,0.833011586637,0.0,True,1,1.39999997616,0.97
3qxy EDO 484 A,EDO,EDO,0.60892885179,0.60892885179,0.0,True,1,2.09999990463,0.864
3qxy EDO 479 A,EDO,EDO,0.753236381289,0.753236381289,0.0,True,1,2.09999990463,0.949
3qxy EDO 476 B,EDO,EDO,0.463848246976,0.463848246976,0.0,True,1,2.09999990463,0.942
3qxy EDO 476 A,EDO,EDO,0.79533763278,0.79533763278,0.0,True,1,2.09999990463,0.941
3qxy EDO 475 B,EDO,EDO,0.308762860145,0.308762860145,0.0,True,1,2.09999990463,0.931
3qxx EDO 228 A,EDO,EDO,0.764046934028,0.764046934028,0.0,True,1,1.39999997616,0.885
3qxs EDO 230 A,EDO,EDO,0.885558970597,0.885558970597,0.0,True,1,1.29999995232,0.954
3qxo EDO 667 A,EDO,EDO,0.693529971234,0.693529971234,0.0,True,1,1.70000004768,0.941
3qxj GTP 221 A,GTP_MG,GTP_MG,0.305774264828,0.305774264828,0.0,True,1,1.39999997616,0.952
3qxj EDO 223 A,EDO,EDO,0.891341392548,0.891341392548,0.0,True,1,1.39999997616,0.754
3qxj EDO 222 A,EDO,EDO,0.887815882938,0.887815882938,0.0,True,1,1.39999997616,0.952
3qxc EDO 232 A,EDO,EDO,0.583689837884,0.583689837884,0.0,True,1,1.29999995232,0.924
3qxc EDO 225 A,EDO,EDO,0.971022125899,0.971022125899,0.0,True,1,1.29999995232,0.969
3qxb EDO 366 C,ACT,EDO,0.270862912577,0.055595626286,0.215267286291,False,5,1.89999997616,0.898
3qxb EDO 365 A,EDO,EDO,0.390479652388,0.390479652388,0.0,True,1,1.89999997616,0.934
3qxb EDO 364 D,EDO,EDO,0.705646880516,0.705646880516,0.0,True,1,1.89999997616,0.935
3qxb EDO 361 B,EDO,EDO,0.477883094371,0.477883094371,0.0,True,1,1.89999997616,0.762
3qxb EDO 360 A,FMT,EDO,0.378350450086,0.200556806882,0.177793643204,False,2,1.89999997616,0.917
3qxb EDO 359 A,EDO,EDO,0.327103898247,0.327103898247,0.0,True,1,1.89999997616,0.897
3qxb EDO 358 A,EDO,EDO,0.390520489069,0.390520489069,0.0,True,1,1.89999997616,0.811
3qxb EDO 357 C,EDO,EDO,0.723011370057,0.723011370057,0.0,True,1,1.89999997616,0.959
3qxb EDO 356 B,GOL,EDO,0.411473713551,0.313048403126,0.0984253104247,False,2,1.89999997616,0.828
3qxb EDO 355 A,EDO,EDO,0.749794160007,0.749794160007,0.0,True,1,1.89999997616,0.911
3qx4 EDO 453 A,EDO,EDO,0.567182336663,0.567182336663,0.0,True,1,1.89999997616,0.886
3qx4 EDO 452 A,EDO,EDO,0.744755813618,0.744755813618,0.0,True,1,1.89999997616,0.967
3qx2 EDO 299 A,EDO,EDO,0.714630423415,0.714630423415,0.0,True,1,1.70000004768,0.908
3qww SFG 434 A,SAM,SFG,0.693148896021,0.0884818581026,0.604667037919,False,3,1.79999995232,0.972
3qwr NAG 1200 A,NAG,NAG_NAG,0.522467200383,0.105948743877,0.416518456506,False,2,3.29999995232,0.819
3qwn EDO 279 L,EDO,EDO,0.455964490371,0.455964490371,0.0,True,1,2.40000009537,0.937
3qwn EDO 278 D,EDO,EDO,0.365016189647,0.365016189647,0.0,True,1,2.40000009537,0.96
3qwn EDO 277 I,EDO,EDO,0.391472686846,0.391472686846,0.0,True,1,2.40000009537,0.947
3qwk EDO 492 A,EDO,EDO,0.92210294155,0.92210294155,0.0,True,1,1.89999997616,0.78
3qwk EDO 491 A,EDO,EDO,0.738989165906,0.738989165906,0.0,True,1,1.89999997616,0.937
3qwj EDO 482 A,EDO,EDO,0.849533276917,0.849533276917,0.0,True,1,1.79999995232,0.963
3qwi EDO 275 A,SO4,EDO,0.337732325109,0.225207862408,0.112524462701,False,2,2.5,0.802
3qwi EDO 274 D,EDO,EDO,0.359337076329,0.359337076329,0.0,True,1,2.5,0.854
3qwi EDO 273 A,EDO,EDO,0.695736782729,0.695736782729,0.0,True,1,2.5,0.915
3qwi EDO 272 C,GOL,EDO,0.332917326402,0.122280030587,0.210637295815,False,3,2.5,0.964
3qvr NAG 605 A,NAG,NAG,0.977418300223,0.977418300223,0.0,True,1,1.29999995232,0.96
3qvr NAG 604 A,NAG,NAG,0.967870917347,0.967870917347,0.0,True,1,1.29999995232,0.936
3qvr NAG 603 A,NAG,NAG,0.995172843013,0.995172843013,0.0,True,1,1.29999995232,0.91
3qvr NAG 601 A,BMA_MAN_NAG_NAG,NAG_NAG,0.530546691913,0.129578286112,0.400968405801,False,2,1.29999995232,0.97
3qvq PEG 262 A,PG4,PEG,0.382703865072,0.0360199401992,0.346683924872,False,4,1.60000002384,0.892
3qvp NAG 605 A,NAG,NAG,0.0935242214447,0.0935242214447,0.0,True,1,1.10000002384,0.907
3qvp NAG 604 A,NAG,NAG,0.981019247449,0.981019247449,0.0,True,1,1.10000002384,0.923
3qvp NAG 603 A,NAG,NAG,0.943592602241,0.943592602241,0.0,True,1,1.10000002384,0.972
3qvp NAG 601 A,NAG_NAG,NAG_NAG,0.511626177548,0.511626177548,0.0,True,1,1.10000002384,0.964
3qvi EDO 334 C,GOL,EDO,0.2613355015,0.164418120006,0.0969173814934,False,3,2.5,0.906
3qvi EDO 333 D,EDO,EDO,0.697230212444,0.697230212444,0.0,True,1,2.5,0.929
3qvi EDO 333 C,EDO,EDO,0.475842546377,0.475842546377,0.0,True,1,2.5,0.831
3qvi EDO 331 C,EDO,EDO,0.576543021967,0.576543021967,0.0,True,1,2.5,0.966
3qvi EDO 331 A,EDO,EDO,0.548584525815,0.548584525815,0.0,True,1,2.5,0.835
3qvi EDO 330 D,EDO,EDO,0.437553692887,0.437553692887,0.0,True,1,2.5,0.898
3qvi EDO 330 A,GOL,EDO,0.689673205986,0.0588552013575,0.630818004629,False,2,2.5,0.915
3qve EDO 9 C,EDO,EDO,0.443808228597,0.443808228597,0.0,True,1,2.0,0.958
3qve EDO 8 A,EDO,EDO,0.487631021178,0.487631021178,0.0,True,1,2.0,0.92
3qve EDO 7 A,SO4,EDO,0.249505146216,0.208332625842,0.041172520374,False,2,2.0,0.929
3qve EDO 40 A,EDO,EDO,0.887251601993,0.887251601993,0.0,True,1,2.0,0.947
3qve EDO 4 B,GOL,EDO,0.536769868507,0.16254326711,0.374226601397,False,2,2.0,0.817
3qve EDO 38 C,SO4,EDO,0.464872259905,0.0245949484105,0.440277311494,False,4,2.0,0.764
3qve EDO 343 A,EDO,EDO,0.644115171437,0.644115171437,0.0,True,1,2.0,0.899
3qve EDO 34 C,EDO,EDO,0.379864076281,0.379864076281,0.0,True,1,2.0,0.908
3qve EDO 31 B,EDO,EDO,0.410038517352,0.410038517352,0.0,True,1,2.0,0.903
3qve EDO 3 B,GOL,EDO,0.562012136002,0.177092546219,0.384919589783,False,2,2.0,0.937
3qve EDO 28 B,SO4,EDO,0.863392358661,0.00158173574239,0.861810622919,False,7,2.0,0.878
3qve EDO 26 B,EDO,EDO,0.399565714731,0.399565714731,0.0,True,1,2.0,0.862
3qve EDO 24 A,SO4,EDO,0.953068523159,0.00208666515345,0.950981858005,False,4,2.0,0.925
3qve EDO 23 A,EDO,EDO,0.476744204275,0.476744204275,0.0,True,1,2.0,0.951
3qve EDO 20 A,SO4,EDO,0.607394881676,0.0285085090608,0.578886372615,False,4,2.0,0.925
3qve EDO 17 C,EDO,EDO,0.530418813839,0.530418813839,0.0,True,1,2.0,0.937
3qve EDO 16 B,EDO,EDO,0.678488976446,0.678488976446,0.0,True,1,2.0,0.919
3qve EDO 13 A,EDO,EDO,0.592164443261,0.592164443261,0.0,True,1,2.0,0.924
3qve EDO 11 C,SO4,EDO,0.582281053249,0.0162339492569,0.566047103992,False,5,2.0,0.802
3qve EDO 10 B,EDO,EDO,0.592748666888,0.592748666888,0.0,True,1,2.0,0.912
3qvc EDO 333 A,EDO,EDO,0.529122760608,0.529122760608,0.0,True,1,2.09999990463,0.905
3qvc EDO 332 A,EDO,EDO,0.742598943312,0.742598943312,0.0,True,1,2.09999990463,0.826
3qvc EDO 331 A,EDO,EDO,0.734562621968,0.734562621968,0.0,True,1,2.09999990463,0.926
3qvc EDO 330 A,EDO,EDO,0.852062569494,0.852062569494,0.0,True,1,2.09999990463,0.916
3qvc EDO 329 A,GOL,EDO,0.293711979366,0.222140428275,0.0715715510906,False,2,2.09999990463,0.944
3qvb EDO 269 A,NO3,EDO,0.136509753572,0.118836984379,0.0176727691931,False,3,2.29999995232,0.683
3qvb EDO 267 A,EDO,EDO,0.580938154116,0.580938154116,0.0,True,1,2.29999995232,0.982
3qvb EDO 266 A,GOL,EDO,0.430320851133,0.18540258214,0.244918268993,False,2,2.29999995232,0.953
3qvb EDO 265 A,SO4,EDO,0.793016128356,0.0527096676655,0.740306460691,False,2,2.29999995232,0.931
3qv1 PEG 334 C,EDO,PEG,0.529058454994,0.0121421160199,0.516916338974,False,5,2.0,0.919
3qv1 PEG 334 A,EDO,PEG,0.259225512666,0.0331510805633,0.226074432103,False,6,2.0,0.907
3qv1 EDO 336 C,EDO,EDO,0.582494954237,0.582494954237,0.0,True,1,2.0,0.95
3quz NAG 511 A,NAG,FUC_NAG_NAG,0.14591232541,0.0809828805074,0.0649294449025,False,3,2.29999995232,0.952
3quz NAG 501 A,NAG_NAG,NAG,0.788202437263,0.178472895994,0.609729541269,False,2,2.29999995232,0.92
3quz NAG 500 A,NAG,NAG,0.964597659313,0.964597659313,0.0,True,1,2.29999995232,0.872
3quy NAG 288 A,NAG_NAG,FUC_NAG_NAG,0.751950739944,0.0224344720745,0.72951626787,False,3,2.29999995232,0.964
3quy NAG 287 A,NAG,NAG,0.90977348916,0.90977348916,0.0,True,1,2.29999995232,0.945
3quy NAG 286 A,NAG,NAG,0.986904967548,0.986904967548,0.0,True,1,2.29999995232,0.863
3qux NAG 511 A,NAG,NAG_NAG,0.538641433135,0.353829862918,0.184811570217,False,2,2.90000009537,0.933
3qux NAG 501 A,NAG_NAG,NAG,0.528613728129,0.382226802607,0.146386925523,False,2,2.90000009537,0.91
3qux NAG 500 A,NAG,NAG,0.962440418449,0.962440418449,0.0,True,1,2.90000009537,0.859
3quv EDO 245 A,EDO,EDO,0.625334070752,0.625334070752,0.0,True,1,1.70000004768,0.859
3quv EDO 244 A,GOL,EDO,0.643963986453,0.264654830384,0.379309156069,False,2,1.70000004768,0.964
3quv EDO 243 B,EDO,EDO,0.472408316626,0.472408316626,0.0,True,1,1.70000004768,0.954
3quv EDO 243 A,GOL,EDO,0.358313478915,0.204767531515,0.1535459474,False,2,1.70000004768,0.819
3qum NAG 401 Q,NAG,NAG,0.952249236717,0.952249236717,0.0,True,1,3.20000004768,0.817
3qum NAG 401 P,NAG,FUC_NAG_NAG,0.348939579417,0.288747332386,0.0601922470313,False,2,3.20000004768,0.896
3qu0 EDO 450 A,EDO,EDO,0.551597361987,0.551597361987,0.0,True,1,2.0,0.892
3qtw EDO 447 A,EDO,EDO,0.458254535096,0.458254535096,0.0,True,1,1.79999995232,0.854
3qtq EDO 475 A,EDO,EDO,0.906761093427,0.906761093427,0.0,True,1,1.79999995232,0.918
3qtm EDO 395 B,SO4,EDO,0.212010498373,0.187270547127,0.0247399512461,False,2,2.20000004768,0.942
3qtm EDO 394 B,EDO,EDO,0.436653113356,0.436653113356,0.0,True,1,2.20000004768,0.87
3qtm EDO 394 A,GOL,EDO,0.32272209204,0.0936936601604,0.22902843188,False,4,2.20000004768,0.933
3qtc EDO 817 A,EDO,EDO,0.642603714328,0.642603714328,0.0,True,1,1.79999995232,0.929
3qtc EDO 815 A,GOL,EDO,0.708426722146,0.185266800909,0.523159921237,False,2,1.79999995232,0.952
3qtc EDO 814 A,EDO,EDO,0.975485887168,0.975485887168,0.0,True,1,1.79999995232,0.958
3qtc EDO 812 A,EDO,EDO,0.76420259496,0.76420259496,0.0,True,1,1.79999995232,0.963
3qt9 EDO 431 A,EDO,EDO,0.550257246476,0.550257246476,0.0,True,1,2.09999990463,0.942
3qt9 EDO 428 A,EDO,EDO,0.393367899017,0.393367899017,0.0,True,1,2.09999990463,0.866
3qt3 EDO 432 A,EDO,EDO,0.51936243048,0.51936243048,0.0,True,1,2.40000009537,0.933
3qt3 EDO 430 A,EDO,EDO,0.436419530113,0.436419530113,0.0,True,1,2.40000009537,0.938
3qt3 EDO 428 A,EDO,EDO,0.572392804529,0.572392804529,0.0,True,1,2.40000009537,0.981
3qsz PEG 214 A,SO4,PEG,0.312910178413,0.00146331529496,0.311446863118,False,21,2.40000009537,0.785
3qsp EDO 432 A,EDO,EDO,0.583112426038,0.583112426038,0.0,True,1,2.09999990463,0.926
3qsp EDO 430 A,GOL,EDO,0.399977671003,0.0342567270768,0.365720943926,False,5,2.09999990463,0.974
3qsp EDO 429 B,EDO,EDO,0.711017259939,0.711017259939,0.0,True,1,2.09999990463,0.831
3qs0 TLA 172 D,GOL,TLA,0.455803292878,0.00317401099193,0.452629281887,False,40,2.5,0.876
3qry EDO 430 B,EDO,EDO,0.749386087585,0.749386087585,0.0,True,1,1.79999995232,0.916
3qry EDO 429 B,EDO,EDO,0.872792520329,0.872792520329,0.0,True,1,1.79999995232,0.899
3qry EDO 428 B,GOL,EDO,0.140652409872,0.0118554565732,0.128796953298,False,12,1.79999995232,0.871
3qry EDO 428 A,GOL,EDO,0.34593667674,0.0193568983403,0.3265797784,False,8,1.79999995232,0.616
3qru EDO 492 A,GOL,EDO,0.529885572528,0.072843006911,0.457042565617,False,2,2.0,0.884
3qrt EDO 534 A,EDO,EDO,0.606736970973,0.606736970973,0.0,True,1,1.70000004768,0.963
3qrt EDO 533 A,EDO,EDO,0.98894129182,0.98894129182,0.0,True,1,1.70000004768,0.899
3qrd PEG 122 D,NAG,PEG,0.207951614306,0.045177684715,0.162773929591,False,6,2.20000004768,0.787
3qrd PEG 121 D,GOL,PEG,0.127025546424,0.121402641266,0.00562290515855,False,2,2.20000004768,0.764
3qrd PEG 121 A,GOL,PEG,0.51347875066,0.159402426223,0.354076324437,False,2,2.20000004768,0.88
3qrb PGE 1002 A,OLC,PGE,0.110536522613,0.030961349682,0.0795751729306,False,10,1.79999995232,0.789
3qrb PGE 1001 B,EPE,PGE,0.332702734556,0.0904475878939,0.242255146662,False,2,1.79999995232,0.865
3qrb EDO 903 B,EDO,EDO,0.713162344078,0.713162344078,0.0,True,1,1.79999995232,0.969
3qrb EDO 902 A,EDO,EDO,0.989478493442,0.989478493442,0.0,True,1,1.79999995232,0.969
3qrb EDO 901 A,EDO,EDO,0.496915532065,0.496915532065,0.0,True,1,1.79999995232,0.792
3qqo NAG 331 A,NAG,NAG,0.916376943494,0.916376943494,0.0,True,1,2.90000009537,0.88
3qqm EDO 311 H,DMS,EDO,0.798532201176,0.00744803020468,0.791084170972,False,6,2.29999995232,0.796
3qqm EDO 300 G,SO4,EDO,0.32074560546,0.0930463696378,0.227699235822,False,3,2.29999995232,0.835
3qqm EDO 298 E,EDO,EDO,0.222986846842,0.222986846842,0.0,True,1,2.29999995232,0.846
3qqm EDO 297 F,EDO,EDO,0.391985638617,0.391985638617,0.0,True,1,2.29999995232,0.939
3qqm EDO 296 D,SO4,EDO,0.483384516312,0.0821072807842,0.401277235528,False,2,2.29999995232,0.765
3qqm EDO 287 D,GOL,EDO,0.472501342105,0.28347635941,0.189024982695,False,2,2.29999995232,0.967
3qqm EDO 284 D,EDO,EDO,0.550503531681,0.550503531681,0.0,True,1,2.29999995232,0.917
3qqm EDO 281 H,EDO,EDO,0.365186639892,0.365186639892,0.0,True,1,2.29999995232,0.93
3qqm EDO 280 B,EDO,EDO,0.638705260584,0.638705260584,0.0,True,1,2.29999995232,0.91
3qqm EDO 278 C,ACE,EDO,0.220596869969,0.0180337022253,0.202563167744,False,9,2.29999995232,0.87
3qqm EDO 276 E,EDO,EDO,0.719940670198,0.719940670198,0.0,True,1,2.29999995232,0.937
3qqm EDO 275 A,EDO,EDO,0.452614470822,0.452614470822,0.0,True,1,2.29999995232,0.874
3qqm EDO 274 H,EDO,EDO,0.701630303203,0.701630303203,0.0,True,1,2.29999995232,0.933
3qqm EDO 273 E,EDO,EDO,0.301687306077,0.301687306077,0.0,True,1,2.29999995232,0.86
3qqm EDO 271 D,EDO,EDO,0.428278627537,0.428278627537,0.0,True,1,2.29999995232,0.915
3qqm EDO 270 A,EDO,EDO,0.442811228737,0.442811228737,0.0,True,1,2.29999995232,0.952
3qqm EDO 266 E,EDO,EDO,0.656645224814,0.656645224814,0.0,True,1,2.29999995232,0.959
3qqm EDO 265 A,GOL,EDO,0.295506631361,0.21368947748,0.0818171538806,False,2,2.29999995232,0.944
3qqm EDO 264 D,GOL,EDO,0.25573300573,0.134962108928,0.120770896802,False,3,2.29999995232,0.957
3qqm EDO 263 D,EDO,EDO,0.608017216836,0.608017216836,0.0,True,1,2.29999995232,0.988
3qqm EDO 262 G,EDO,EDO,0.202039899355,0.202039899355,0.0,True,1,2.29999995232,0.877
3qqk EDO 492 A,GOL,EDO,0.473683037235,0.0270991676615,0.446583869573,False,5,1.89999997616,0.829
3qqk EDO 490 A,EDO,EDO,0.744110366333,0.744110366333,0.0,True,1,1.89999997616,0.938
3qqi NAG 5467 B,NAG,NAG,0.997663216786,0.997663216786,0.0,True,1,1.60000002384,0.93
3qqi NAG 5467 A,NAG,NAG,0.983208557578,0.983208557578,0.0,True,1,1.60000002384,0.803
3qqh EDO 302 A,GOL,EDO,0.484134262865,0.34644597716,0.137688285705,False,2,1.89999997616,0.9
3qqh EDO 300 A,EDO,EDO,0.782066973362,0.782066973362,0.0,True,1,1.89999997616,0.883
3qqf EDO 542 A,EDO,EDO,0.85565836529,0.85565836529,0.0,True,1,1.79999995232,0.959
3qqe PEG 176 B,PGE,PEG,0.437376373359,0.268049376757,0.169326996602,False,2,2.09999990463,0.928
3qqe NAG 332 A,NAG,NAG,0.996782514222,0.996782514222,0.0,True,1,2.09999990463,0.823
3qqe NAG 330 A,NAG,NAG,0.952904326808,0.952904326808,0.0,True,1,2.09999990463,0.908
3qqe EDO 1 A,GOL,EDO,0.561402329858,0.25577465846,0.305627671398,False,2,2.09999990463,0.975
3qqb PEG 176 B,PEG,PEG,0.649337378659,0.649337378659,0.0,True,1,2.0,0.929
3qqb NAG 331 A,PEG,NAG,0.130266876783,0.0127816263646,0.117485250418,False,15,2.0,0.859
3qqb NAG 330 A,NAG,NAG,0.989707554015,0.989707554015,0.0,True,1,2.0,0.882
3qqb NAG 175 B,SO4,NAG,0.323755334904,0.0766003660268,0.247154968877,False,4,2.0,0.679
3qqb EDO 1 A,EDO,EDO,0.661508458356,0.661508458356,0.0,True,1,2.0,0.967
3qpu EDO 800 A,EDO,EDO,0.697263287269,0.697263287269,0.0,True,1,2.29999995232,0.979
3qpu EDO 750 A,EDO,EDO,0.528171929304,0.528171929304,0.0,True,1,2.29999995232,0.919
3qpk NAG 741 A,NAG,NAG,0.222147155066,0.222147155066,0.0,True,1,1.89999997616,0.92
3qpk NAG 740 B,NAG,NAG,0.478300186325,0.478300186325,0.0,True,1,1.89999997616,0.918
3qpk NAG 740 A,NAG,NAG,0.959471714184,0.959471714184,0.0,True,1,1.89999997616,0.937
3qpk NAG 730 A,NAG,NAG,0.994757600809,0.994757600809,0.0,True,1,1.89999997616,0.866
3qpk NAG 720 B,ACT,NAG,0.68384761044,0.0136901466219,0.670157463818,False,7,1.89999997616,0.876
3qpk NAG 710 A,NAG,NAG,0.983800334712,0.983800334712,0.0,True,1,1.89999997616,0.951
3qpg EDO 419 A,GOL,EDO,0.26922139186,0.262948704288,0.00627268757241,False,2,1.79999995232,0.915
3qpg EDO 418 A,EDO,EDO,0.595072658131,0.595072658131,0.0,True,1,1.79999995232,0.932
3qpg EDO 417 A,EDO,EDO,0.741616599307,0.741616599307,0.0,True,1,1.79999995232,0.948
3qpf EDO 433 A,EDO,EDO,0.473722042205,0.473722042205,0.0,True,1,2.20000004768,0.935
3qpf EDO 432 B,SO4,EDO,0.386376786422,0.120491926414,0.265884860007,False,2,2.20000004768,0.91
3qpf EDO 432 A,EDO,EDO,0.418755582419,0.418755582419,0.0,True,1,2.20000004768,0.748
3qpf EDO 431 B,EDO,EDO,0.70578335783,0.70578335783,0.0,True,1,2.20000004768,0.873
3qpf EDO 431 A,EDO,EDO,0.621816780434,0.621816780434,0.0,True,1,2.20000004768,0.921
3qpf EDO 430 B,DMS,EDO,0.596206023771,0.185125976343,0.411080047428,False,2,2.20000004768,0.95
3qpf EDO 430 A,PEG,EDO,0.249152555823,0.20913083121,0.0400217246132,False,3,2.20000004768,0.897
3qpf EDO 429 B,EDO,EDO,0.772192050689,0.772192050689,0.0,True,1,2.20000004768,0.897
3qpf EDO 429 A,EDO,EDO,0.903258472294,0.903258472294,0.0,True,1,2.20000004768,0.951
3qpf EDO 428 B,EDO,EDO,0.855784523965,0.855784523965,0.0,True,1,2.20000004768,0.867
3qpf EDO 428 A,GOL,EDO,0.409566997969,0.122331648003,0.287235349965,False,2,2.20000004768,0.876
3qpf EDO 427 B,GOL,EDO,0.533020239047,0.409501640995,0.123518598052,False,2,2.20000004768,0.968
3qpf EDO 427 A,GOL,EDO,0.630175962219,0.129415235781,0.500760726438,False,2,2.20000004768,0.919
3qo2 EDO 4 D,SO4,EDO,0.395959442967,0.0342780326033,0.361681410364,False,3,2.5,0.913
3qo2 EDO 3 C,SO4,EDO,0.419119778135,0.151930389684,0.267189388451,False,3,2.5,0.959
3qo2 EDO 2 D,GOL,EDO,0.522944400647,0.0867654912049,0.436178909442,False,3,2.5,0.928
3qnt NAG 2 A,NAG_NAG,NAG,0.826789869891,0.123368097346,0.703421772545,False,2,2.79999995232,0.882
3qnt NAG 1 A,NAG,NAG,0.871555036322,0.871555036322,0.0,True,1,2.79999995232,0.711
3qnf NAG 1070 C,NAG,NAG,0.548747142259,0.548747142259,0.0,True,1,3.0,0.901
3qnf NAG 1070 B,NAG,NAG,0.964245300724,0.964245300724,0.0,True,1,3.0,0.877
3qnd SIA 1 G,NAG,SIA,0.595671869114,0.0135316860353,0.582140183079,False,3,2.40000009537,0.89
3qnd SIA 1 F,SIA,SIA,0.789264551475,0.789264551475,0.0,True,1,2.40000009537,0.902
3qnd SIA 1 E,SIA,SIA,0.520536529981,0.520536529981,0.0,True,1,2.40000009537,0.922
3qnd SIA 1 C,NAG,SIA,0.976327400053,0.000254722347128,0.976072677706,False,18,2.40000009537,0.892
3qnd SIA 1 B,NAP,SIA,0.24358015447,0.133274977354,0.110305177116,False,2,2.40000009537,0.913
3qnd SIA 1 A,SIA,SIA,0.343364862213,0.343364862213,0.0,True,1,2.40000009537,0.94
3qnc EDO 6 A,EDO,EDO,0.664832056016,0.664832056016,0.0,True,1,1.60000002384,0.873
3qnc EDO 5 B,EDO,EDO,0.67939228234,0.67939228234,0.0,True,1,1.60000002384,0.852
3qnc EDO 4 B,EDO,EDO,0.328039147075,0.328039147075,0.0,True,1,1.60000002384,0.842
3qnc EDO 3 A,SO4,EDO,0.443603948739,0.0332749564535,0.410328992285,False,7,1.60000002384,0.86
3qnc EDO 269 A,SO4,EDO,0.735777387863,0.0444972331979,0.691280154665,False,2,1.60000002384,0.77
3qnc EDO 267 A,EDO,EDO,0.426267603073,0.426267603073,0.0,True,1,1.60000002384,0.882
3qnc EDO 2 A,SO4,EDO,0.561330017473,0.15928920148,0.402040815993,False,2,1.60000002384,0.747
3qnb EDO 9 A,GOL,EDO,0.535723785713,0.400058475618,0.135665310096,False,2,2.0,0.971
3qnb EDO 7 C,EDO,EDO,0.774861285865,0.774861285865,0.0,True,1,2.0,0.927
3qnb EDO 6 C,EDO,EDO,0.577948343591,0.577948343591,0.0,True,1,2.0,0.957
3qnb EDO 5 D,GOL,EDO,0.176899603477,0.0908932835423,0.0860063199349,False,4,2.0,0.955
3qnb EDO 3 B,EDO,EDO,0.359147777604,0.359147777604,0.0,True,1,2.0,0.968
3qnb EDO 268 A,EDO,EDO,0.576033032965,0.576033032965,0.0,True,1,2.0,0.907
3qnb EDO 267 D,GOL,EDO,0.487207917816,0.0262133713809,0.460994546435,False,6,2.0,0.898
3qnb EDO 267 C,GOL,EDO,0.413136159612,0.247507720887,0.165628438725,False,2,2.0,0.941
3qnb EDO 267 A,GOL,EDO,0.485723399219,0.0771911927833,0.408532206436,False,3,2.0,0.905
3qnb EDO 20 C,GOL,EDO,0.536944744645,0.325457710084,0.21148703456,False,2,2.0,0.907
3qnb EDO 2 A,EDO,EDO,0.618113780976,0.618113780976,0.0,True,1,2.0,0.961
3qnb EDO 19 C,EDO,EDO,0.683311492992,0.683311492992,0.0,True,1,2.0,0.955
3qnb EDO 18 B,EDO,EDO,0.724857095469,0.724857095469,0.0,True,1,2.0,0.957
3qnb EDO 17 C,SO4,EDO,0.35627523809,0.0744105580567,0.281864680033,False,3,2.0,0.906
3qnb EDO 16 A,SO4,EDO,0.402123881045,0.236894887434,0.165228993611,False,2,2.0,0.92
3qnb EDO 15 D,EDO,EDO,0.95633100509,0.95633100509,0.0,True,1,2.0,0.896
3qnb EDO 14 B,EDO,EDO,0.416998181009,0.416998181009,0.0,True,1,2.0,0.895
3qnb EDO 13 D,EDO,EDO,0.563202969927,0.563202969927,0.0,True,1,2.0,0.968
3qnb EDO 11 D,EDO,EDO,0.348762290681,0.348762290681,0.0,True,1,2.0,0.94
3qnb EDO 10 A,EDO,EDO,0.683433784205,0.683433784205,0.0,True,1,2.0,0.96
3qnb EDO 1 B,EDO,EDO,0.594213424149,0.594213424149,0.0,True,1,2.0,0.979
3qn6 EDO 417 A,GOL,EDO,0.492570757029,0.398944157593,0.093626599436,False,2,1.79999995232,0.931
3qn6 EDO 416 A,EDO,EDO,0.820511489132,0.820511489132,0.0,True,1,1.79999995232,0.976
3qn6 EDO 415 A,GOL,EDO,0.650922001171,0.22583158662,0.425090414551,False,2,1.79999995232,0.91
3qmo NAG 681 B,NAG,NAG,0.939879911968,0.939879911968,0.0,True,1,3.0,0.796
3qmo NAG 681 A,NAG,NAG,0.985509461644,0.985509461644,0.0,True,1,3.0,0.896
3qmo NAG 671 B,NAG_NAG,NAG_NAG,0.953969978791,0.953969978791,0.0,True,1,3.0,0.962
3qmo NAG 661 B,NAG,NAG,0.730809944534,0.730809944534,0.0,True,1,3.0,0.876
3qmo NAG 661 A,NAG,NAG,0.891222275239,0.891222275239,0.0,True,1,3.0,0.95
3qm9 EDO 203 A,EDO,EDO,0.959777030697,0.959777030697,0.0,True,1,0.899999976158,0.991
3qm6 EDO 203 A,EDO,EDO,0.946308955558,0.946308955558,0.0,True,1,0.899999976158,0.991
3qm5 EDO 203 A,EDO,EDO,0.911435586142,0.911435586142,0.0,True,1,0.899999976158,0.992
3qm0 ALY 290 A,ALY,ALY,0.114414759467,0.114414759467,0.0,True,1,3.09999990463,0.974
3qlu NAG 398 D,NAG,NAG,0.829767599929,0.829767599929,0.0,True,1,2.90000009537,0.883
3qlu NAG 398 C,NAG,NAG,0.990290260915,0.990290260915,0.0,True,1,2.90000009537,0.87
3qlu NAG 398 B,NAG,NAG,0.862128485324,0.862128485324,0.0,True,1,2.90000009537,0.708
3qlu NAG 398 A,NAG,NAG,0.952082302838,0.952082302838,0.0,True,1,2.90000009537,0.876
3qlu NAG 397 D,NAG,NAG,0.424684177264,0.424684177264,0.0,True,1,2.90000009537,0.864
3qlu NAG 397 C,NAG,NAG,0.991900516333,0.991900516333,0.0,True,1,2.90000009537,0.878
3qlu NAG 397 B,NAG,NAG,0.797751488893,0.797751488893,0.0,True,1,2.90000009537,0.899
3qlu NAG 397 A,NAG,NAG,0.796568388581,0.796568388581,0.0,True,1,2.90000009537,0.857
3qlu NAG 396 D,NAG,NAG,0.82916619444,0.82916619444,0.0,True,1,2.90000009537,0.816
3qlu NAG 396 C,NAG,NAG,0.485544167819,0.485544167819,0.0,True,1,2.90000009537,0.91
3qlu NAG 396 B,NAG,NAG,0.993188155884,0.993188155884,0.0,True,1,2.90000009537,0.891
3qlu NAG 396 A,NAG,NAG,0.993079670162,0.993079670162,0.0,True,1,2.90000009537,0.891
3qlu NAG 395 B,NAG,NAG,0.99452766085,0.99452766085,0.0,True,1,2.90000009537,0.915
3qlu NAG 395 A,NAG,NAG,0.985784898835,0.985784898835,0.0,True,1,2.90000009537,0.957
3qlu NAG 394 B,NAG,NAG,0.895287161672,0.895287161672,0.0,True,1,2.90000009537,0.861
3qlt NAG 398 B,NAG,NAG,0.974970146527,0.974970146527,0.0,True,1,3.0,0.833
3qlt NAG 397 A,NAG,NAG,0.919956851928,0.919956851928,0.0,True,1,3.0,0.838
3qlt NAG 396 B,NAG,NAG,0.97173735749,0.97173735749,0.0,True,1,3.0,0.798
3qlt NAG 396 A,NAG,NAG,0.920198394523,0.920198394523,0.0,True,1,3.0,0.804
3qlp NAG 248 H,NAG,NAG,0.987725848115,0.987725848115,0.0,True,1,2.09999990463,0.849
3qlj EDO 306 A,EDO,EDO,0.915175108394,0.915175108394,0.0,True,1,1.79999995232,0.954
3qlj EDO 305 C,EDO,EDO,0.544319031984,0.544319031984,0.0,True,1,1.79999995232,0.953
3qlj EDO 305 B,EDO,EDO,0.882857340492,0.882857340492,0.0,True,1,1.79999995232,0.962
3qlj EDO 305 A,GOL,EDO,0.70770698468,0.12619348825,0.58151349643,False,2,1.79999995232,0.936
3qlj EDO 304 E,EDO,EDO,0.38752434399,0.38752434399,0.0,True,1,1.79999995232,0.886
3qlj EDO 304 C,EDO,EDO,0.938773397905,0.938773397905,0.0,True,1,1.79999995232,0.951
3qlj EDO 303 E,SO4,EDO,0.354088958468,0.132639488956,0.221449469512,False,3,1.79999995232,0.956
3qlj EDO 302 D,EDO,EDO,0.743226488367,0.743226488367,0.0,True,1,1.79999995232,0.94
3qlh EDO 429 B,SO4,EDO,0.328976043883,0.0699682311992,0.259007812684,False,4,2.70000004768,0.925
3ql8 EDO 299 A,EDO,EDO,0.9591967423,0.9591967423,0.0,True,1,1.89999997616,0.937
3ql6 NAG 601 A,NAG,NAG,0.997621717321,0.997621717321,0.0,True,1,1.70000004768,0.938
3ql6 NAG 599 A,NAG,NAG,0.880505324737,0.880505324737,0.0,True,1,1.70000004768,0.831
3ql6 EDO 610 A,EDO,EDO,0.41772819324,0.41772819324,0.0,True,1,1.70000004768,0.76
3ql6 EDO 609 A,EDO,EDO,0.973751927798,0.973751927798,0.0,True,1,1.70000004768,0.89
3qk8 EDO 305 C,EDO,EDO,0.691580188413,0.691580188413,0.0,True,1,1.60000002384,0.92
3qk8 EDO 301 F,EDO,EDO,0.794184645065,0.794184645065,0.0,True,1,1.60000002384,0.923
3qk8 EDO 301 D,EDO,EDO,0.620576741621,0.620576741621,0.0,True,1,1.60000002384,0.886
3qk8 EDO 301 C,GOL,EDO,0.430456912592,0.273552945605,0.156903966986,False,2,1.60000002384,0.939
3qk8 EDO 301 B,EDO,EDO,0.869233462368,0.869233462368,0.0,True,1,1.60000002384,0.938
3qk8 EDO 297 F,EDO,EDO,0.906695004598,0.906695004598,0.0,True,1,1.60000002384,0.957
3qk8 EDO 297 E,EDO,EDO,0.829545151286,0.829545151286,0.0,True,1,1.60000002384,0.865
3qk8 EDO 297 D,GOL,EDO,0.493112324971,0.17531452971,0.317797795261,False,2,1.60000002384,0.958
3qk8 EDO 297 C,EDO,EDO,0.627577172894,0.627577172894,0.0,True,1,1.60000002384,0.958
3qk8 EDO 297 B,EDO,EDO,0.469203468031,0.469203468031,0.0,True,1,1.60000002384,0.958
3qk8 EDO 297 A,EDO,EDO,0.853296346676,0.853296346676,0.0,True,1,1.60000002384,0.934
3qk8 EDO 269 D,EDO,EDO,0.602886012618,0.602886012618,0.0,True,1,1.60000002384,0.828
3qk8 EDO 269 A,GOL,EDO,0.749757394815,0.055603800879,0.694153593936,False,2,1.60000002384,0.852
3qk5 EDO 585 A,GOL,EDO,0.383281060169,0.199400995682,0.183880064487,False,2,2.20000004768,0.849
3qk5 EDO 584 B,EDO,EDO,0.790008390147,0.790008390147,0.0,True,1,2.20000004768,0.844
3qk5 EDO 581 B,GOL,EDO,0.264468263365,0.194026882327,0.0704413810381,False,2,2.20000004768,0.906
3qk5 EDO 581 A,EDO,EDO,0.588267929557,0.588267929557,0.0,True,1,2.20000004768,0.863
3qk5 EDO 580 B,1PE,EDO,0.263167216799,0.0550338436002,0.208133373199,False,7,2.20000004768,0.732
3qk3 EDO 202 B,SO4,EDO,0.70357797696,0.0140354930035,0.689542483957,False,6,2.0,0.823
3qk3 EDO 201 B,EDO,EDO,0.752394378861,0.752394378861,0.0,True,1,2.0,0.971
3qk3 EDO 200 A,GOL,EDO,0.424991586629,0.100742107059,0.324249479569,False,3,2.0,0.952
3qk3 EDO 1 B,GOL,EDO,0.46612871015,0.22531585073,0.24081285942,False,2,2.0,0.871
3qk1 EDO 1004 A,EDO,EDO,0.414173584517,0.414173584517,0.0,True,1,2.09999990463,0.943
3qji NAG 249 A,NAG,NAG,0.986212800253,0.986212800253,0.0,True,1,1.79999995232,0.705
3qj9 PGE 589 A,1PE,PGE,0.222321371147,0.0766325114532,0.145688859694,False,4,2.29999995232,0.875
3qj9 EDO 592 B,GOL,EDO,0.55977832067,0.05420619517,0.5055721255,False,3,2.29999995232,0.878
3qj9 EDO 590 B,GOL,EDO,0.570476360419,0.110048149508,0.460428210911,False,2,2.29999995232,0.898
3qj9 EDO 590 A,1PE,EDO,0.445027469082,0.00355299032152,0.44147447876,False,14,2.29999995232,0.908
3qj9 EDO 586 B,EDO,EDO,0.343891957401,0.343891957401,0.0,True,1,2.29999995232,0.872
3qj9 EDO 585 B,PEG,EDO,0.165099965212,0.0585572231679,0.106542742044,False,3,2.29999995232,0.866
3qj9 EDO 584 B,EDO,EDO,0.453149842998,0.453149842998,0.0,True,1,2.29999995232,0.864
3qj9 EDO 583 A,EDO,EDO,0.424455564234,0.424455564234,0.0,True,1,2.29999995232,0.917
3qj9 EDO 581 B,ACT,EDO,0.312197473067,0.186284766817,0.12591270625,False,2,2.29999995232,0.927
3qj9 EDO 581 A,SO4,EDO,0.281524363529,0.14316321377,0.13836114976,False,2,2.29999995232,0.785
3qj9 EDO 580 B,GOL,EDO,0.424253110243,0.392323522928,0.031929587315,False,2,2.29999995232,0.939
3qj9 EDO 580 A,EDO,EDO,0.29735631428,0.29735631428,0.0,True,1,2.29999995232,0.857
3qj5 1PE 378 B,1PE,1PE,0.384565355977,0.384565355977,0.0,True,1,1.89999997616,0.801
3qj5 1PE 378 A,PEG,1PE,0.633726288937,0.0537546926421,0.579971596295,False,3,1.89999997616,0.868
3qj1 TLA 172 C,GOL,TLA,0.381598999287,0.00623200977463,0.375366989512,False,14,3.20000004768,0.83
3qj1 PEG 172 B,MLY,PEG,0.154771427462,0.00266421640922,0.152107211053,False,36,3.20000004768,0.779
3qj0 EDO 701 A,SO4,EDO,0.233350490441,0.0827118588478,0.150638631594,False,4,2.29999995232,0.937
3qj0 EDO 700 A,EDO,EDO,0.288991968572,0.288991968572,0.0,True,1,2.29999995232,0.96
3qiy EDO 701 A,SO4,EDO,0.36284517136,0.0651633184385,0.297681852922,False,4,2.29999995232,0.896
3qix EDO 700 A,GOL,EDO,0.189869072908,0.143123111471,0.046745961437,False,3,2.40000009537,0.919
3qiw NAG 901 B,NAG,NAG,0.961779831653,0.961779831653,0.0,True,1,3.29999995232,0.771
3qiw NAG 901 A,NAG,NAG,0.896522998609,0.896522998609,0.0,True,1,3.29999995232,0.841
3qiu NAG 901 B,NAG,NAG,0.984833587236,0.984833587236,0.0,True,1,2.70000004768,0.799
3qiu NAG 901 A,NAG,NAG,0.464246005946,0.464246005946,0.0,True,1,2.70000004768,0.886
3qib PEG 247 D,PG4,PEG,0.684538385154,0.00282829450294,0.681710090651,False,14,2.70000004768,0.95
3qib PEG 246 D,GOL,PEG,0.523383603393,0.122962234261,0.400421369132,False,2,2.70000004768,0.873
3qib PEG 245 D,GOL,PEG,0.292120128889,0.0997188069977,0.192401321891,False,3,2.70000004768,0.946
3qib PEG 210 C,GOL,PEG,0.200060132963,0.0154848073941,0.184575325569,False,10,2.70000004768,0.863
3qib PEG 209 C,C8E,PEG,0.263378956131,0.0267512384494,0.236627717682,False,4,2.70000004768,0.809
3qib PEG 208 C,EDO,PEG,0.344280707464,0.145459677775,0.198821029688,False,3,2.70000004768,0.935
3qib PEG 199 B,GOL,PEG,0.312991009664,0.0601475868651,0.252843422799,False,4,2.70000004768,0.757
3qi9 NAG 403 A,NAG_NAG,NAG_NAG,0.945325223506,0.945325223506,0.0,True,1,2.29999995232,0.908
3qi9 NAG 402 A,NAG,NAG,0.565941481669,0.565941481669,0.0,True,1,2.29999995232,0.905
3qi9 NAG 401 A,NAG,NAG,0.966736457146,0.966736457146,0.0,True,1,2.29999995232,0.711
3qi6 EDO 389 D,ACT,EDO,0.347375799516,0.137854512002,0.209521287514,False,3,1.89999997616,0.826
3qhr TPO 160 A,SEP,TPO,0.695134127562,0.234463736272,0.460670391291,False,2,2.20000004768,0.947
3qhq EDO 234 B,EDO,EDO,0.679245068414,0.679245068414,0.0,True,1,2.0,0.968
3qhq EDO 233 B,GOL,EDO,0.831592160719,0.0984846773537,0.733107483365,False,2,2.0,0.671
3qhq EDO 232 A,EDO,EDO,0.745956130169,0.745956130169,0.0,True,1,2.0,0.946
3qh3 EDO 249 D,GOL,EDO,0.468068796072,0.225004917851,0.243063878221,False,2,2.20000004768,0.823
3qh3 EDO 248 B,EDO,EDO,0.399611021217,0.399611021217,0.0,True,1,2.20000004768,0.823
3qh3 EDO 197 C,EDO,EDO,0.412595888601,0.412595888601,0.0,True,1,2.20000004768,0.915
3qh3 EDO 195 C,EDO,EDO,0.294303674828,0.294303674828,0.0,True,1,2.20000004768,0.647
3qh3 EDO 195 A,EDO,EDO,0.262605538713,0.262605538713,0.0,True,1,2.20000004768,0.836
3qh0 NAG 681 B,NAG,NAG,0.991759170473,0.991759170473,0.0,True,1,2.09999990463,0.746
3qh0 NAG 681 A,NAG,NAG,0.979249969039,0.979249969039,0.0,True,1,2.09999990463,0.835
3qh0 NAG 671 B,NAG_NAG,NAG_NAG,0.940117099036,0.940117099036,0.0,True,1,2.09999990463,0.97
3qh0 NAG 671 A,NAG_NAG,NAG_NAG,0.975218199443,0.975218199443,0.0,True,1,2.09999990463,0.953
3qh0 NAG 661 B,NAG,NAG,0.445540732034,0.445540732034,0.0,True,1,2.09999990463,0.807
3qh0 EDO 9 B,SO4,EDO,0.308892808704,0.0731637845678,0.235729024137,False,4,2.09999990463,0.795
3qh0 EDO 8 B,EDO,EDO,0.79909320132,0.79909320132,0.0,True,1,2.09999990463,0.976
3qh0 EDO 626 B,EDO,EDO,0.700328636725,0.700328636725,0.0,True,1,2.09999990463,0.728
3qh0 EDO 625 B,EDO,EDO,0.49680793432,0.49680793432,0.0,True,1,2.09999990463,0.857
3qh0 EDO 624 B,GOL,EDO,0.348002217794,0.132194803652,0.215807414141,False,2,2.09999990463,0.901
3qh0 EDO 624 A,EDO,EDO,0.456008573316,0.456008573316,0.0,True,1,2.09999990463,0.853
3qh0 EDO 623 B,GOL,EDO,0.409093265521,0.223856484152,0.18523678137,False,2,2.09999990463,0.676
3qh0 EDO 623 A,EDO,EDO,0.672260839546,0.672260839546,0.0,True,1,2.09999990463,0.871
3qh0 EDO 622 B,EDO,EDO,0.205223399443,0.205223399443,0.0,True,1,2.09999990463,0.831
3qh0 EDO 622 A,EDO,EDO,0.627581176402,0.627581176402,0.0,True,1,2.09999990463,0.964
3qh0 EDO 621 B,EDO,EDO,0.583071038462,0.583071038462,0.0,True,1,2.09999990463,0.954
3qh0 EDO 621 A,EDO,EDO,0.484309969448,0.484309969448,0.0,True,1,2.09999990463,0.944
3qh0 EDO 620 A,GOL,EDO,0.381748610805,0.132540868794,0.249207742011,False,2,2.09999990463,0.969
3qh0 EDO 619 B,SO4,EDO,0.503845533394,0.0415416404985,0.462303892895,False,4,2.09999990463,0.84
3qh0 EDO 619 A,EDO,EDO,0.650336066541,0.650336066541,0.0,True,1,2.09999990463,0.963
3qh0 EDO 6 B,EDO,EDO,0.454277442589,0.454277442589,0.0,True,1,2.09999990463,0.924
3qh0 EDO 5 A,SO4,EDO,0.379985518073,0.109990373717,0.269995144357,False,4,2.09999990463,0.788
3qh0 EDO 4 A,EDO,EDO,0.621262785286,0.621262785286,0.0,True,1,2.09999990463,0.944
3qh0 EDO 3 B,EDO,EDO,0.779446326224,0.779446326224,0.0,True,1,2.09999990463,0.953
3qh0 EDO 2 B,EDO,EDO,0.835287818158,0.835287818158,0.0,True,1,2.09999990463,0.96
3qh0 EDO 1 A,EDO,EDO,0.542663196796,0.542663196796,0.0,True,1,2.09999990463,0.952
3qgn NAG 301 B,NAG,NAG,0.996300251379,0.996300251379,0.0,True,1,2.09999990463,0.79
3qgm EDO 505 B,GOL,EDO,0.418488223386,0.311153998514,0.107334224872,False,2,2.0,0.811
3qgj EDO 203 A,EDO,EDO,0.960633615577,0.960633615577,0.0,True,1,1.29999995232,0.956
3qgj EDO 202 A,EDO,EDO,0.741392993587,0.741392993587,0.0,True,1,1.29999995232,0.973
3qgj EDO 201 A,EDO,EDO,0.65218847012,0.65218847012,0.0,True,1,1.29999995232,0.904
3qgj ACE 1 D,ACE,ACE,0.854400743889,0.854400743889,0.0,True,1,1.29999995232,0.775
3qgj ACE 1 B,ACE,ACE,0.860822142975,0.860822142975,0.0,True,1,1.29999995232,0.835
3qg9 EDO 576 A,GOL,EDO,0.552388350172,0.0733246834919,0.47906366668,False,3,2.20000004768,0.97
3qg7 P6G 231 H,GOL,P6G,0.167626080074,0.013855935323,0.153770144751,False,8,2.79999995232,0.892
3qfv EDO 421 B,GOL,EDO,0.574516899895,0.0820527293309,0.492464170564,False,3,2.59999990463,0.963
3qfv EDO 417 A,FMT,EDO,0.746764172768,0.0516853394615,0.695078833306,False,3,2.59999990463,0.818
3qfk EDO 516 A,EDO,EDO,0.531471404058,0.531471404058,0.0,True,1,2.09999990463,0.899
3qfh EDO 4 A,SO4,EDO,0.653633177019,0.0349251125809,0.618708064438,False,4,2.0,0.906
3qfe EDO 319 B,PG4,EDO,0.366056574412,0.145744923812,0.2203116506,False,2,2.40000009537,0.862
3qf1 EDO 598 A,EDO,EDO,0.341701910004,0.341701910004,0.0,True,1,2.59999990463,0.936
3qem NAG 406 A,NAG,NAG,0.96130479272,0.96130479272,0.0,True,1,3.0,0.908
3qem NAG 395 B,NAG,NAG,0.919159375903,0.919159375903,0.0,True,1,3.0,0.855
3qem NAG 1 D,NAG,NAG,0.95339466576,0.95339466576,0.0,True,1,3.0,0.857
3qem NAG 1 C,NAG,NAG,0.934240636969,0.934240636969,0.0,True,1,3.0,0.819
3qem NAG 1 B,NAG,NAG,0.966522839615,0.966522839615,0.0,True,1,3.0,0.825
3qel NAG 502 C,NAG,NAG,0.971867544158,0.971867544158,0.0,True,1,2.59999990463,0.813
3qel NAG 502 B,NAG,NAG,0.53322425727,0.53322425727,0.0,True,1,2.59999990463,0.898
3qel NAG 502 A,NAG,NAG,0.990458824145,0.990458824145,0.0,True,1,2.59999990463,0.907
3qel NAG 501 B,NAG,NAG,0.748210347816,0.748210347816,0.0,True,1,2.59999990463,0.851
3qek NAG 503 B,NAG,NAG,0.404644163058,0.404644163058,0.0,True,1,2.0,0.839
3qek NAG 503 A,NAG,NAG,0.983289668349,0.983289668349,0.0,True,1,2.0,0.817
3qek NAG 502 B,NAG,NAG,0.911316905466,0.911316905466,0.0,True,1,2.0,0.841
3qek NAG 502 A,NAG,NAG,0.957451780338,0.957451780338,0.0,True,1,2.0,0.873
3qef EDO 336 B,EDO,EDO,0.917481250038,0.917481250038,0.0,True,1,1.79999995232,0.972
3qef EDO 336 A,EDO,EDO,0.560969680124,0.560969680124,0.0,True,1,1.79999995232,0.952
3qdy ACE 0 B,ACE,ACE,0.670985948169,0.670985948169,0.0,True,1,2.0,0.97
3qdy ACE 0 A,ACE,ACE,0.493980900122,0.493980900122,0.0,True,1,2.0,0.977
3qdx ACE 0 B,ACT,ACE,0.641562606148,0.000887444698676,0.64067516145,False,22,1.70000004768,0.964
3qdx ACE 0 A,EDO,ACE,0.204837435008,0.085968989717,0.118868445291,False,2,1.70000004768,0.952
3qdw ACE 0 B,ACE,ACE,0.581010260824,0.581010260824,0.0,True,1,1.89999997616,0.985
3qdw ACE 0 A,MLY,ACE,0.294543252987,0.132162210578,0.162381042409,False,2,1.89999997616,0.968
3qdv ACE 0 B,ACE,ACE,0.966412090076,0.966412090076,0.0,True,1,1.29999995232,0.978
3qdv ACE 0 A,ACE,ACE,0.993498939904,0.993498939904,0.0,True,1,1.29999995232,0.929
3qdu ACE 0 D,ACE,ACE,0.427134840006,0.427134840006,0.0,True,1,2.0,0.955
3qdu ACE 0 C,GOL,ACE,0.232493578758,0.0235154481493,0.208978130609,False,10,2.0,0.912
3qdu ACE 0 B,MLY,ACE,0.395716528644,0.05806786632,0.337648662324,False,3,2.0,0.883
3qdu ACE 0 A,ACE,ACE,0.952864282665,0.952864282665,0.0,True,1,2.0,0.979
3qdt ACE 0 B,ACE,ACE,0.907652389263,0.907652389263,0.0,True,1,1.29999995232,0.982
3qdt ACE 0 A,ACE,ACE,0.979701379982,0.979701379982,0.0,True,1,1.29999995232,0.955
3qds ACE 0 B,ACE,ACE,0.881856114744,0.881856114744,0.0,True,1,1.20000004768,0.964
3qds ACE 0 A,ACE,ACE,0.99176241082,0.99176241082,0.0,True,1,1.20000004768,0.965
3qdp MLZ 351 A,MLY,MLZ,0.298193813049,0.0148633311455,0.283330481904,False,7,2.20000004768,0.979
3qdf EDO 270 A,GOL,EDO,0.310761078272,0.0505814697596,0.260179608513,False,5,2.09999990463,0.896
3qdf EDO 269 A,EDO,EDO,0.720929699275,0.720929699275,0.0,True,1,2.09999990463,0.917
3qdc RET 240 A,RET,RET,0.943740172977,0.943740172977,0.0,True,1,2.5,0.919
3qd6 NAG 1411 B,NAG,NAG,0.858058263229,0.858058263229,0.0,True,1,3.5,0.882
3qd6 NAG 1411 A,NAG,NAG,0.981490476116,0.981490476116,0.0,True,1,3.5,0.886
3qd5 EDO 164 B,EDO,EDO,0.944982926022,0.944982926022,0.0,True,1,1.89999997616,0.984
3qd5 EDO 164 A,EDO,EDO,0.91806461721,0.91806461721,0.0,True,1,1.89999997616,0.973
3qd2 TPO 980 B,SO4,TPO,0.789117586948,0.0630993307471,0.726018256201,False,2,2.79999995232,0.867
3qcw NAG 2000 B,FUC_NAG_NAG,NAG_NAG,0.346845443035,0.0680915925938,0.278753850442,False,3,2.70000004768,0.869
3qcw NAG 2000 A,NAG_NAG,NAG,0.651534594442,0.215734097117,0.435800497326,False,2,2.70000004768,0.893
3qct PGE 214 L,PGE,PGE,0.215128464895,0.215128464895,0.0,True,1,2.09999990463,0.849
3qcm MES 2051 B,SO4,MES,0.430391026575,0.00287793871892,0.427513087856,False,14,2.40000009537,0.963
3qcm MES 2051 A,EPE,MES,0.371968580433,0.290897691021,0.0810708894123,False,2,2.40000009537,0.972
3qc2 PGE 392 B,PG4,PGE,0.752416289342,0.0508238151199,0.701592474222,False,3,2.29999995232,0.865
3qc2 PGE 390 A,PG4,PGE,0.550345668209,0.00672214462588,0.543623523583,False,9,2.29999995232,0.918
3qc2 PEG 391 A,PEG,PEG,0.26858606218,0.26858606218,0.0,True,1,2.29999995232,0.82
3qc2 PEG 389 B,GOL,PEG,0.322141024498,0.265389809038,0.0567512154599,False,2,2.29999995232,0.908
3qc2 PEG 388 B,GOL,PEG,0.409494790469,0.00660940121931,0.402885389249,False,9,2.29999995232,0.794
3qc2 PEG 387 B,PEG,PEG,0.384674150135,0.384674150135,0.0,True,1,2.29999995232,0.834
3qbm PGE 210 A,PEG,PGE,0.436812938653,0.0156553679752,0.421157570678,False,6,1.79999995232,0.837
3qbm PEG 204 B,PEG,PEG,0.616397570768,0.616397570768,0.0,True,1,1.79999995232,0.941
3qbm PEG 202 B,PEG,PEG,0.445886296493,0.445886296493,0.0,True,1,1.79999995232,0.854
3qbl RET 292 D,GOL,RET,0.261327125207,0.0190385051001,0.242288620107,False,8,2.20000004768,0.861
3qbl RET 292 B,RET,RET,0.972658321899,0.972658321899,0.0,True,1,2.20000004768,0.961
3qbl RET 292 A,RET,RET,0.440395912364,0.440395912364,0.0,True,1,2.20000004768,0.958
3qbk RET 292 D,RET,RET,0.684118877801,0.684118877801,0.0,True,1,2.20000004768,0.844
3qbk RET 292 B,RET,RET,0.887358215922,0.887358215922,0.0,True,1,2.20000004768,0.963
3qbk RET 292 A,RET,RET,0.943195995486,0.943195995486,0.0,True,1,2.20000004768,0.96
3qbj NAG 800 A,GOL,NAG,0.662069149273,0.0375362685681,0.624532880705,False,3,2.20000004768,0.83
3qbj NAG 798 A,EDO,NAG,0.612212576389,0.0034832004411,0.608729375948,False,13,2.20000004768,0.826
3qbj NAG 796 B,GOL,NAG,0.226990502381,0.0616528075244,0.165337694857,False,3,2.20000004768,0.852
3qbj NAG 794 B,NAG,NAG,0.988427907755,0.988427907755,0.0,True,1,2.20000004768,0.937
3qbj NAG 794 A,NAG,NAG,0.593209209943,0.593209209943,0.0,True,1,2.20000004768,0.926
3qbi RET 292 D,PLM,RET,0.1048749011,0.0124440493473,0.0924308517531,False,19,2.09999990463,0.857
3qbi RET 292 B,RET,RET,0.268818736061,0.268818736061,0.0,True,1,2.09999990463,0.915
3qbi RET 292 A,RET,RET,0.311710444403,0.311710444403,0.0,True,1,2.09999990463,0.914
3qbg RET 292 D,RET,RET,0.99137581158,0.99137581158,0.0,True,1,1.79999995232,0.935
3qbg RET 292 B,RET,RET,0.955218426863,0.955218426863,0.0,True,1,1.79999995232,0.953
3qbg RET 292 A,RET,RET,0.931395293342,0.931395293342,0.0,True,1,1.79999995232,0.919
3qb7 NAG 300 D,NAG,NAG,0.903011775838,0.903011775838,0.0,True,1,3.20000004768,0.868
3qb7 NAG 300 C,NAG,NAG,0.78896604113,0.78896604113,0.0,True,1,3.20000004768,0.809
3qb7 NAG 233 D,NAG_NAG,NAG_NAG,0.258470229019,0.258470229019,0.0,True,1,3.20000004768,0.959
3qb7 NAG 233 C,NAG_NAG,NAG_NAG,0.879674993585,0.879674993585,0.0,True,1,3.20000004768,0.944
3qaz NAG 400 O,NAG,NAG,0.939555017301,0.939555017301,0.0,True,1,3.79999995232,0.752
3qaz NAG 400 L,NAG,NAG,0.235507349309,0.235507349309,0.0,True,1,3.79999995232,0.691
3qaz NAG 400 I,NAG,NAG,0.899629932501,0.899629932501,0.0,True,1,3.79999995232,0.789
3qaz NAG 400 F,NAG,NAG,0.949263045344,0.949263045344,0.0,True,1,3.79999995232,0.756
3qaz NAG 300 R,NAG,NAG,0.373335132782,0.373335132782,0.0,True,1,3.79999995232,0.848
3qaz NAG 300 O,MAN,NAG,0.242631564505,0.144427232477,0.0982043320285,False,2,3.79999995232,0.84
3qaz NAG 300 L,NAG,NAG,0.863068967224,0.863068967224,0.0,True,1,3.79999995232,0.895
3qaz NAG 300 I,NAG,NAG,0.400408030961,0.400408030961,0.0,True,1,3.79999995232,0.87
3qaz NAG 300 F,NAG,NAG,0.762903916166,0.762903916166,0.0,True,1,3.79999995232,0.82
3qaz NAG 300 C,BMA_NAG_NAG,NAG,0.443708331004,0.0613480355995,0.382360295405,False,3,3.79999995232,0.892
3qaz NAG 234 R,NAG,NAG,0.863950991023,0.863950991023,0.0,True,1,3.79999995232,0.916
3qaz NAG 234 O,NAG_NAG,NAG_NAG,0.659029432423,0.659029432423,0.0,True,1,3.79999995232,0.945
3qaz NAG 234 I,NAG,NAG_NAG,0.629498309871,0.211897579755,0.417600730116,False,2,3.79999995232,0.941
3qaz NAG 234 F,NAG,NAG,0.482201385069,0.482201385069,0.0,True,1,3.79999995232,0.928
3qaz NAG 234 C,NAG,NAG,0.744142894388,0.744142894388,0.0,True,1,3.79999995232,0.905
3qaz NAG 233 L,NAG,NAG,0.703876974047,0.703876974047,0.0,True,1,3.79999995232,0.925
3qaz NAG 216 K,NAG_NAG,NAG_NAG,0.408999244153,0.408999244153,0.0,True,1,3.79999995232,0.889
3qaz NAG 215 i,NAG_NAG,NAG,0.211969297199,0.096772395831,0.115196901368,False,3,3.79999995232,0.942
3qaz NAG 215 f,HEM,NAG,0.220629742149,0.207232898202,0.013396843947,False,2,3.79999995232,0.941
3qaz NAG 215 c,NAG,NAG,0.424343378764,0.424343378764,0.0,True,1,3.79999995232,0.932
3qaz NAG 215 Z,GTP,NAG,0.19754908477,0.0596692792204,0.13787980555,False,6,3.79999995232,0.862
3qaz NAG 215 W,NAG,NAG,0.359135527874,0.359135527874,0.0,True,1,3.79999995232,0.929
3qaz NAG 215 T,NAG_NAG,NAG_NAG,0.87352822951,0.87352822951,0.0,True,1,3.79999995232,0.946
3qaz NAG 215 Q,BMA_NAG_NAG,NAG_NAG,0.454293635878,0.440328558503,0.0139650773749,False,2,3.79999995232,0.922
3qaz NAG 215 N,NAG_NAG,NAG_NAG,0.677351727131,0.677351727131,0.0,True,1,3.79999995232,0.917
3qaz NAG 215 H,ACO,NAG_NAG,0.120249557042,0.0742105217094,0.0460390353326,False,3,3.79999995232,0.93
3qaz NAG 215 E,NAG_NAG,NAG_NAG,0.85206660801,0.85206660801,0.0,True,1,3.79999995232,0.913
3qaz NAG 215 B,NAG_NAG,NAG_NAG,0.665537632728,0.665537632728,0.0,True,1,3.79999995232,0.919
3qat EDO 315 B,EDO,EDO,0.508010442522,0.508010442522,0.0,True,1,1.60000002384,0.91
3qat EDO 315 A,EDO,EDO,0.388460984606,0.388460984606,0.0,True,1,1.60000002384,0.876
3qap RET 240 A,RET,RET,0.478314863272,0.478314863272,0.0,True,1,1.89999997616,0.968
3qam TPO 197 E,TPO,TPO,0.953314815221,0.953314815221,0.0,True,1,1.89999997616,0.984
3qal TPO 197 E,TPO,TPO,0.705154860042,0.705154860042,0.0,True,1,1.70000004768,0.987
3qah ALY 274 A,ALY,ALY,0.33042506916,0.33042506916,0.0,True,1,2.09999990463,0.978
3qag PEG 1003 A,PG4,PEG,0.295058615529,0.0348722009115,0.260186414617,False,5,2.0,0.702
3qag PEG 1002 A,PEG,PEG,0.337791377984,0.337791377984,0.0,True,1,2.0,0.846
3qag EDO 1004 A,GOL,EDO,0.447676342005,0.0602713081883,0.387405033817,False,4,2.0,0.852
3qa3 EDO 228 D,TRS,EDO,0.185571700155,0.0155491556893,0.170022544466,False,12,3.0,0.864
3qa3 EDO 227 H,EDO,EDO,0.279686282509,0.279686282509,0.0,True,1,3.0,0.801
3qa3 EDO 222 J,SO4,EDO,0.422883056225,0.0210986898727,0.401784366352,False,6,3.0,0.789
3qa3 EDO 222 C,SO4,EDO,0.264248650709,0.197832621042,0.0664160296671,False,2,3.0,0.92
3qa3 EDO 221 J,EDO,EDO,0.224636566534,0.224636566534,0.0,True,1,3.0,0.892
3qa3 EDO 221 C,EDO,EDO,0.225619683546,0.225619683546,0.0,True,1,3.0,0.854
3qa3 EDO 2 D,ACT,EDO,0.21138622408,0.115099767965,0.0962864561148,False,2,3.0,0.783
3qa0 EDO 342 B,SO4,EDO,0.420735212454,0.0915088779829,0.329226334471,False,4,2.5,0.927
3qa0 EDO 342 A,EDO,EDO,0.305312088257,0.305312088257,0.0,True,1,2.5,0.922
3qa0 EDO 341 B,EDO,EDO,0.693443762889,0.693443762889,0.0,True,1,2.5,0.769
3qa0 EDO 341 A,EDO,EDO,0.344057185756,0.344057185756,0.0,True,1,2.5,0.903
3qa0 EDO 340 A,EDO,EDO,0.610115770999,0.610115770999,0.0,True,1,2.5,0.879
3q9z EDO 341 A,ACT,EDO,0.338385862633,0.126387396851,0.211998465783,False,3,2.20000004768,0.961
3q9x PEG 337 B,GOL,PEG,0.360404039621,0.101716129971,0.25868790965,False,3,2.20000004768,0.862
3q9x EDO 338 B,GOL,EDO,0.305245216504,0.165173585912,0.140071630591,False,2,2.20000004768,0.881
3q9x EDO 337 A,FMT,EDO,0.288236760114,0.188369926862,0.0998668332517,False,2,2.20000004768,0.978
3q9t PEG 1 B,PEG,PEG,0.557700656482,0.557700656482,0.0,True,1,2.20000004768,0.897
3q9k PEG 610 A,EDO,PEG,0.58778542988,0.00475289764488,0.583032532235,False,11,1.70000004768,0.883
3q9k NAG 599 A,NAG,NAG,0.988651182377,0.988651182377,0.0,True,1,1.70000004768,0.736
3q9k EDO 616 A,SO4,EDO,0.297228152894,0.264935106901,0.0322930459927,False,2,1.70000004768,0.906
3q88 MES 603 A,SO4,MES,0.493613744324,0.00815867482502,0.485455069499,False,6,1.70000004768,0.96
3q88 MES 602 A,GOL,MES,0.272491425038,0.000760818881493,0.271730606156,False,187,1.70000004768,0.802
3q86 GTP 158 B,ANP_MG,GTP_MG,0.314163812325,0.0290764935475,0.285087318777,False,5,2.40000009537,0.972
3q86 GTP 158 A,CIT,GTP_MG,0.127021069348,0.00112885517365,0.125892214174,False,168,2.40000009537,0.799
3q7r EDO 114 B,EDO,EDO,0.729920374807,0.729920374807,0.0,True,1,1.60000002384,0.756
3q7r EDO 114 A,EDO,EDO,0.57919046591,0.57919046591,0.0,True,1,1.60000002384,0.951
3q7i MES 603 A,PO4,MES,0.317234053822,0.0268791490372,0.290354904785,False,4,1.5,0.961
3q7i MES 602 A,GOL,MES,0.323521314582,0.00413742562821,0.319383888954,False,17,1.5,0.854
3q7h PEG 199 H,GOL,PEG,0.482743908353,0.0282337932419,0.454510115111,False,4,2.5,0.858
3q7h PEG 198 I,EDO,PEG,0.473052740006,0.0306071543144,0.442445585691,False,3,2.5,0.832
3q7h PEG 198 C,EDO,PEG,0.214045293514,0.00717425960677,0.206871033907,False,13,2.5,0.861
3q7h PEG 198 B,PEG,PEG,0.199781839526,0.199781839526,0.0,True,1,2.5,0.878
3q7h PEG 198 A,PEG,PEG,0.27778669718,0.27778669718,0.0,True,1,2.5,0.906
3q7h PEG 197 M,1PE,PEG,0.460080832926,0.0367407254711,0.423340107455,False,6,2.5,0.843
3q7h PEG 197 L,PEG,PEG,0.131985457144,0.131985457144,0.0,True,1,2.5,0.887
3q7h PEG 197 K,GOL,PEG,0.323529071102,0.128071007031,0.195458064071,False,2,2.5,0.86
3q7h PEG 197 J,PEG,PEG,0.45805433049,0.45805433049,0.0,True,1,2.5,0.865
3q7h PEG 197 I,EDO,PEG,0.351471020981,0.0176991763688,0.333771844613,False,5,2.5,0.91
3q7h PEG 197 H,PEG,PEG,0.368995853954,0.368995853954,0.0,True,1,2.5,0.923
3q7h PEG 197 C,EDO,PEG,0.393852739465,0.0068095366975,0.387043202767,False,8,2.5,0.827
3q7h PEG 197 B,PEG,PEG,0.535192888898,0.535192888898,0.0,True,1,2.5,0.914
3q7h PEG 197 A,GOL,PEG,0.482777072926,0.0942318700394,0.388545202886,False,3,2.5,0.916
3q7h PEG 196 N,PEG,PEG,0.26913073574,0.26913073574,0.0,True,1,2.5,0.897
3q7h PEG 196 M,GOL,PEG,0.255435619876,0.0950418254111,0.160393794464,False,2,2.5,0.882
3q7h PEG 196 L,1PE,PEG,0.377643409088,0.0153090959428,0.362334313145,False,6,2.5,0.91
3q7h PEG 196 H,1PE,PEG,0.354298092916,0.00864084438358,0.345657248532,False,9,2.5,0.867
3q7h PEG 196 G,GOL,PEG,0.309680240034,0.0770050216947,0.232675218339,False,4,2.5,0.826
3q7h PEG 196 F,PEG,PEG,0.349519350608,0.349519350608,0.0,True,1,2.5,0.864
3q7h PEG 196 C,PEG,PEG,0.191491760906,0.191491760906,0.0,True,1,2.5,0.844
3q7h PEG 196 B,EDO,PEG,0.347236616835,0.116335812873,0.230900803962,False,3,2.5,0.768
3q7h PEG 196 A,PEG,PEG,0.251098491661,0.251098491661,0.0,True,1,2.5,0.86
3q7d NAG 681 B,GOL,NAG,0.14048262485,0.109308538759,0.0311740860914,False,2,2.29999995232,0.897
3q7d NAG 681 A,NAG,NAG,0.941093476456,0.941093476456,0.0,True,1,2.29999995232,0.854
3q7d NAG 671 B,NAG,NAG,0.728690369098,0.728690369098,0.0,True,1,2.29999995232,0.942
3q7d NAG 671 A,NAG_NAG,NAG_NAG,0.992548378476,0.992548378476,0.0,True,1,2.29999995232,0.948
3q7d NAG 661 B,NAG,NAG,0.890703240912,0.890703240912,0.0,True,1,2.29999995232,0.818
3q7d NAG 661 A,NAG,NAG,0.921950032931,0.921950032931,0.0,True,1,2.29999995232,0.882
3q76 NAG 411 B,NAG,NAG,0.988610566055,0.988610566055,0.0,True,1,1.89999997616,0.882
3q76 NAG 411 A,NAG,NAG,0.978273362134,0.978273362134,0.0,True,1,1.89999997616,0.85
3q76 NAG 403 A,EDO,NAG,0.442082455506,0.0166552093546,0.425427246152,False,6,1.89999997616,0.81
3q76 NAG 401 B,GAL_SIA,FUC_NAG_NAG,0.180517816289,0.063990174185,0.116527642104,False,4,1.89999997616,0.953
3q6r IMD 22 B,SO4,IMD,0.824703002615,0.00107092024286,0.823632082372,False,12,1.39999997616,0.918
3q6r IMD 21 A,EDO,IMD,0.332409760926,0.147570727479,0.184839033447,False,2,1.39999997616,0.921
3q6r IMD 20 B,ACT,IMD,0.407532708353,0.229320836601,0.178211871752,False,2,1.39999997616,0.949
3q6r EDO 9 A,EDO,EDO,0.298156399754,0.298156399754,0.0,True,1,1.39999997616,0.981
3q6r EDO 7 A,EDO,EDO,0.911239697995,0.911239697995,0.0,True,1,1.39999997616,0.973
3q6r EDO 6 B,EDO,EDO,0.642749070786,0.642749070786,0.0,True,1,1.39999997616,0.895
3q6r EDO 5 A,EDO,EDO,0.611781132911,0.611781132911,0.0,True,1,1.39999997616,0.959
3q6r EDO 4 B,EDO,EDO,0.800369406011,0.800369406011,0.0,True,1,1.39999997616,0.924
3q6r EDO 3 B,EDO,EDO,0.965835036629,0.965835036629,0.0,True,1,1.39999997616,0.98
3q6r EDO 2 A,EDO,EDO,0.826306309352,0.826306309352,0.0,True,1,1.39999997616,0.962
3q6r EDO 18 A,EDO,EDO,0.419060530077,0.419060530077,0.0,True,1,1.39999997616,0.885
3q6r EDO 17 A,EDO,EDO,0.766777969859,0.766777969859,0.0,True,1,1.39999997616,0.893
3q6r EDO 13 A,GOL,EDO,0.612992374001,0.229256962805,0.383735411196,False,2,1.39999997616,0.916
3q6r EDO 12 A,EDO,EDO,0.873858998316,0.873858998316,0.0,True,1,1.39999997616,0.942
3q6r EDO 11 B,EDO,EDO,0.891074371428,0.891074371428,0.0,True,1,1.39999997616,0.935
3q6r EDO 10 A,EDO,EDO,0.978122961599,0.978122961599,0.0,True,1,1.39999997616,0.98
3q6r EDO 1 B,EDO,EDO,0.799905478492,0.799905478492,0.0,True,1,1.39999997616,0.984
3q6q IMD 18 B,IMD,IMD,0.636536314643,0.636536314643,0.0,True,1,1.39999997616,0.864
3q6q IMD 17 A,EDO,IMD,0.419640215131,0.296774899721,0.12286531541,False,2,1.39999997616,0.912
3q6q EDO 9 A,EDO,EDO,0.737816849323,0.737816849323,0.0,True,1,1.39999997616,0.839
3q6q EDO 7 A,ACT,EDO,0.639819541885,0.0217304297592,0.618089112125,False,5,1.39999997616,0.892
3q6q EDO 6 A,EDO,EDO,0.816148515327,0.816148515327,0.0,True,1,1.39999997616,0.914
3q6q EDO 5 A,EDO,EDO,0.434207247233,0.434207247233,0.0,True,1,1.39999997616,0.967
3q6q EDO 4 B,EDO,EDO,0.687048601233,0.687048601233,0.0,True,1,1.39999997616,0.842
3q6q EDO 3 B,EDO,EDO,0.983720869623,0.983720869623,0.0,True,1,1.39999997616,0.976
3q6q EDO 2 B,EDO,EDO,0.759826653617,0.759826653617,0.0,True,1,1.39999997616,0.983
3q6q EDO 13 A,EDO,EDO,0.523588690469,0.523588690469,0.0,True,1,1.39999997616,0.684
3q6q EDO 12 A,EDO,EDO,0.872403245847,0.872403245847,0.0,True,1,1.39999997616,0.883
3q6q EDO 11 A,GOL,EDO,0.592151566806,0.245480199655,0.346671367151,False,2,1.39999997616,0.885
3q6q EDO 1 A,EDO,EDO,0.973141286977,0.973141286977,0.0,True,1,1.39999997616,0.974
3q6f PEG 212 K,SO4,PEG,0.237205210825,0.020195195296,0.217010015529,False,6,3.20000004768,0.763
3q6f PEG 212 I,NAG,PEG,0.880936870703,0.00144150831167,0.879495362391,False,16,3.20000004768,0.802
3q6f PEG 212 G,CLR,PEG,0.187572723215,0.0041486727166,0.183424050499,False,45,3.20000004768,0.895
3q6f PEG 212 E,GOL,PEG,0.477064266833,0.00208500405483,0.474979262778,False,21,3.20000004768,0.896
3q6f PEG 212 C,GOL,PEG,0.338635380411,0.00189359971645,0.336741780695,False,44,3.20000004768,0.762
3q6f PEG 212 A,LDA,PEG,0.172652516455,0.0148607355454,0.157791780909,False,10,3.20000004768,0.907
3q68 ALY 290 C,SO4_SO4,ALY,0.173422106093,0.00157569858776,0.171846407505,False,101,2.70000004768,0.975
3q66 ALY 290 C,MLY,ALY,0.111651612257,0.00592358432934,0.105728027928,False,26,2.70000004768,0.92
3q60 MLI 601 A,GOL,MLI,0.799908389582,0.0187687709365,0.781139618645,False,4,1.70000004768,0.971
3q5z EDO 603 A,EDO,EDO,0.296315530434,0.296315530434,0.0,True,1,1.89999997616,0.849
3q5z EDO 602 A,EDO,EDO,0.599463458777,0.599463458777,0.0,True,1,1.89999997616,0.792
3q5z EDO 601 A,GOL,EDO,0.370699722812,0.275971427985,0.0947282948266,False,2,1.89999997616,0.787
3q5z EDO 600 A,GOL,EDO,0.270668864604,0.263799202038,0.00686966256625,False,2,1.89999997616,0.887
3q58 PEG 242 A,EDO,PEG,0.456255379024,0.010701642356,0.445553736668,False,8,1.79999995232,0.691
3q58 PEG 233 B,GOL,PEG,0.286523081853,0.00241782190009,0.284105259953,False,8,1.79999995232,0.91
3q58 PEG 230 A,GOL,PEG,0.447272677957,0.0095814833214,0.437691194636,False,8,1.79999995232,0.837
3q53 TPO 423 A,TPO,TPO,0.901079794972,0.901079794972,0.0,True,1,2.09999990463,0.973
3q52 TPO 423 A,TPO,TPO,0.905074194247,0.905074194247,0.0,True,1,1.79999995232,0.975
3q4u EDO 7 B,GOL,EDO,0.40046818999,0.325413089822,0.0750551001681,False,2,1.79999995232,0.94
3q4u EDO 5 A,SO4,EDO,0.664391787786,0.126393216779,0.537998571006,False,2,1.79999995232,0.812
3q4u EDO 2 A,EDO,EDO,0.711979683478,0.711979683478,0.0,True,1,1.79999995232,0.967
3q4u EDO 13 D,GOL,EDO,0.223511745717,0.0240580496544,0.199453696063,False,8,1.79999995232,0.912
3q4u EDO 12 D,EDO,EDO,0.956714785246,0.956714785246,0.0,True,1,1.79999995232,0.937
3q4t EDO 9 B,SO4,EDO,0.53513934889,0.0337902861986,0.501349062692,False,4,2.0,0.897
3q4t EDO 8 A,GOL,EDO,0.307388336527,0.304592049654,0.00279628687278,False,2,2.0,0.937
3q4t EDO 7 A,ACT,EDO,0.316087985338,0.035924381199,0.280163604139,False,6,2.0,0.868
3q4t EDO 5 A,EDO,EDO,0.666722773034,0.666722773034,0.0,True,1,2.0,0.95
3q4t EDO 490 B,EDO,EDO,0.689364957855,0.689364957855,0.0,True,1,2.0,0.966
3q4t EDO 490 A,EDO,EDO,0.458415166023,0.458415166023,0.0,True,1,2.0,0.938
3q4t EDO 489 A,EDO,EDO,0.82358173009,0.82358173009,0.0,True,1,2.0,0.984
3q4t EDO 2 B,ACT,EDO,0.219159122957,0.167830646454,0.0513284765034,False,2,2.0,0.943
3q4t EDO 18 A,EDO,EDO,0.381938462129,0.381938462129,0.0,True,1,2.0,0.901
3q4t EDO 14 A,EDO,EDO,0.322098682923,0.322098682923,0.0,True,1,2.0,0.917
3q4t EDO 13 B,EDO,EDO,0.313853084997,0.313853084997,0.0,True,1,2.0,0.805
3q4s EDO 270 A,EDO,EDO,0.749482438855,0.749482438855,0.0,True,1,2.0,0.903
3q4s EDO 266 A,EDO,EDO,0.609390883952,0.609390883952,0.0,True,1,2.0,0.972
3q4s EDO 265 A,EDO,EDO,0.715041796626,0.715041796626,0.0,True,1,2.0,0.717
3q4s EDO 264 A,EDO,EDO,0.467457263782,0.467457263782,0.0,True,1,2.0,0.954
3q4s EDO 263 A,EDO,EDO,0.618666549346,0.618666549346,0.0,True,1,2.0,0.881
3q4p PEG 248 A,EDO,PEG,0.314540913369,0.00948738021928,0.30505353315,False,8,1.79999995232,0.825
3q4p NAG 250 A,NAG,NAG,0.98867039817,0.98867039817,0.0,True,1,1.79999995232,0.811
3q4l ACE 367 D,ACE,ACE,0.663851000902,0.663851000902,0.0,True,1,2.0,0.979
3q4l ACE 367 C,ACE,ACE,0.933195946854,0.933195946854,0.0,True,1,2.0,0.965
3q4k ACE 367 D,ACE,ACE,0.874731358064,0.874731358064,0.0,True,1,2.59999990463,0.957
3q4j ACE 69 K,EDO,ACE,0.27828141008,0.0102646853715,0.268016724709,False,10,2.29999995232,0.951
3q4j ACE 69 I,PO4,ACE,0.18641803339,0.0142619771705,0.172156056219,False,10,2.29999995232,0.922
3q4j ACE 69 H,ACE,ACE,0.644338172046,0.644338172046,0.0,True,1,2.29999995232,0.98
3q4b NAG 600 A,NAG,NAG,0.420985827051,0.420985827051,0.0,True,1,2.20000004768,0.913
3q41 NAG 409 C,NAG,NAG,0.836356295727,0.836356295727,0.0,True,1,3.40000009537,0.853
3q41 NAG 409 B,NAG,NAG,0.306584887129,0.306584887129,0.0,True,1,3.40000009537,0.815
3q41 NAG 409 A,NAG,NAG,0.279731731364,0.279731731364,0.0,True,1,3.40000009537,0.896
3q41 NAG 408 C,NAG,NAG,0.983551003032,0.983551003032,0.0,True,1,3.40000009537,0.868
3q41 NAG 408 B,NAG,NAG,0.7962101417,0.7962101417,0.0,True,1,3.40000009537,0.787
3q41 NAG 408 A,NAG,NAG,0.794596595375,0.794596595375,0.0,True,1,3.40000009537,0.826
3q41 NAG 407 C,MLY,NAG,0.251397678648,0.0208178713412,0.230579807307,False,7,3.40000009537,0.879
3q41 NAG 407 B,NAG,NAG,0.681813610888,0.681813610888,0.0,True,1,3.40000009537,0.875
3q41 NAG 407 A,SO4,NAG,0.095428819712,0.0391172736908,0.0563115460211,False,6,3.40000009537,0.862
3q41 NAG 406 C,NAG,NAG,0.795197893313,0.795197893313,0.0,True,1,3.40000009537,0.951
3q41 NAG 406 B,NAG,NAG,0.0836475716965,0.0836475716965,0.0,True,1,3.40000009537,0.94
3q41 NAG 406 A,NAG,NAG,0.805373767909,0.805373767909,0.0,True,1,3.40000009537,0.941
3q41 NAG 405 C,NAG,NAG,0.806415436057,0.806415436057,0.0,True,1,3.40000009537,0.863
3q41 NAG 405 B,NAG,NAG,0.639053126475,0.639053126475,0.0,True,1,3.40000009537,0.91
3q41 NAG 405 A,NAG,NAG,0.828940833865,0.828940833865,0.0,True,1,3.40000009537,0.934
3q3z C2E 84 A,EDO,C2E,0.119456991491,0.00131989386743,0.118137097623,False,110,2.5,0.894
3q3z C2E 2 A,C2E,C2E,0.955956614077,0.955956614077,0.0,True,1,2.5,0.975
3q3z C2E 1 V,C2E,C2E,0.974088874904,0.974088874904,0.0,True,1,2.5,0.978
3q3y EDO 193 B,GOL,EDO,0.215762613173,0.0271315032253,0.188631109947,False,6,1.29999995232,0.861
3q3v PGE 405 A,EDO,PGE,0.671075983003,0.0013888549732,0.66968712803,False,17,2.09999990463,0.806
3q3g PEG 1000 H,GOL,PEG,0.125920990418,0.0238214917418,0.102099498676,False,6,2.70000004768,0.859
3q3g EDO 628 C,EDO,EDO,0.340996668431,0.340996668431,0.0,True,1,2.70000004768,0.914
3q3g EDO 625 A,EDO,EDO,0.552258784595,0.552258784595,0.0,True,1,2.70000004768,0.956
3q3g EDO 624 B,SO4,EDO,0.290728024364,0.153928341063,0.136799683301,False,2,2.70000004768,0.893
3q3g EDO 621 F,GOL,EDO,0.401598582885,0.113267784552,0.288330798333,False,3,2.70000004768,0.859
3q3g EDO 619 D,GOL,EDO,0.452147078003,0.0313695049088,0.420777573094,False,4,2.70000004768,0.85
3q3g EDO 618 A,SO4,EDO,0.218807410152,0.0932933809443,0.125514029208,False,4,2.70000004768,0.723
3q3g EDO 616 B,GOL,EDO,0.41008874821,0.193049328207,0.217039420003,False,2,2.70000004768,0.771
3q3g EDO 611 K,GOL,EDO,0.547996887566,0.080463538639,0.467533348927,False,3,2.70000004768,0.775
3q3g EDO 610 L,MLY,EDO,0.175563428752,0.172887866889,0.00267556186311,False,2,2.70000004768,0.765
3q3g EDO 608 K,SO4,EDO,0.206410270541,0.121222577094,0.0851876934467,False,4,2.70000004768,0.824
3q3g EDO 607 B,EDO,EDO,0.430160528926,0.430160528926,0.0,True,1,2.70000004768,0.836
3q3g EDO 606 B,IMD,EDO,0.403224409932,0.0735665737633,0.329657836169,False,3,2.70000004768,0.887
3q3g EDO 604 D,GOL,EDO,0.400073617727,0.137365085941,0.262708531786,False,2,2.70000004768,0.841
3q3g EDO 603 J,GOL,EDO,0.682266818732,0.0955231989554,0.586743619776,False,2,2.70000004768,0.906
3q3g EDO 600 E,GOL,EDO,0.437813410539,0.186691266951,0.251122143588,False,2,2.70000004768,0.884
3q3a IMD 855 A,GOL,IMD,0.399217510393,0.0154576628942,0.383759847499,False,6,1.39999997616,0.896
3q3a IMD 854 A,EDO,IMD,0.489657057322,0.00256183760325,0.487095219719,False,10,1.39999997616,0.789
3q3a IMD 4 A,EDO,IMD,0.548817084191,0.0010883957375,0.547728688453,False,29,1.39999997616,0.829
3q3a IMD 3 B,IMD,IMD,0.551399600945,0.551399600945,0.0,True,1,1.39999997616,0.912
3q3a EDO 9 B,PCA,EDO,0.387219436812,0.0114026722896,0.375816764522,False,9,1.39999997616,0.873
3q3a EDO 8 A,EDO,EDO,0.974255297902,0.974255297902,0.0,True,1,1.39999997616,0.92
3q3a EDO 7 B,EDO,EDO,0.5998830297,0.5998830297,0.0,True,1,1.39999997616,0.975
3q3a EDO 6 A,EDO,EDO,0.460159458827,0.460159458827,0.0,True,1,1.39999997616,0.957
3q3a EDO 26 A,EDO,EDO,0.612757920722,0.612757920722,0.0,True,1,1.39999997616,0.929
3q3a EDO 24 B,EDO,EDO,0.685428338727,0.685428338727,0.0,True,1,1.39999997616,0.899
3q3a EDO 23 A,ACT,EDO,0.184454763725,0.117491931853,0.0669628318725,False,4,1.39999997616,0.963
3q3a EDO 22 A,EDO,EDO,0.976124377728,0.976124377728,0.0,True,1,1.39999997616,0.974
3q3a EDO 21 B,GOL,EDO,0.759659854285,0.0104521884548,0.74920766583,False,5,1.39999997616,0.924
3q3a EDO 20 B,EDO,EDO,0.587590942621,0.587590942621,0.0,True,1,1.39999997616,0.972
3q3a EDO 17 B,EDO,EDO,0.979519698408,0.979519698408,0.0,True,1,1.39999997616,0.948
3q3a EDO 11 A,EDO,EDO,0.963628478229,0.963628478229,0.0,True,1,1.39999997616,0.981
3q39 IMD 26 B,ACT,IMD,0.669063255998,0.108928196301,0.560135059697,False,2,1.29999995232,0.925
3q39 IMD 25 A,IMD,IMD,0.259684348529,0.259684348529,0.0,True,1,1.29999995232,0.947
3q39 IMD 23 B,ACT,IMD,0.36381723058,0.0161774391981,0.347639791382,False,6,1.29999995232,0.879
3q39 EDO 9 B,GOL,EDO,0.498951953786,0.393242450715,0.105709503071,False,2,1.29999995232,0.896
3q39 EDO 854 A,EDO,EDO,0.628273724515,0.628273724515,0.0,True,1,1.29999995232,0.886
3q39 EDO 8 A,EDO,EDO,0.320432301417,0.320432301417,0.0,True,1,1.29999995232,0.911
3q39 EDO 7 A,EDO,EDO,0.941319060681,0.941319060681,0.0,True,1,1.29999995232,0.977
3q39 EDO 6 A,EDO,EDO,0.865220206661,0.865220206661,0.0,True,1,1.29999995232,0.957
3q39 EDO 5 B,EDO,EDO,0.981411970244,0.981411970244,0.0,True,1,1.29999995232,0.99
3q39 EDO 4 A,GOL,EDO,0.708261286838,0.252801158768,0.455460128069,False,2,1.29999995232,0.799
3q39 EDO 3 A,EDO,EDO,0.727111507676,0.727111507676,0.0,True,1,1.29999995232,0.974
3q39 EDO 21 A,EDO,EDO,0.680836132133,0.680836132133,0.0,True,1,1.29999995232,0.821
3q39 EDO 20 B,EDO,EDO,0.784519349948,0.784519349948,0.0,True,1,1.29999995232,0.876
3q39 EDO 17 A,ACT,EDO,0.442631607632,0.0379511028212,0.404680504811,False,4,1.29999995232,0.924
3q39 EDO 16 B,EDO,EDO,0.705877579091,0.705877579091,0.0,True,1,1.29999995232,0.851
3q39 EDO 14 B,EDO,EDO,0.801191966425,0.801191966425,0.0,True,1,1.29999995232,0.92
3q39 EDO 13 A,GOL,EDO,0.455960665585,0.4485061029,0.00745456268525,False,2,1.29999995232,0.959
3q39 EDO 12 A,EDO,EDO,0.986658656081,0.986658656081,0.0,True,1,1.29999995232,0.986
3q39 EDO 11 B,EDO,EDO,0.672571086229,0.672571086229,0.0,True,1,1.29999995232,0.971
3q39 EDO 10 A,EDO,EDO,0.441929948447,0.441929948447,0.0,True,1,1.29999995232,0.781
3q39 EDO 1 B,EDO,EDO,0.557637688431,0.557637688431,0.0,True,1,1.29999995232,0.977
3q38 IMD 26 B,EDO,IMD,0.330452965673,0.131910182995,0.198542782678,False,2,1.29999995232,0.904
3q38 IMD 24 A,IMD,IMD,0.943160977455,0.943160977455,0.0,True,1,1.29999995232,0.953
3q38 IMD 23 B,IMD,IMD,0.551523044449,0.551523044449,0.0,True,1,1.29999995232,0.923
3q38 EDO 9 B,GOL,EDO,0.481862743191,0.335064102263,0.146798640928,False,2,1.29999995232,0.866
3q38 EDO 854 A,SCN,EDO,0.486194690465,0.205827264938,0.280367425527,False,2,1.29999995232,0.959
3q38 EDO 8 B,EDO,EDO,0.978658401267,0.978658401267,0.0,True,1,1.29999995232,0.98
3q38 EDO 7 A,EDO,EDO,0.901535704275,0.901535704275,0.0,True,1,1.29999995232,0.862
3q38 EDO 6 A,EDO,EDO,0.256884568893,0.256884568893,0.0,True,1,1.29999995232,0.967
3q38 EDO 22 A,EDO,EDO,0.888836855043,0.888836855043,0.0,True,1,1.29999995232,0.914
3q38 EDO 19 B,EDO,EDO,0.811226756269,0.811226756269,0.0,True,1,1.29999995232,0.919
3q38 EDO 18 A,EDO,EDO,0.891202398426,0.891202398426,0.0,True,1,1.29999995232,0.973
3q38 EDO 14 A,EDO,EDO,0.753912491323,0.753912491323,0.0,True,1,1.29999995232,0.91
3q38 EDO 13 B,EDO,EDO,0.845303480076,0.845303480076,0.0,True,1,1.29999995232,0.916
3q38 EDO 11 A,EDO,EDO,0.812250303945,0.812250303945,0.0,True,1,1.29999995232,0.868
3q38 EDO 10 A,EDO,EDO,0.974072653986,0.974072653986,0.0,True,1,1.29999995232,0.972
3q38 EDO 1 B,EDO,EDO,0.540022149302,0.540022149302,0.0,True,1,1.29999995232,0.971
3q32 PTR 1007 B,PTR_PTR,PTR_PTR,0.539778392879,0.539778392879,0.0,True,1,2.5,0.923
3q32 PTR 1007 A,PTR_PTR,PTR_PTR,0.960408652737,0.960408652737,0.0,True,1,2.5,0.958
3q31 NAG 2 B,NAG,NAG,0.15008133092,0.15008133092,0.0,True,1,2.70000004768,0.87
3q31 NAG 2 A,NAG,NAG,0.353764314389,0.353764314389,0.0,True,1,2.70000004768,0.911
3q2w NAG 807 A,NAG,NAG,0.722483348783,0.722483348783,0.0,True,1,3.09999990463,0.905
3q2w NAG 805 A,NAG_NAG,NAG_NAG,0.353488007846,0.353488007846,0.0,True,1,3.09999990463,0.904
3q2w NAG 804 A,NAG,NAG,0.906606057259,0.906606057259,0.0,True,1,3.09999990463,0.85
3q2w NAG 802 A,NAG_NAG,NAG_NAG,0.498264867421,0.498264867421,0.0,True,1,3.09999990463,0.923
3q2w NAG 801 A,NAG,NAG,0.772805181968,0.772805181968,0.0,True,1,3.09999990463,0.84
3q2l 1PE 214 B,PG4,1PE,0.506846148177,0.0219905272496,0.484855620927,False,5,2.70000004768,0.863
3q2l 1PE 214 A,PG4,1PE,0.479226068117,0.066731996511,0.412494071606,False,3,2.70000004768,0.916
3q2f EDO 3 A,EDO,EDO,0.512785067049,0.512785067049,0.0,True,1,2.09999990463,0.907
3q2f EDO 2 A,GOL,EDO,0.371869829076,0.316889448153,0.0549803809231,False,2,2.09999990463,0.865
3q22 GTP 1108 A,ANP_MG,GTP_MG,0.186039003055,0.0272425182713,0.158796484784,False,8,2.09999990463,0.972
3q1n EDO 312 A,EDO,EDO,0.45915035816,0.45915035816,0.0,True,1,1.60000002384,0.932
3q1n EDO 311 A,FMT,EDO,0.417196249599,0.410745191646,0.00645105795259,False,2,1.60000002384,0.783
3q1n EDO 303 A,EDO,EDO,0.90338795845,0.90338795845,0.0,True,1,1.60000002384,0.873
3q1n EDO 302 A,EDO,EDO,0.728921341961,0.728921341961,0.0,True,1,1.60000002384,0.902
3q1n EDO 301 A,EDO,EDO,0.886972970418,0.886972970418,0.0,True,1,1.60000002384,0.95
3q1i 1PE 595 A,PEG,1PE,0.681958846723,0.00887239338284,0.673086453341,False,7,1.39999997616,0.662
3q13 NAG 501 A,NAG_NAG,NAG,0.298148523265,0.217259620796,0.080888902469,False,2,1.89999997616,0.839
3q11 EDO 372 A,GOL,EDO,0.709400056173,0.0769486427013,0.632451413472,False,2,1.79999995232,0.847
3q11 EDO 371 A,EDO,EDO,0.718373310786,0.718373310786,0.0,True,1,1.79999995232,0.902
3q11 EDO 370 B,EDO,EDO,0.677809415204,0.677809415204,0.0,True,1,1.79999995232,0.975
3q11 EDO 370 A,EDO,EDO,0.804654694543,0.804654694543,0.0,True,1,1.79999995232,0.966
3q11 EDO 369 B,EDO,EDO,0.890511761893,0.890511761893,0.0,True,1,1.79999995232,0.941
3q10 IMD 606 A,GOL,IMD,0.219763339277,0.0021366085385,0.217626730738,False,36,1.79999995232,0.902
3q0t NAG 921 B,NAG,NAG,0.95896055769,0.95896055769,0.0,True,1,2.40000009537,0.886
3q0t NAG 851 B,NAG,NAG,0.996047559891,0.996047559891,0.0,True,1,2.40000009537,0.963
3q0t NAG 851 A,NAG,NAG,0.992375550902,0.992375550902,0.0,True,1,2.40000009537,0.955
3q0t NAG 5201 A,NAG,NAG,0.796125414959,0.796125414959,0.0,True,1,2.40000009537,0.907
3q0t NAG 2811 A,NAG,NAG,0.988999393299,0.988999393299,0.0,True,1,2.40000009537,0.915
3q0t NAG 2291 B,NAG_NAG,NAG_NAG,0.853439170821,0.853439170821,0.0,True,1,2.40000009537,0.897
3q0t NAG 2291 A,NAG_NAG,NAG_NAG,0.882252575544,0.882252575544,0.0,True,1,2.40000009537,0.953
3q0t NAG 2191 B,NAG,NAG,0.210761355132,0.210761355132,0.0,True,1,2.40000009537,0.804
3q0t NAG 2191 A,GOL,NAG,0.264011766838,0.042457468931,0.221554297907,False,4,2.40000009537,0.75
3q0t NAG 1501 B,NAG,NAG,0.949317539541,0.949317539541,0.0,True,1,2.40000009537,0.849
3q0t NAG 1501 A,NAG,NAG,0.92177014528,0.92177014528,0.0,True,1,2.40000009537,0.901
3q0e EDO 404 B,SO4,EDO,0.679683747888,0.00641075849515,0.673272989393,False,4,1.79999995232,0.861
3q0e EDO 403 B,EDO,EDO,0.700101766022,0.700101766022,0.0,True,1,1.79999995232,0.915
3q08 MES 2001 S,SO4,MES,0.622592814496,0.0010093815794,0.621583432917,False,36,3.0,0.914
3q08 MES 2001 R,NAG,MES,0.182357121518,0.00937112083047,0.172986000687,False,16,3.0,0.917
3q08 MES 2001 P,GOL,MES,0.25282924527,0.00288063489992,0.24994861037,False,21,3.0,0.905
3q08 MES 2001 O,EPE,MES,0.303527750046,0.14664509104,0.156882659006,False,2,3.0,0.941
3q08 MES 2001 N,NAG,MES,0.423625650493,0.0107949478833,0.412830702609,False,11,3.0,0.893
3q08 MES 2001 L,MES,MES,0.338842395117,0.338842395117,0.0,True,1,3.0,0.967
3q08 MES 2001 K,MES,MES,0.426802613868,0.426802613868,0.0,True,1,3.0,0.961
3q08 MES 2001 J,EPE,MES,0.151251369523,0.0182214478481,0.133029921675,False,8,3.0,0.961
3q08 MES 2001 I,MES,MES,0.602096335771,0.602096335771,0.0,True,1,3.0,0.956
3q08 MES 2001 H,MES,MES,0.858917804459,0.858917804459,0.0,True,1,3.0,0.961
3q08 MES 2001 E,MES,MES,0.202200595312,0.202200595312,0.0,True,1,3.0,0.957
3q08 MES 2001 D,HYP,MES,0.458766317777,0.00496617314045,0.453800144636,False,14,3.0,0.945
3q08 MES 2001 C,SO4,MES,0.334748593673,0.0833059692534,0.25144262442,False,3,3.0,0.962
3q08 MES 2001 A,GOL,MES,0.211353445574,0.00615215204707,0.205201293526,False,12,3.0,0.934
3q04 EDO 332 A,SO4,EDO,0.812064973282,0.0469367496204,0.765128223662,False,2,1.79999995232,0.813
3pzw EDO 843 A,EDO,EDO,0.867029027602,0.867029027602,0.0,True,1,1.39999997616,0.958
3pzj EDO 207 A,EDO,EDO,0.654637680325,0.654637680325,0.0,True,1,1.89999997616,0.852
3pzh EDO 5 A,EDO,EDO,0.646225256815,0.646225256815,0.0,True,1,1.89999997616,0.899
3pzh EDO 4 A,ACY,EDO,0.259536774809,0.105186225895,0.154350548914,False,2,1.89999997616,0.9
3pzh EDO 343 A,EDO,EDO,0.788705676337,0.788705676337,0.0,True,1,1.89999997616,0.948
3pzh EDO 340 A,EDO,EDO,0.501347497796,0.501347497796,0.0,True,1,1.89999997616,0.97
3pzh EDO 339 A,GOL,EDO,0.56805889731,0.0927230822246,0.475335815086,False,2,1.89999997616,0.893
3pzh EDO 3 A,EDO,EDO,0.3705003127,0.3705003127,0.0,True,1,1.89999997616,0.918
3pzb EDO 371 B,EDO,EDO,0.407936364435,0.407936364435,0.0,True,1,2.0,0.765
3pzb EDO 371 A,EDO,EDO,0.68648328977,0.68648328977,0.0,True,1,2.0,0.902
3pzb EDO 370 A,EDO,EDO,0.75120091383,0.75120091383,0.0,True,1,2.0,0.952
3pzb EDO 369 B,EDO,EDO,0.594510641066,0.594510641066,0.0,True,1,2.0,0.941
3pz7 EDO 3318 A,GOL,EDO,0.213945361408,0.0417304442777,0.17221491713,False,4,2.40000009537,0.869
3pyx EDO 371 A,GOL,EDO,0.192914022383,0.12531133685,0.0676026855333,False,3,1.60000002384,0.86
3pyx EDO 370 A,EDO,EDO,0.760175215952,0.760175215952,0.0,True,1,1.60000002384,0.97
3pyx EDO 369 B,EDO,EDO,0.825334257188,0.825334257188,0.0,True,1,1.60000002384,0.952
3pyx EDO 369 A,EDO,EDO,0.806288190833,0.806288190833,0.0,True,1,1.60000002384,0.975
3pyx EDO 368 B,EDO,EDO,0.98873123599,0.98873123599,0.0,True,1,1.60000002384,0.981
3pyi MES 170 B,SO4,MES,0.616316875333,0.00194065773298,0.6143762176,False,15,2.09999990463,0.648
3pyb 1PE 931 C,NAG,1PE,0.465307400833,0.00237210157802,0.462935299255,False,20,2.79999995232,0.894
3pyb 1PE 931 B,CLA,1PE,0.395850432262,0.00157537689982,0.394275055362,False,56,2.79999995232,0.862
3pyb 1PE 931 A,NAG,1PE,0.307402423005,0.00115514472246,0.306247278283,False,74,2.79999995232,0.861
3pyb 1PE 921 B,GOL,1PE,0.373265601006,0.0257486705506,0.347516930455,False,6,2.79999995232,0.952
3pyb 1PE 921 A,PGE,1PE,0.573417212754,0.00349667600312,0.569920536751,False,26,2.79999995232,0.94
3pyb 1PE 911 C,CLA,1PE,0.268010177098,0.014054306117,0.253955870981,False,6,2.79999995232,0.89
3pyb 1PE 911 B,NAG,1PE,0.166427813718,0.00265101206591,0.163776801653,False,51,2.79999995232,0.943
3pyb 1PE 911 A,SAH,1PE,0.165016933775,0.0222688896169,0.142748044158,False,8,2.79999995232,0.904
3pyb 1PE 811 A,1PE,1PE,0.0790420182161,0.0790420182161,0.0,True,1,2.79999995232,0.95
3py4 NAG 601 A,NAG,NAG,0.973806358627,0.973806358627,0.0,True,1,2.40000009537,0.909
3py4 NAG 599 A,NAG,NAG,0.788543330567,0.788543330567,0.0,True,1,2.40000009537,0.932
3py3 TPO 180 A,TPO,TPO,0.857631836091,0.857631836091,0.0,True,1,2.09999990463,0.959
3py2 EDO 250 A,GOL,EDO,0.15277495743,0.0637952299391,0.0889797274911,False,3,1.89999997616,0.967
3pxw EDO 1 F,EPE,EDO,0.222547073533,0.0100866769529,0.21246039658,False,13,2.09999990463,0.792
3pxr EDO 299 A,EDO,EDO,0.77682951588,0.77682951588,0.0,True,1,2.0,0.911
3pxp EDO 313 A,GOL,EDO,0.230658964389,0.0990743049682,0.131584659421,False,4,2.29999995232,0.825
3pxp EDO 312 B,EDO,EDO,0.642813941799,0.642813941799,0.0,True,1,2.29999995232,0.651
3pxp EDO 311 A,EDO,EDO,0.687025016843,0.687025016843,0.0,True,1,2.29999995232,0.965
3pxp EDO 310 A,EDO,EDO,0.487528705729,0.487528705729,0.0,True,1,2.29999995232,0.946
3pxp EDO 309 C,SO4,EDO,0.320476301594,0.180603187957,0.139873113636,False,3,2.29999995232,0.926
3pxp EDO 308 B,EDO,EDO,0.758424085647,0.758424085647,0.0,True,1,2.29999995232,0.933
3pxp EDO 307 A,EDO,EDO,0.48262315536,0.48262315536,0.0,True,1,2.29999995232,0.927
3pxo RET 801 A,ADP,RET,0.0561944924493,0.0245415102852,0.0316529821641,False,8,3.0,0.968
3pxo NAG 501 A,NAG,NAG,0.725464069612,0.725464069612,0.0,True,1,3.0,0.752
3pxf EDO 300 A,EDO,EDO,0.669194022963,0.669194022963,0.0,True,1,1.79999995232,0.832
3pxf EDO 299 A,EDO,EDO,0.380361747911,0.380361747911,0.0,True,1,1.79999995232,0.837
3pwk EDO 372 B,GOL,EDO,0.810369099736,0.0826871362707,0.727681963465,False,2,1.5,0.906
3pwk EDO 371 B,EDO,EDO,0.498806755966,0.498806755966,0.0,True,1,1.5,0.863
3pwk EDO 371 A,GOL,EDO,0.710510549511,0.103793937837,0.606716611673,False,2,1.5,0.858
3pwk EDO 370 B,EDO,EDO,0.926601538563,0.926601538563,0.0,True,1,1.5,0.981
3pwk EDO 370 A,EDO,EDO,0.909510121545,0.909510121545,0.0,True,1,1.5,0.992
3pwk EDO 369 B,EDO,EDO,0.884993386422,0.884993386422,0.0,True,1,1.5,0.991
3pwk EDO 369 A,EDO,EDO,0.95310358502,0.95310358502,0.0,True,1,1.5,0.978
3pwa EDO 249 A,GOL,EDO,0.668786962063,0.1525560264,0.516230935663,False,2,2.0,0.978
3pw3 EDO 440 C,FMT,EDO,0.50020567546,0.297815715001,0.202389960459,False,2,2.20000004768,0.902
3pw3 EDO 439 B,EDO,EDO,0.229337941414,0.229337941414,0.0,True,1,2.20000004768,0.835
3pw3 EDO 438 A,GOL,EDO,0.555017237215,0.29363568837,0.261381548845,False,2,2.20000004768,0.913
3pw3 EDO 436 A,SO4,EDO,0.350799011186,0.155703978799,0.195095032387,False,3,2.20000004768,0.817
3pw3 EDO 435 A,SO4,EDO,0.261010474514,0.210269321309,0.0507411532053,False,3,2.20000004768,0.865
3pw3 EDO 434 A,GOL,EDO,0.50306863014,0.128900722601,0.374167907539,False,2,2.20000004768,0.852
3pw3 EDO 433 B,EDO,EDO,0.526028435676,0.526028435676,0.0,True,1,2.20000004768,0.897
3pw3 EDO 432 C,EDO,EDO,0.389554404457,0.389554404457,0.0,True,1,2.20000004768,0.858
3pw3 EDO 429 F,EDO,EDO,0.617199005069,0.617199005069,0.0,True,1,2.20000004768,0.897
3pw3 EDO 428 A,GOL,EDO,0.436531961798,0.293175635587,0.143356326211,False,2,2.20000004768,0.923
3pv7 NAG 840 A,NAG,NAG,0.998461734395,0.998461734395,0.0,True,1,2.0,0.933
3pv7 NAG 830 A,NAG,NAG,0.994466135015,0.994466135015,0.0,True,1,2.0,0.84
3pv7 NAG 820 A,NAG,NAG,0.863656681044,0.863656681044,0.0,True,1,2.0,0.8
3pv7 NAG 800 A,NAG,NAG,0.678011872923,0.678011872923,0.0,True,1,2.0,0.956
3pv6 NAG 830 A,SO4,NAG,0.439645551372,0.150263257137,0.289382294236,False,2,2.20000004768,0.655
3pv6 NAG 820 A,NAG,NAG,0.987953818319,0.987953818319,0.0,True,1,2.20000004768,0.803
3pv6 NAG 800 A,NAG_NAG,NAG_NAG,0.963699231118,0.963699231118,0.0,True,1,2.20000004768,0.973
3pv0 MAL 2002 E,MAL,MAL,0.66925999092,0.66925999092,0.0,True,1,3.09999990463,0.98
3pv0 MAL 2001 F,MAL,MAL,0.608090120355,0.608090120355,0.0,True,1,3.09999990463,0.955
3puz MAL 2002 E,MAL,MAL,0.943345669799,0.943345669799,0.0,True,1,2.90000009537,0.976
3puz MAL 2001 F,MAL,MAL,0.442634858153,0.442634858153,0.0,True,1,2.90000009537,0.938
3puy MAL 2001 F,GAL_SIA,MAL,0.263085343628,0.0214938631044,0.241591480524,False,9,3.09999990463,0.935
3pux MAL 2000 F,MAL,MAL,0.833854903412,0.833854903412,0.0,True,1,2.20000004768,0.953
3puw MAL 2000 F,NAG_NAG,MAL,0.585800404463,0.0997940506829,0.48600635378,False,2,2.29999995232,0.942
3puv MAL 2000 F,NAG_NAG,MAL,0.257697607742,0.0845067390637,0.173190868678,False,3,2.40000009537,0.945
3pus EDO 8 A,EDO,EDO,0.688920110861,0.688920110861,0.0,True,1,2.09999990463,0.917
3pus EDO 4 B,EDO,EDO,0.343844452292,0.343844452292,0.0,True,1,2.09999990463,0.95
3pus EDO 3 B,EDO,EDO,0.240627951376,0.240627951376,0.0,True,1,2.09999990463,0.927
3pus EDO 2 A,NAG,EDO,0.364971703303,0.0395037139547,0.325467989349,False,5,2.09999990463,0.797
3pus EDO 14 B,FMT,EDO,0.297782287591,0.269641375945,0.0281409116459,False,2,2.09999990463,0.836
3pus EDO 1 A,EDO,EDO,0.25281132616,0.25281132616,0.0,True,1,2.09999990463,0.923
3pua EDO 7 A,EDO,EDO,0.674132565164,0.674132565164,0.0,True,1,1.89999997616,0.9
3pua EDO 5 A,EDO,EDO,0.627374641495,0.627374641495,0.0,True,1,1.89999997616,0.888
3pua EDO 452 A,SO4,EDO,0.620480971852,0.0785697432957,0.541911228556,False,3,1.89999997616,0.941
3pua EDO 3 A,EDO,EDO,0.655378301153,0.655378301153,0.0,True,1,1.89999997616,0.929
3pua EDO 11 A,EDO,EDO,0.555544258393,0.555544258393,0.0,True,1,1.89999997616,0.921
3pua EDO 1 A,EDO,EDO,0.880825314478,0.880825314478,0.0,True,1,1.89999997616,0.969
3pu8 EDO 8 A,EDO,EDO,0.341427968728,0.341427968728,0.0,True,1,1.89999997616,0.934
3pu8 EDO 5 B,SO4,EDO,0.417945618665,0.106939243547,0.311006375118,False,3,1.89999997616,0.837
3pu8 EDO 452 A,EDO,EDO,0.44944261445,0.44944261445,0.0,True,1,1.89999997616,0.817
3pu8 EDO 17 B,EDO,EDO,0.493156125817,0.493156125817,0.0,True,1,1.89999997616,0.851
3pu8 EDO 15 A,EDO,EDO,0.574177432086,0.574177432086,0.0,True,1,1.89999997616,0.965
3pu8 EDO 14 A,EDO,EDO,0.446211912944,0.446211912944,0.0,True,1,1.89999997616,0.809
3pu8 EDO 13 A,EDO,EDO,0.675625618794,0.675625618794,0.0,True,1,1.89999997616,0.969
3pu8 EDO 11 A,EDO,EDO,0.713718951506,0.713718951506,0.0,True,1,1.89999997616,0.806
3pu3 EDO 7 B,EDO,EDO,0.729932186995,0.729932186995,0.0,True,1,1.89999997616,0.893
3pu3 EDO 5 A,EDO,EDO,0.489714421013,0.489714421013,0.0,True,1,1.89999997616,0.872
3pu3 EDO 452 B,EDO,EDO,0.583300733261,0.583300733261,0.0,True,1,1.89999997616,0.937
3pu3 EDO 33 A,EDO,EDO,0.580957730986,0.580957730986,0.0,True,1,1.89999997616,0.821
3pu3 EDO 30 B,GOL,EDO,0.538718425671,0.0692980593005,0.469420366371,False,3,1.89999997616,0.912
3pu3 EDO 29 B,GOL,EDO,0.395874649934,0.218172742205,0.177701907729,False,2,1.89999997616,0.925
3pu3 EDO 21 B,EDO,EDO,0.592705817526,0.592705817526,0.0,True,1,1.89999997616,0.9
3pu3 EDO 11 A,EDO,EDO,0.600593156185,0.600593156185,0.0,True,1,1.89999997616,0.926
3pu3 EDO 1 B,GOL,EDO,0.66899922247,0.151384912959,0.517614309512,False,2,1.89999997616,0.957
3ptr EDO 9 B,EDO,EDO,0.639155324601,0.639155324601,0.0,True,1,2.0,0.952
3ptr EDO 7 B,EDO,EDO,0.576721585623,0.576721585623,0.0,True,1,2.0,0.92
3ptr EDO 6 B,EDO,EDO,0.221047431899,0.221047431899,0.0,True,1,2.0,0.918
3ptr EDO 3 B,EDO,EDO,0.346755564886,0.346755564886,0.0,True,1,2.0,0.872
3ptr EDO 20 B,EDO,EDO,0.564014762988,0.564014762988,0.0,True,1,2.0,0.906
3ptr EDO 2 B,EDO,EDO,0.302541811079,0.302541811079,0.0,True,1,2.0,0.916
3ptr EDO 13 B,EDO,EDO,0.76029498627,0.76029498627,0.0,True,1,2.0,0.923
3ptr EDO 1 B,EDO,EDO,0.456884867302,0.456884867302,0.0,True,1,2.0,0.851
3pt8 ACE 0 A,ACE,ACE,0.976050672677,0.976050672677,0.0,True,1,1.79999995232,0.981
3pt7 ACE 0 A,ACE,ACE,0.735619211128,0.735619211128,0.0,True,1,2.20000004768,0.987
3psw EDO 250 B,EDO,EDO,0.855833784148,0.855833784148,0.0,True,1,2.0,0.818
3psw EDO 249 B,GOL,EDO,0.504372468841,0.335169597107,0.169202871734,False,2,2.0,0.966
3psw EDO 249 A,EDO,EDO,0.4973237735,0.4973237735,0.0,True,1,2.0,0.919
3psv EDO 250 B,EDO,EDO,0.763544537565,0.763544537565,0.0,True,1,2.0,0.946
3psv EDO 250 A,EDO,EDO,0.790430783692,0.790430783692,0.0,True,1,2.0,0.95
3pss MLY 3 B,MLY_MLY,MLY_MLY,0.375002509454,0.375002509454,0.0,True,1,2.0,0.973
3psq EDO 240 A,EDO,EDO,0.460384424069,0.460384424069,0.0,True,1,2.29999995232,0.956
3psl ACE 0 D,ACE,ACE,0.991790639851,0.991790639851,0.0,True,1,1.70000004768,0.993
3psl ACE 0 C,EDO,ACE,0.343936952981,0.00264423009541,0.341292722885,False,18,1.70000004768,0.985
3ps8 PEG 122 A,NAD,PEG,0.184773304247,0.00998488882463,0.174788415423,False,16,2.59999990463,0.887
3ps4 IMD 1062 D,SO4,IMD,0.301926715361,0.00778017722413,0.294146538137,False,10,1.89999997616,0.841
3ps4 IMD 1 D,ACT,IMD,0.366919441682,0.125846049295,0.241073392387,False,3,1.89999997616,0.963
3ps4 IMD 1 C,SO4,IMD,0.359495532193,0.00263183764184,0.356863694551,False,19,1.89999997616,0.939
3ps4 EDO 1 A,EDO,EDO,0.346805294065,0.346805294065,0.0,True,1,1.89999997616,0.847
3pry EDO 9 C,EDO,EDO,0.372889053525,0.372889053525,0.0,True,1,2.29999995232,0.919
3pry EDO 7 B,SO4,EDO,0.351455929274,0.0872905526453,0.264165376629,False,4,2.29999995232,0.938
3pry EDO 6 B,GOL,EDO,0.646233228321,0.0969316386096,0.549301589712,False,2,2.29999995232,0.857
3pry EDO 5 B,GOL,EDO,0.374000733966,0.10974424733,0.264256486636,False,3,2.29999995232,0.973
3pr0 PEG 602 A,PG4,PEG,0.375257198445,0.151754020123,0.223503178323,False,2,2.20000004768,0.888
3pr0 PEG 601 B,PG4,PEG,0.545590871456,0.0803776081158,0.46521326334,False,2,2.20000004768,0.876
3pqv PEG 410 B,SO4,PEG,0.5048946276,0.0107771170401,0.49411751056,False,6,2.59999990463,0.86
3pqv PEG 410 A,GOL,PEG,0.417343361603,0.0754633152631,0.34188004634,False,2,2.59999990463,0.92
3pqr RET 401 A,FAD,RET,0.257191695658,0.000377325180227,0.256814370478,False,195,2.79999995232,0.933
3pqr NAG 501 A,SO4,NAG,0.696445552227,0.011470034234,0.684975517993,False,6,2.79999995232,0.736
3pqc PEG 196 B,PEG,PEG,0.631251479267,0.631251479267,0.0,True,1,1.89999997616,0.929
3pqc PEG 196 A,PG4,PEG,0.198706198068,0.0608728737998,0.137833324268,False,4,1.89999997616,0.914
3ppz TPO 704 B,SO4,TPO,0.32297277005,0.00784639188967,0.31512637816,False,11,3.0,0.957
3ppz TPO 704 A,SO4,TPO,0.187689952871,0.00294850068653,0.184741452185,False,57,3.0,0.891
3pps NAG 760 C,SO4,NAG,0.747319621442,0.00229142538931,0.745028196052,False,12,2.5,0.943
3pps NAG 740 D,NAG,NAG,0.338498031351,0.338498031351,0.0,True,1,2.5,0.939
3pps NAG 740 B,SO4,NAG,0.773925307377,0.00127810850927,0.772647198867,False,12,2.5,0.956
3pps NAG 710 A,NAG,NAG,0.57068896968,0.57068896968,0.0,True,1,2.5,0.967
3pps NAG 701 B,NAG,NAG,0.594790101834,0.594790101834,0.0,True,1,2.5,0.961
3pps NAG 700 D,KCX,NAG,0.19390748944,0.0395376999836,0.154369789457,False,6,2.5,0.969
3pps NAG 700 B,NAG,NAG,0.579189395711,0.579189395711,0.0,True,1,2.5,0.944
3pps NAG 700 A,NAG,NAG,0.180359464501,0.180359464501,0.0,True,1,2.5,0.977
3ppm PEG 605 B,PEG,PEG,0.458022125863,0.458022125863,0.0,True,1,1.79999995232,0.876
3ppm PEG 605 A,OLC,PEG,0.249082860739,0.12573492645,0.123347934289,False,3,1.79999995232,0.771
3ppm PEG 604 B,PEG,PEG,0.47016803884,0.47016803884,0.0,True,1,1.79999995232,0.903
3ppm PEG 604 A,PG4,PEG,0.280672798129,0.0411278223071,0.239544975822,False,5,1.79999995232,0.917
3ppb PEG 213 B,SO4,PEG,0.803679777088,0.00534054149342,0.798339235595,False,6,2.09999990463,0.822
3ppb EDO 208 B,GOL,EDO,0.446707375292,0.326633768146,0.120073607146,False,2,2.09999990463,0.847
3ppb EDO 205 B,SO4,EDO,0.581021284122,0.0444519192993,0.536569364823,False,4,2.09999990463,0.914
3ppb EDO 203 A,SO4,EDO,0.375540584745,0.123328018489,0.252212566256,False,4,2.09999990463,0.89
3poy NAG 2001 A,NAG,NAG,0.838277342322,0.838277342322,0.0,True,1,3.0,0.915
3pot EDO 558 D,EDO,EDO,0.443444721415,0.443444721415,0.0,True,1,1.20000004768,0.895
3poo TPO 197 A,SEP,TPO,0.840375058715,0.124295078833,0.716079979882,False,2,1.60000002384,0.989
3poh IMD 500 A,EDO,IMD,0.385906776675,0.107936429551,0.277970347124,False,2,1.60000002384,0.941
3png H4B 760 B,H4B,H4B,0.939894047193,0.939894047193,0.0,True,1,1.89999997616,0.955
3png H4B 760 A,H4B,H4B,0.992245992069,0.992245992069,0.0,True,1,1.89999997616,0.964
3pnf H4B 760 B,H4B,H4B,0.993701788867,0.993701788867,0.0,True,1,1.89999997616,0.964
3pnf H4B 760 A,H4B,H4B,0.971406480494,0.971406480494,0.0,True,1,1.89999997616,0.953
3pne H4B 760 B,H4B,H4B,0.613306003625,0.613306003625,0.0,True,1,2.0,0.968
3pne H4B 760 A,H4B,H4B,0.990182920175,0.990182920175,0.0,True,1,2.0,0.954
3pn8 PEG 490 A,SO4,PEG,0.558780711768,0.00639983765431,0.552380874113,False,8,1.70000004768,0.797
3pn8 PEG 488 A,EDO,PEG,0.530710791488,0.00388787977464,0.526822911714,False,4,1.70000004768,0.823
3pn8 PEG 485 A,PGE,PEG,0.307524450781,0.111994168918,0.195530281864,False,3,1.70000004768,0.951
3pn8 PEG 484 B,PEG,PEG,0.355648225269,0.355648225269,0.0,True,1,1.70000004768,0.798
3pn8 PEG 483 B,GOL,PEG,0.250588548938,0.221418902476,0.0291696464615,False,2,1.70000004768,0.753
3pn8 PEG 482 B,PEG,PEG,0.302853966588,0.302853966588,0.0,True,1,1.70000004768,0.918
3pn8 PEG 481 B,PG4,PEG,0.232497678794,0.151378387329,0.0811192914645,False,3,1.70000004768,0.862
3pmo EDO 355 A,EDO,EDO,0.61260670602,0.61260670602,0.0,True,1,1.29999995232,0.82
3pmo EDO 354 A,EDO,EDO,0.947924784809,0.947924784809,0.0,True,1,1.29999995232,0.942
3pmm IMD 380 A,SO4,IMD,0.517981529824,0.0203102562482,0.497671273575,False,5,1.89999997616,0.988
3pmi PEG 10 A,NAG,PEG,0.232373973273,0.0132870433025,0.219086929971,False,14,2.79999995232,0.693
3pmh NAG 601 G,NAG,NAG,0.959267257847,0.959267257847,0.0,True,1,3.20000004768,0.818
3pm5 PGE 486 D,GOL,PGE,0.590183056699,0.00258937113683,0.587593685562,False,14,2.29999995232,0.744
3plz EDO 2 B,GOL,EDO,0.429144230194,0.208717138843,0.22042709135,False,2,1.79999995232,0.853
3plz EDO 2 A,MPD,EDO,0.407716437504,0.0583538786593,0.349362558845,False,4,1.79999995232,0.832
3plx PEG 127 B,GOL,PEG,0.46799903383,0.0179367694615,0.450062264368,False,5,1.70000004768,0.877
3plm ACE 0 A,ACE,ACE,0.402575068362,0.402575068362,0.0,True,1,1.60000002384,0.877
3plh ACE 0 A,ACE,ACE,0.834452661672,0.834452661672,0.0,True,1,1.79999995232,0.906
3plg ACE 0 A,ACE,ACE,0.491719944359,0.491719944359,0.0,True,1,1.60000002384,0.918
3pl6 NAG 5467 B,NAG,NAG,0.467132311849,0.467132311849,0.0,True,1,2.59999990463,0.863
3pl6 NAG 1181 A,NAG,NAG,0.945969409204,0.945969409204,0.0,True,1,2.59999990463,0.903
3pl3 NAG 438 A,NAG,NAG,0.922855799742,0.922855799742,0.0,True,1,1.20000004768,0.97
3pkz EDO 129 I,SO4,EDO,0.705397530871,0.0378752229193,0.667522307952,False,4,1.79999995232,0.819
3pkz EDO 127 H,GOL,EDO,0.263217529761,0.0500240905939,0.213193439168,False,6,1.79999995232,0.726
3pkq PEG 294 A,GOL,PEG,0.540043869425,0.0847926467408,0.455251222684,False,3,2.40000009537,0.899
3pkq PEG 293 A,SO4,PEG,0.396558665632,0.0123277903118,0.384230875321,False,9,2.40000009537,0.806
3pkl ACE 0 A,ACE,ACE,0.58535717665,0.58535717665,0.0,True,1,1.70000004768,0.928
3pkk ACE 0 A,ACE,ACE,0.662680991842,0.662680991842,0.0,True,1,1.70000004768,0.885
3pkg ACE 0 A,EDO,ACE,0.261857526097,0.250434150798,0.0114233752987,False,2,1.60000002384,0.925
3pkf ACE 0 A,ACE,ACE,0.876868238599,0.876868238599,0.0,True,1,1.70000004768,0.938
3pk8 ACE 0 A,ACE,ACE,0.589838247996,0.589838247996,0.0,True,1,1.70000004768,0.935
3pk5 ACE 0 A,ACE,ACE,0.763384545463,0.763384545463,0.0,True,1,1.79999995232,0.937
3pk4 ACE 0 A,ACE,ACE,0.617990497389,0.617990497389,0.0,True,1,1.89999997616,0.939
3pk3 ACE 0 A,ACE,ACE,0.772972804526,0.772972804526,0.0,True,1,1.70000004768,0.939
3pk0 PEG 265 A,SO4,PEG,0.452801012957,0.0768796384066,0.375921374551,False,3,1.79999995232,0.846
3pjx EDO 649 A,EDO,EDO,0.597142924496,0.597142924496,0.0,True,1,2.0,0.863
3pjx EDO 6 A,ACE,EDO,0.863336841333,0.00849277405687,0.854844067277,False,5,2.0,0.783
3pjx EDO 3 A,EDO,EDO,0.427535379875,0.427535379875,0.0,True,1,2.0,0.96
3pjx EDO 2 A,SO4,EDO,0.339255260275,0.0936934183014,0.245561841974,False,3,2.0,0.958
3pjx EDO 1 A,ACT,EDO,0.352806262751,0.308225454438,0.044580808313,False,2,2.0,0.921
3pju C2E 2256 A,NAP,C2E,0.169412002561,0.0025520747009,0.16685992786,False,71,2.5,0.98
3pjt C2E 2256 B,NAP,C2E,0.234273191547,0.012914389706,0.221358801841,False,11,2.5,0.973
3pjt C2E 2256 A,NAP,C2E,0.468694220007,0.0101963344889,0.458497885518,False,7,2.5,0.981
3pjp MES 1447 B,MPD,MES,0.240553361761,0.0193626233026,0.221190738458,False,8,1.60000002384,0.919
3pjn EDO 196 A,EDO,EDO,0.679826470933,0.679826470933,0.0,True,1,1.70000004768,0.896
3pjl EDO 189 A,PCA,EDO,0.349954283003,0.0592568510704,0.290697431933,False,2,1.70000004768,0.793
3pjl EDO 188 A,EDO,EDO,0.791431702656,0.791431702656,0.0,True,1,1.70000004768,0.966
3pjk ACE 0 A,ACE,ACE,0.805762095622,0.805762095622,0.0,True,1,1.70000004768,0.935
3pic NAG 500 C,NAG,NAG,0.517930603982,0.517930603982,0.0,True,1,1.89999997616,0.854
3pic NAG 500 B,NAG,NAG,0.98345953155,0.98345953155,0.0,True,1,1.89999997616,0.923
3pic NAG 500 A,NAG,NAG,0.764672602559,0.764672602559,0.0,True,1,1.89999997616,0.917
3pi3 ACE 0 A,ACE,ACE,0.917774666998,0.917774666998,0.0,True,1,2.0,0.982
3pi2 ACE 0 A,ACE,ACE,0.841731270222,0.841731270222,0.0,True,1,1.89999997616,0.985
3pi1 ACE 0 A,ACE,ACE,0.406242179667,0.406242179667,0.0,True,1,2.0,0.982
3pgv EDO 293 A,EDO,EDO,0.30526212492,0.30526212492,0.0,True,1,2.40000009537,0.705
3pgv EDO 289 B,EDO,EDO,0.475939298891,0.475939298891,0.0,True,1,2.40000009537,0.928
3pgv EDO 288 C,GOL,EDO,0.364744602314,0.267609634348,0.0971349679662,False,2,2.40000009537,0.855
3pgv EDO 286 C,SO4,EDO,0.251955947824,0.0599490800833,0.19200686774,False,5,2.40000009537,0.884
3pgv EDO 285 D,GOL,EDO,0.355242541582,0.107226101507,0.248016440074,False,2,2.40000009537,0.933
3pgv EDO 283 D,EDO,EDO,0.630390886035,0.630390886035,0.0,True,1,2.40000009537,0.901
3pgv EDO 282 D,EDO,EDO,0.3411350915,0.3411350915,0.0,True,1,2.40000009537,0.952
3pgv EDO 281 D,EDO,EDO,0.219871380128,0.219871380128,0.0,True,1,2.40000009537,0.967
3pgv EDO 280 D,GOL,EDO,0.384464795501,0.316349991884,0.0681148036175,False,2,2.40000009537,0.936
3pgv EDO 278 A,SO4,EDO,0.416334861591,0.110971023842,0.305363837749,False,3,2.40000009537,0.952
3pgv EDO 276 A,GOL,EDO,0.626643529847,0.143706586006,0.482936943841,False,2,2.40000009537,0.885
3pgt MES 216 A,GOL,MES,0.277585048038,0.00709964551993,0.270485402518,False,10,2.09999990463,0.927
3pgt MES 215 B,NAG,MES,0.258503228675,0.00924000651544,0.24926322216,False,15,2.09999990463,0.947
3pgt MES 215 A,MES,MES,0.770441744532,0.770441744532,0.0,True,1,2.09999990463,0.949
3pgt MES 214 B,MES,MES,0.881973834643,0.881973834643,0.0,True,1,2.09999990463,0.95
3pgr C8E 432 A,GOL,C8E,0.329879336944,0.0370366059561,0.292842730988,False,5,2.59999990463,0.826
3pgr C8E 431 A,GOL,C8E,0.187646878337,0.0770837856822,0.110563092655,False,3,2.59999990463,0.765
3pgr C8E 429 A,LDA,C8E,0.231714591967,0.127334447094,0.104380144874,False,2,2.59999990463,0.911
3pgp EDO 165 A,EDO,EDO,0.759268093685,0.759268093685,0.0,True,1,1.39999997616,0.883
3pgp EDO 161 A,EDO,EDO,0.788731942238,0.788731942238,0.0,True,1,1.39999997616,0.959
3pgc PEG 193 D,NAG,PEG,0.518348615019,0.00897124663656,0.509377368382,False,10,2.70000004768,0.862
3pgb NAG 7041 A,NAG_NAG,NAG_NAG,0.970855414427,0.970855414427,0.0,True,1,2.40000009537,0.926
3pgb NAG 6511 A,NAG,NAG,0.3047862771,0.3047862771,0.0,True,1,2.40000009537,0.908
3pgb NAG 4491 A,NAG,NAG,0.930430170453,0.930430170453,0.0,True,1,2.40000009537,0.934
3pgb NAG 2361 A,NAG,NAG,0.976948317967,0.976948317967,0.0,True,1,2.40000009537,0.808
3pfz NAG 440 A,NAG,NAG,0.952741426359,0.952741426359,0.0,True,1,1.10000002384,0.861
3pfz NAG 438 A,NAG_NAG,NAG,0.30255703243,0.294514058814,0.00804297361656,False,2,1.10000002384,0.945
3pfy PEG 401 A,EDO,PEG,0.580034095265,0.0438679848039,0.536166110461,False,4,1.70000004768,0.773
3pfx NAG 440 A,NAG,NAG,0.97833806502,0.97833806502,0.0,True,1,1.29999995232,0.941
3pfx NAG 438 A,NAG,NAG,0.15887700463,0.15887700463,0.0,True,1,1.29999995232,0.973
3pfv EDO 9 A,GOL,EDO,0.226339921119,0.166547923047,0.0597919980729,False,2,2.29999995232,0.856
3pfv EDO 8 A,GOL,EDO,0.401162224027,0.0416261308283,0.359536093199,False,4,2.29999995232,0.783
3pfo EDO 508 B,EDO,EDO,0.383569062327,0.383569062327,0.0,True,1,1.89999997616,0.858
3pfo EDO 503 A,EDO,EDO,0.468046397324,0.468046397324,0.0,True,1,1.89999997616,0.822
3pfo EDO 502 A,EDO,EDO,0.43992437591,0.43992437591,0.0,True,1,1.89999997616,0.878
3pfo EDO 501 A,GOL,EDO,0.394244117138,0.260680491881,0.133563625258,False,2,1.89999997616,0.952
3pfj NAG 440 A,NAG,NAG,0.987320008751,0.987320008751,0.0,True,1,1.39999997616,0.932
3pfj NAG 438 A,NAG_NAG,NAG,0.536037259884,0.1737515875,0.362285672385,False,2,1.39999997616,0.963
3pfg EDO 265 A,EDO,EDO,0.93390799547,0.93390799547,0.0,True,1,1.29999995232,0.981
3pff TLA 832 A,CIT,TLA,0.490219318409,0.0467142418712,0.443505076538,False,4,2.29999995232,0.91
3pf1 C8E 530 B,GOL,C8E,0.510350546772,0.00102433115807,0.509326215613,False,82,2.70000004768,0.83
3pf1 C8E 520 B,OLC,C8E,0.253716341543,0.188433060809,0.0652832807346,False,2,2.70000004768,0.876
3pf1 C8E 508 A,GOL,C8E,0.458444083641,0.00453064763143,0.45391343601,False,15,2.70000004768,0.855
3pf1 C8E 507 A,GOL,C8E,0.26098720027,0.0122820024406,0.248705197829,False,10,2.70000004768,0.879
3pf1 C8E 506 B,C8E,C8E,0.222296958163,0.222296958163,0.0,True,1,2.70000004768,0.939
3pf1 C8E 505 A,C8E,C8E,0.405495197964,0.405495197964,0.0,True,1,2.70000004768,0.948
3pei PEG 492 A,SO4,PEG,0.471239586437,0.00850632343138,0.462733263006,False,8,2.70000004768,0.768
3pei EDO 512 A,SO4,EDO,0.374995593651,0.0068220863457,0.368173507305,False,15,2.70000004768,0.93
3pei EDO 511 A,GOL,EDO,0.23496938704,0.165428635346,0.0695407516948,False,2,2.70000004768,0.937
3pei EDO 510 A,SO4,EDO,0.416291270788,0.00585418842236,0.410437082366,False,8,2.70000004768,0.99
3pei EDO 507 A,EDO,EDO,0.33579880667,0.33579880667,0.0,True,1,2.70000004768,0.944
3pei EDO 506 A,SO4,EDO,0.797914988631,0.0212222668655,0.776692721765,False,4,2.70000004768,0.907
3pei EDO 503 A,GOL,EDO,0.321694540495,0.254073556404,0.0676209840914,False,2,2.70000004768,0.92
3pei EDO 502 A,GOL,EDO,0.196629683528,0.128607438523,0.0680222450054,False,2,2.70000004768,0.853
3pei EDO 493 A,GOL,EDO,0.428877453262,0.0534673700453,0.375410083216,False,4,2.70000004768,0.981
3pef PEG 290 E,EDO,PEG,0.67540816319,0.0123473134674,0.663060849722,False,6,2.09999990463,0.839
3pef PEG 288 D,GOL,PEG,0.603252591184,0.00484985528393,0.5984027359,False,9,2.09999990463,0.848
3peb EDO 143 A,SO4,EDO,0.354552697089,0.206262432271,0.148290264818,False,2,1.89999997616,0.854
3peb EDO 137 A,SO4,EDO,0.231851313042,0.221581267294,0.0102700457482,False,2,1.89999997616,0.916
3peb EDO 136 A,EDO,EDO,0.291988778028,0.291988778028,0.0,True,1,1.89999997616,0.915
3pe8 EDO 253 A,EDO,EDO,0.670732447771,0.670732447771,0.0,True,1,1.60000002384,0.88
3pdy EDO 201 A,GOL,EDO,0.627742091165,0.0988684532163,0.528873637949,False,2,2.20000004768,0.774
3pdf NAG 603 A,NAG,NAG,0.987169293493,0.987169293493,0.0,True,1,1.89999997616,0.739
3pdf NAG 601 A,NAG,NAG,0.968750853703,0.968750853703,0.0,True,1,1.89999997616,0.845
3pd1 ACE 1 B,ACE,ACE,0.994761955115,0.994761955115,0.0,True,1,1.60000002384,0.98
3pd0 ACE 1 B,ACE,ACE,0.991602021975,0.991602021975,0.0,True,1,2.0,0.99
3pcx ACE 1 B,ACE,ACE,0.986418206785,0.986418206785,0.0,True,1,1.39999997616,0.989
3pcv EDO 217 A,GOL,EDO,0.459102690191,0.166768411689,0.292334278502,False,2,1.89999997616,0.887
3pcv EDO 216 A,SO4,EDO,0.321911348691,0.202953346843,0.118958001848,False,2,1.89999997616,0.89
3pcv EDO 215 A,GOL,EDO,0.681568054683,0.136620570819,0.544947483864,False,2,1.89999997616,0.87
3pcr GTP 1230 B,GTP,GTP_MG,0.146415657986,0.0138521033916,0.132563554595,False,13,2.5,0.954
3pbp PGE 6119 D,GOL,PGE,0.311538987374,0.028139932024,0.28339905535,False,6,2.79999995232,0.836
3pbl MAL 1501 B,FUC_NAG,MAL,0.159077162999,0.00127704282844,0.157800120171,False,143,2.90000009537,0.914
3pbl MAL 1500 A,SO4,MAL,0.295811954471,0.000624358225018,0.295187596246,False,186,2.90000009537,0.892
3pb7 PBD 390 X,NI_OGA,ZN,0.775918013468,0.120016582533,0.655901430935,False,2,1.39999997616,0.951
3pay PEG 335 D,SO4,PEG,0.31712174183,0.0256047460928,0.291516995737,False,5,2.5,0.912
3pa2 IMD 24 A,EDO,IMD,0.740264540702,0.00580983027938,0.734454710423,False,5,1.5,0.867
3pa2 EDO 541 A,MLY,EDO,0.245790649663,0.124388658465,0.121401991198,False,3,1.5,0.938
3pa2 EDO 540 A,EDO,EDO,0.97440091287,0.97440091287,0.0,True,1,1.5,0.904
3pa2 EDO 539 A,EDO,EDO,0.700774901187,0.700774901187,0.0,True,1,1.5,0.949
3pa2 EDO 5 A,EDO,EDO,0.703174120383,0.703174120383,0.0,True,1,1.5,0.923
3pa2 EDO 23 A,IMD,EDO,0.201758111655,0.0459662940152,0.155791817639,False,4,1.5,0.917
3pa2 EDO 22 A,EDO,EDO,0.90381951663,0.90381951663,0.0,True,1,1.5,0.947
3pa2 EDO 21 A,GOL,EDO,0.791411958331,0.159156257601,0.632255700729,False,2,1.5,0.925
3pa2 EDO 19 A,EDO,EDO,0.726347481914,0.726347481914,0.0,True,1,1.5,0.804
3pa2 EDO 18 A,EDO,EDO,0.841711490562,0.841711490562,0.0,True,1,1.5,0.877
3pa2 EDO 17 A,EDO,EDO,0.879257423035,0.879257423035,0.0,True,1,1.5,0.908
3pa2 EDO 16 A,EDO,EDO,0.751249263095,0.751249263095,0.0,True,1,1.5,0.871
3pa2 EDO 14 B,GOL,EDO,0.357349281268,0.289135236826,0.0682140444428,False,2,1.5,0.921
3pa2 EDO 12 B,EDO,EDO,0.789330022094,0.789330022094,0.0,True,1,1.5,0.925
3pa2 EDO 11 B,EDO,EDO,0.975708834188,0.975708834188,0.0,True,1,1.5,0.965
3pa2 EDO 10 B,EDO,EDO,0.466093570822,0.466093570822,0.0,True,1,1.5,0.926
3pa2 EDO 1 B,EDO,EDO,0.685677098785,0.685677098785,0.0,True,1,1.5,0.961
3pa1 EDO 9 B,EDO,EDO,0.861804913449,0.861804913449,0.0,True,1,1.5,0.806
3pa1 EDO 8 A,EDO,EDO,0.313458108288,0.313458108288,0.0,True,1,1.5,0.957
3pa1 EDO 7 A,EDO,EDO,0.974151670736,0.974151670736,0.0,True,1,1.5,0.951
3pa1 EDO 6 A,EDO,EDO,0.443001902683,0.443001902683,0.0,True,1,1.5,0.944
3pa1 EDO 5 A,GOL,EDO,0.465472321569,0.327306060238,0.138166261331,False,2,1.5,0.929
3pa1 EDO 2 B,EDO,EDO,0.97934861716,0.97934861716,0.0,True,1,1.5,0.96
3pa1 EDO 16 A,IMD,EDO,0.364075576268,0.0199189112822,0.344156664986,False,7,1.5,0.914
3pa1 EDO 10 A,EDO,EDO,0.888738811157,0.888738811157,0.0,True,1,1.5,0.948
3pa1 EDO 1 B,PCA,EDO,0.105802603155,0.104190802033,0.00161180112144,False,2,1.5,0.984
3p9z MLI 301 A,GOL,MLI,0.371377629142,0.0603502079066,0.311027421236,False,4,2.09999990463,0.945
3p9c EDO 904 A,EDO,EDO,0.73401851212,0.73401851212,0.0,True,1,1.70000004768,0.927
3p9c EDO 903 A,EDO,EDO,0.608428982503,0.608428982503,0.0,True,1,1.70000004768,0.949
3p9c EDO 902 A,EDO,EDO,0.777011258498,0.777011258498,0.0,True,1,1.70000004768,0.861
3p98 PEG 290 A,PEG,PEG,0.466222550959,0.466222550959,0.0,True,1,2.09999990463,0.803
3p96 EDO 414 A,EDO,EDO,0.610643693867,0.610643693867,0.0,True,1,2.09999990463,0.873
3p8k PEG 265 A,EDO,PEG,0.236887062798,0.183230600644,0.0536564621541,False,2,1.70000004768,0.684
3p8k PEG 262 B,EDO,PEG,0.344412689676,0.00342155831197,0.340991131364,False,11,1.70000004768,0.846
3p8g EDO 1009 A,FMT,EDO,0.412951204311,0.272343246644,0.140607957668,False,2,1.20000004768,0.947
3p8g EDO 1008 A,FMT,EDO,0.502612946732,0.155094818983,0.347518127749,False,2,1.20000004768,0.943
3p85 1PE 303 A,GOL,1PE,0.573329922281,0.0117409627909,0.56158895949,False,9,1.89999997616,0.804
3p76 IMD 272 A,GOL,IMD,0.327297920453,0.00234497513289,0.32495294532,False,15,1.89999997616,0.85
3p71 PEG 800 T,PEG,PEG,0.236579997002,0.236579997002,0.0,True,1,2.70000004768,0.893
3p70 NAG 1416 H,NAG,NAG,0.973512300656,0.973512300656,0.0,True,1,2.59999990463,0.883
3p70 NAG 1416 F,NAG,NAG,0.725814054804,0.725814054804,0.0,True,1,2.59999990463,0.88
3p70 NAG 1416 D,NAG,NAG,0.859066392541,0.859066392541,0.0,True,1,2.59999990463,0.877
3p70 NAG 1416 B,NAG,NAG,0.609232472885,0.609232472885,0.0,True,1,2.59999990463,0.841
3p6l PEG 302 A,EDO,PEG,0.357813581537,0.302389845019,0.0554237365185,False,2,1.89999997616,0.857
3p6l PEG 301 A,GOL,PEG,0.176424315646,0.076067744394,0.100356571252,False,3,1.89999997616,0.848
3p5s NAG 501 B,NAG,NAG,0.955152262689,0.955152262689,0.0,True,1,2.0,0.745
3p5s NAG 501 A,NAG,NAG,0.974368713861,0.974368713861,0.0,True,1,2.0,0.911
3p5p EDO 923 A,EDO,EDO,0.465669148064,0.465669148064,0.0,True,1,1.79999995232,0.946
3p5p EDO 922 A,EDO,EDO,0.72799656178,0.72799656178,0.0,True,1,1.79999995232,0.979
3p5p EDO 921 A,EDO,EDO,0.343911324292,0.343911324292,0.0,True,1,1.79999995232,0.896
3p5m EDO 252 D,EDO,EDO,0.48467145848,0.48467145848,0.0,True,1,2.09999990463,0.95
3p53 1PE 499 B,NAG,1PE,0.16349682224,0.0632957688891,0.100201053351,False,5,2.0,0.821
3p53 1PE 499 A,PG4,1PE,0.234423862633,0.0495384232115,0.184885439421,False,6,2.0,0.947
3p4u ACE 801 F,ACE,ACE,0.470371643605,0.470371643605,0.0,True,1,1.89999997616,0.957
3p4u ACE 701 E,ACE,ACE,0.573798928373,0.573798928373,0.0,True,1,1.89999997616,0.948
3p4t EDO 501 B,EDO,EDO,0.774842336036,0.774842336036,0.0,True,1,1.70000004768,0.961
3p4t EDO 501 A,EDO,EDO,0.769033418781,0.769033418781,0.0,True,1,1.70000004768,0.933
3p4o ACE 100 E,MPD,ACE,0.420175105552,0.000480025765145,0.419695079787,False,168,2.29999995232,0.898
3p4n ACE 100 E,ACT,ACE,0.276734895367,0.00232102681487,0.274413868552,False,29,2.29999995232,0.932
3p4m ACE 100 E,SO4,ACE,0.251331220344,0.00148721760627,0.249844002738,False,40,2.40000009537,0.96
3p4m ACE 100 B,EDO,ACE,0.306965053729,0.000729365727506,0.306235688002,False,167,2.40000009537,0.957
3p4i EDO 389 A,EDO,EDO,0.506095798691,0.506095798691,0.0,True,1,2.40000009537,0.943
3p4e EDO 504 A,GOL,EDO,0.629650873868,0.137242295795,0.492408578073,False,2,1.79999995232,0.876
3p40 NAG 1 A,NAG,NAG,0.891656362713,0.891656362713,0.0,True,1,3.09999990463,0.943
3p3y NAG 1 A,NAG_NAG,NAG,0.778321269211,0.161668926464,0.616652342747,False,2,2.59999990463,0.942
3p3v PGE 200 B,SO4,PGE,0.501452143675,0.00425055007401,0.497201593601,False,12,1.70000004768,0.837
3p3v PEG 202 A,SO4,PEG,0.356778104002,0.0390315103618,0.31774659364,False,5,1.70000004768,0.842
3p3v PEG 201 B,SO4,PEG,0.194228837192,0.075791905778,0.118436931414,False,4,1.70000004768,0.795
3p37 TPO 78 F,TPO,TPO,0.285006631931,0.285006631931,0.0,True,1,2.40000009537,0.959
3p37 TPO 78 E,SEP,TPO,0.218005171581,0.19527630076,0.0227288708213,False,2,2.40000009537,0.972
3p37 TPO 78 D,TPO,TPO,0.693199756859,0.693199756859,0.0,True,1,2.40000009537,0.977
3p37 ACE 70 D,PCA,ACE,0.208054500691,0.0226609626472,0.185393538044,False,6,2.40000009537,0.94
3p36 TPO 78 B,TPO,TPO,0.857685765378,0.857685765378,0.0,True,1,1.60000002384,0.982
3p35 ACE 0 E,NO3,ACE,0.772175868438,0.000577306061856,0.771598562376,False,22,2.09999990463,0.723
3p35 ACE 0 D,ACE,ACE,0.365299688747,0.365299688747,0.0,True,1,2.09999990463,0.897
3p34 TPO 4 B,TPO,TPO,0.980193340065,0.980193340065,0.0,True,1,1.39999997616,0.979
3p34 ACE 0 B,ACE,ACE,0.95844337297,0.95844337297,0.0,True,1,1.39999997616,0.94
3p32 PGE 337 A,PGE,PGE,0.333420818242,0.333420818242,0.0,True,1,1.89999997616,0.92
3p32 PGE 336 A,PGE,PGE,0.766652245412,0.766652245412,0.0,True,1,1.89999997616,0.933
3p2z TPO 78 B,TPO,TPO,0.933530092445,0.933530092445,0.0,True,1,1.79999995232,0.988
3p2y EDO 366 A,GOL,EDO,0.838022059254,0.0648669288164,0.773155130438,False,2,1.79999995232,0.954
3p2y EDO 365 A,GOL,EDO,0.493209009093,0.24743510737,0.245773901723,False,2,1.79999995232,0.948
3p2l PEG 211 B,EDO,PEG,0.480004296819,0.0138072156189,0.4661970812,False,4,2.29999995232,0.87
3p2l PEG 209 G,PEG,PEG,0.356607001706,0.356607001706,0.0,True,1,2.29999995232,0.941
3p2l PEG 208 D,GOL,PEG,0.46983028262,0.121689067196,0.348141215425,False,3,2.29999995232,0.845
3p2l PEG 207 B,GOL,PEG,0.26222032507,0.136791074817,0.125429250253,False,3,2.29999995232,0.938
3p2l PEG 207 A,NAG,PEG,0.23152407658,0.00120779969359,0.230316276886,False,68,2.29999995232,0.65
3p2l PEG 206 G,EDO,PEG,0.170403834697,0.11910908822,0.0512947464778,False,4,2.29999995232,0.749
3p2l PEG 206 E,GOL,PEG,0.487378918797,0.0530368154179,0.434342103379,False,3,2.29999995232,0.712
3p2l PEG 206 D,SO4,PEG,0.539257764799,0.00888166468761,0.530376100112,False,7,2.29999995232,0.829
3p2l PEG 206 C,EDO,PEG,0.41162944232,0.0175349945364,0.394094447784,False,6,2.29999995232,0.874
3p2l PEG 206 B,EDO,PEG,0.280336835107,0.22843965913,0.0518971759778,False,3,2.29999995232,0.78
3p2l PEG 205 G,PG4,PEG,0.276093849216,0.109556778483,0.166537070733,False,3,2.29999995232,0.848
3p2l PEG 205 E,GOL,PEG,0.615263500945,0.00316867899494,0.61209482195,False,13,2.29999995232,0.86
3p2l PEG 205 B,GOL,PEG,0.236896764867,0.169597263502,0.0672995013648,False,2,2.29999995232,0.898
3p2l PEG 205 A,GOL,PEG,0.54171656691,0.00184488757475,0.539871679335,False,21,2.29999995232,0.925
3p2l PEG 204 G,GOL,PEG,0.35384956034,0.0351163522561,0.318733208084,False,4,2.29999995232,0.9
3p2l PEG 204 F,GOL,PEG,0.359888547541,0.0865857912133,0.273302756327,False,3,2.29999995232,0.94
3p2l PEG 204 E,GOL,PEG,0.253732963536,0.00831812430851,0.245414839227,False,9,2.29999995232,0.862
3p2l PEG 204 D,EDO,PEG,0.239512574643,0.137691391509,0.101821183134,False,3,2.29999995232,0.897
3p2l PEG 203 G,GOL,PEG,0.12236852855,0.0635248425317,0.0588436860182,False,4,2.29999995232,0.89
3p2l PEG 203 F,GOL,PEG,0.355803930951,0.0523084720311,0.30349545892,False,4,2.29999995232,0.834
3p2l PEG 203 E,EDO,PEG,0.212410142078,0.159211314972,0.0531988271063,False,2,2.29999995232,0.864
3p2l PEG 203 D,EDO,PEG,0.574893309154,0.0383538156547,0.536539493499,False,4,2.29999995232,0.865
3p2l PEG 203 A,NAG,PEG,0.679577522209,0.0321510831896,0.64742643902,False,2,2.29999995232,0.812
3p2l EDO 208 G,GOL,EDO,0.258950454261,0.0952052127582,0.163745241502,False,3,2.29999995232,0.895
3p2l EDO 208 A,SO4,EDO,0.519283075656,0.0693167883142,0.449966287341,False,3,2.29999995232,0.894
3p2l EDO 207 C,GOL,EDO,0.329162766925,0.107774034494,0.221388732431,False,3,2.29999995232,0.865
3p2l EDO 206 F,EDO,EDO,0.415217682971,0.415217682971,0.0,True,1,2.29999995232,0.855
3p2c EDO 512 B,EDO,EDO,0.549251161211,0.549251161211,0.0,True,1,1.60000002384,0.911
3p2c EDO 510 A,EDO,EDO,0.91871908401,0.91871908401,0.0,True,1,1.60000002384,0.804
3p2c EDO 508 B,EDO,EDO,0.434296742141,0.434296742141,0.0,True,1,1.60000002384,0.983
3p2c EDO 505 B,EDO,EDO,0.491765512354,0.491765512354,0.0,True,1,1.60000002384,0.911
3p2c EDO 504 B,GOL,EDO,0.247548975079,0.181530531923,0.0660184431559,False,2,1.60000002384,0.942
3p2c EDO 503 A,EDO,EDO,0.410048715062,0.410048715062,0.0,True,1,1.60000002384,0.97
3p2c EDO 502 B,EDO,EDO,0.937652501642,0.937652501642,0.0,True,1,1.60000002384,0.994
3p2c EDO 501 A,EDO,EDO,0.521044866522,0.521044866522,0.0,True,1,1.60000002384,0.94
3p1v PEG 440 B,GOL,PEG,0.274259609493,0.0112751588449,0.262984450648,False,9,1.89999997616,0.712
3p1v PEG 439 B,GOL,PEG,0.323105404818,0.0963014314019,0.226803973416,False,4,1.89999997616,0.896
3p1t TLA 345 C,SO4,TLA,0.614969162021,0.000678766401191,0.61429039562,False,48,2.59999990463,0.746
3p1t TLA 344 C,SO4,TLA,0.250004654241,0.00521580833338,0.244788845908,False,21,2.59999990463,0.815
3p1t TLA 343 A,SO4,TLA,0.234517707768,0.0582364913639,0.176281216404,False,5,2.59999990463,0.915
3p1t TLA 342 B,GOL,TLA,0.462449846915,0.00176110703592,0.460688739879,False,25,2.59999990463,0.756
3p1t TLA 341 D,GOL,TLA,0.412565332541,0.00133103735378,0.411234295187,False,65,2.59999990463,0.733
3p1t EDO 358 D,GOL,EDO,0.283068500247,0.0698384943366,0.21323000591,False,3,2.59999990463,0.849
3p1t EDO 357 C,SO4,EDO,0.29342028816,0.0376102385081,0.255810049652,False,5,2.59999990463,0.913
3p1t EDO 356 B,GOL,EDO,0.398979619625,0.107553722268,0.291425897357,False,2,2.59999990463,0.821
3p1t EDO 352 C,EDO,EDO,0.357312118217,0.357312118217,0.0,True,1,2.59999990463,0.906
3p1t EDO 350 A,NAG,EDO,0.455490997851,0.00993255134557,0.445558446505,False,9,2.59999990463,0.772
3p1t EDO 349 A,SO4,EDO,0.690053972354,0.0597734832319,0.630280489123,False,3,2.59999990463,0.84
3p1t EDO 347 B,GOL,EDO,0.503556474586,0.235498750724,0.268057723862,False,2,2.59999990463,0.875
3p1t EDO 346 A,GOL,EDO,0.304425814394,0.194440303958,0.109985510435,False,3,2.59999990463,0.798
3p1n SEP 373 P,SEP,SEP,0.975403440223,0.975403440223,0.0,True,1,1.39999997616,0.989
3p1f EDO 5 B,EDO,EDO,0.439647358808,0.439647358808,0.0,True,1,1.60000002384,0.971
3p1f EDO 4 B,EDO,EDO,0.566418255535,0.566418255535,0.0,True,1,1.60000002384,0.959
3p1f EDO 2 B,EDO,EDO,0.783560585652,0.783560585652,0.0,True,1,1.60000002384,0.951
3p1f EDO 1 A,EDO,EDO,0.572559607156,0.572559607156,0.0,True,1,1.60000002384,0.963
3p1a EDO 3 A,EDO,EDO,0.421615342822,0.421615342822,0.0,True,1,1.70000004768,0.91
3p1a EDO 2 A,EDO,EDO,0.509863746195,0.509863746195,0.0,True,1,1.70000004768,0.959
3p1a EDO 11 A,EDO,EDO,0.808983657513,0.808983657513,0.0,True,1,1.70000004768,0.922
3p1a EDO 1 A,SCN,EDO,0.928000315182,0.00851349347969,0.919486821702,False,2,1.70000004768,0.97
3p11 NAG 627 A,NAG,NAG,0.886859561858,0.886859561858,0.0,True,1,3.70000004768,0.844
3p11 NAG 624 A,NAG,NAG,0.724679048391,0.724679048391,0.0,True,1,3.70000004768,0.917
3p0y NAG 3281 A,NAG_NAG,NAG_NAG,0.86177695877,0.86177695877,0.0,True,1,1.79999995232,0.954
3p0x EDO 445 D,EDO,EDO,0.305408555256,0.305408555256,0.0,True,1,2.40000009537,0.957
3p0x EDO 445 C,GOL,EDO,0.390759102456,0.349958568482,0.0408005339734,False,2,2.40000009537,0.961
3p0x EDO 445 A,EDO,EDO,0.641050318449,0.641050318449,0.0,True,1,2.40000009537,0.927
3p0x EDO 440 C,EDO,EDO,0.300266649244,0.300266649244,0.0,True,1,2.40000009537,0.975
3p0x EDO 440 A,GOL,EDO,0.64472862188,0.106808707335,0.537919914545,False,2,2.40000009537,0.935
3p0t EDO 204 B,EDO,EDO,0.585555872162,0.585555872162,0.0,True,1,1.89999997616,0.946
3p0t EDO 202 B,EDO,EDO,0.901479304878,0.901479304878,0.0,True,1,1.89999997616,0.952
3p0t EDO 201 B,EDO,EDO,0.895693877176,0.895693877176,0.0,True,1,1.89999997616,0.984
3p0t EDO 201 A,EDO,EDO,0.689729107218,0.689729107218,0.0,True,1,1.89999997616,0.954
3p0t EDO 200 B,EDO,EDO,0.809941511082,0.809941511082,0.0,True,1,1.89999997616,0.947
3p0t EDO 200 A,EDO,EDO,0.693931426192,0.693931426192,0.0,True,1,1.89999997616,0.967
3p0r PEG 211 A,PEG,PEG,0.298923821753,0.298923821753,0.0,True,1,1.79999995232,0.835
3p0m TPO 197 A,TPO,TPO,0.844123804944,0.844123804944,0.0,True,1,2.0,0.99
3p0m SEP 338 A,TPO,SEP,0.518204147698,0.415151857182,0.103052290515,False,2,2.0,0.976
3p02 EDO 5 A,GOL,EDO,0.567839251621,0.274685181614,0.293154070006,False,2,1.60000002384,0.818
3oz2 EDO 511 A,EDO,EDO,0.344930070416,0.344930070416,0.0,True,1,1.60000002384,0.849
3oz2 EDO 508 A,EDO,EDO,0.428158731425,0.428158731425,0.0,True,1,1.60000002384,0.927
3oz2 EDO 506 A,EDO,EDO,0.9012793224,0.9012793224,0.0,True,1,1.60000002384,0.909
3oz2 EDO 504 A,EDO,EDO,0.710895814844,0.710895814844,0.0,True,1,1.60000002384,0.927
3oz2 EDO 503 A,EDO,EDO,0.685843148124,0.685843148124,0.0,True,1,1.60000002384,0.98
3oyt PGE 416 B,PGE,PGE,0.407584340851,0.407584340851,0.0,True,1,1.79999995232,0.799
3oyt PEG 416 A,PEG,PEG,0.566465418705,0.566465418705,0.0,True,1,1.79999995232,0.734
3oyt PEG 415 B,GOL,PEG,0.255925163085,0.00956851879428,0.246356644291,False,9,1.79999995232,0.792
3oyt PEG 414 A,PEG,PEG,0.410029183067,0.410029183067,0.0,True,1,1.79999995232,0.759
3oyt PEG 413 A,PEG,PEG,0.458485457736,0.458485457736,0.0,True,1,1.79999995232,0.819
3oyt PEG 412 A,GOL,PEG,0.238714187803,0.128392034477,0.110322153325,False,3,1.79999995232,0.747
3oyt EDO 412 B,EDO,EDO,0.692590801514,0.692590801514,0.0,True,1,1.79999995232,0.761
3oyt EDO 411 B,PEG,EDO,0.412503227097,0.132248890873,0.280254336224,False,3,1.79999995232,0.754
3oy0 OY0 263 A,ZN,ZN,0.673423358361,0.673423358361,0.0,True,1,1.60000002384,0.911
3oxx EDO 102 A,GOL,EDO,0.462564187467,0.303339899251,0.159224288216,False,2,1.60000002384,0.781
3oxt TPO 197 A,TPO,TPO,0.945040286356,0.945040286356,0.0,True,1,2.09999990463,0.987
3oxt SEP 338 A,SEP,SEP,0.981737279666,0.981737279666,0.0,True,1,2.09999990463,0.981
3owr PEG 166 A,PEG,PEG,0.256337039451,0.256337039451,0.0,True,1,1.79999995232,0.954
3owr PEG 165 C,PEG,PEG,0.488756988497,0.488756988497,0.0,True,1,1.79999995232,0.833
3owq PEG 322 D,GOL,PEG,0.197180746503,0.0106771374976,0.186503609005,False,10,2.59999990463,0.87
3owq PEG 322 C,PGE,PEG,0.128229125823,0.0464871051963,0.0817420206266,False,5,2.59999990463,0.936
3owq PEG 322 B,PG4,PEG,0.187250922099,0.0207382111584,0.16651271094,False,12,2.59999990463,0.907
3owp TPO 197 A,TPO,TPO,0.973645044683,0.973645044683,0.0,True,1,1.89999997616,0.988
3owp SEP 338 A,SEP,SEP,0.992791199661,0.992791199661,0.0,True,1,1.89999997616,0.975
3owc EDO 188 A,EDO,EDO,0.437216603362,0.437216603362,0.0,True,1,1.89999997616,0.974
3owc EDO 187 B,EDO,EDO,0.833646461476,0.833646461476,0.0,True,1,1.89999997616,0.947
3owc EDO 187 A,GOL,EDO,0.476464626699,0.400700923909,0.0757637027901,False,2,1.89999997616,0.884
3owa PEG 603 D,GOL,PEG,0.170736794101,0.0636292801244,0.107107513977,False,3,2.0,0.742
3owa PEG 603 C,GOL,PEG,0.416782047765,0.0315702665225,0.385211781243,False,4,2.0,0.833
3owa PEG 603 B,EDO,PEG,0.249597827073,0.165507951992,0.0840898750803,False,3,2.0,0.707
3owa PEG 603 A,GOL,PEG,0.327186078331,0.0172786061394,0.309907472191,False,9,2.0,0.882
3owa 1PE 602 D,GOL,1PE,0.25415462186,0.00510675838927,0.249047863471,False,14,2.0,0.778
3owa 1PE 602 C,PEG,1PE,0.286384243937,0.0258324818152,0.260551762122,False,7,2.0,0.8
3owa 1PE 602 A,EDO,1PE,0.408908409203,0.00104024412856,0.407868165075,False,43,2.0,0.891
3ow4 TPO 308 B,TPO,TPO,0.932838336129,0.932838336129,0.0,True,1,2.59999990463,0.981
3ow4 TPO 308 A,TPO,TPO,0.932999217108,0.932999217108,0.0,True,1,2.59999990463,0.962
3ow3 TPO 197 A,TPO,TPO,0.97065003689,0.97065003689,0.0,True,1,1.89999997616,0.992
3ow3 SEP 338 A,SEP,SEP,0.958648946075,0.958648946075,0.0,True,1,1.89999997616,0.99
3ovv TPO 197 A,TPO,TPO,0.985819752131,0.985819752131,0.0,True,1,1.60000002384,0.979
3ovv SEP 338 A,SEP,SEP,0.968999480555,0.968999480555,0.0,True,1,1.60000002384,0.959
3ovs EDO 701 A,EDO,EDO,0.394749494051,0.394749494051,0.0,True,1,2.79999995232,0.947
3ovl ACY 9 A,HYP,ZN,0.23743304789,0.0265645659105,0.21086848198,False,6,1.79999995232,0.968
3ovb EDO 805 A,EDO,EDO,0.259810658983,0.259810658983,0.0,True,1,2.0,0.821
3ovb EDO 804 A,SO4,EDO,0.343407850873,0.0876683276774,0.255739523196,False,4,2.0,0.92
3ovb EDO 803 A,GOL,EDO,0.465149711497,0.372553677083,0.092596034414,False,2,2.0,0.96
3ovb EDO 802 B,GOL,EDO,0.629552441928,0.0781569113873,0.551395530541,False,3,2.0,0.734
3ovb EDO 801 A,EDO,EDO,0.623868835431,0.623868835431,0.0,True,1,2.0,0.858
3ova EDO 703 A,EDO,EDO,0.481032611991,0.481032611991,0.0,True,1,2.0,0.85
3ova EDO 702 A,EDO,EDO,0.608231915783,0.608231915783,0.0,True,1,2.0,0.903
3ova EDO 701 A,ACT,EDO,0.40141852656,0.29780652763,0.10361199893,False,2,2.0,0.947
3ov7 EDO 801 B,SO4,EDO,0.539506839928,0.0544897132663,0.485017126662,False,4,2.90000009537,0.925
3ov3 MLI 398 A,EDO,MLI,0.849269720172,0.00273297722591,0.846536742946,False,6,2.5,0.863
3ov3 MLI 397 A,EDO,MLI,0.600977482929,0.000389527409058,0.60058795552,False,63,2.5,0.911
3ov3 MLI 396 C,GOL,MLI,0.526262224195,0.00508109685141,0.521181127343,False,14,2.5,0.602
3ov3 MLI 396 A,EDO,MLI,0.506164186268,0.00040900108546,0.505755185183,False,191,2.5,0.944
3ov3 MLI 395 D,GOL,MLI,0.504491892982,0.00129778497611,0.503194108006,False,17,2.5,0.808
3ov3 MLI 395 C,EDO,MLI,0.468677317949,0.00292562333219,0.465751694617,False,8,2.5,0.958
3ov3 MLI 395 A,SO4,MLI,0.466331795299,0.00170125584457,0.464630539455,False,19,2.5,0.814
3ov3 MLI 394 A,EDO,MLI,0.319881971753,0.00295131948072,0.316930652273,False,14,2.5,0.802
3ov2 MLI 397 B,GOL,MLI,0.283940175947,0.00142530930643,0.28251486664,False,24,2.29999995232,0.804
3ov2 MLI 396 D,NAG,MLI,0.191517269948,0.000813321121247,0.190703948826,False,162,2.29999995232,0.694
3ov2 MLI 396 B,EDO,MLI,0.280493985301,0.000385683314753,0.280108301986,False,197,2.29999995232,0.71
3ov2 MLI 395 D,GOL,MLI,0.471000065066,0.000516961865208,0.470483103201,False,70,2.29999995232,0.844
3ov2 MLI 394 D,EDO,MLI,0.191588296017,0.00105370748005,0.190534588537,False,30,2.29999995232,0.92
3ov2 MLI 394 C,SO4,MLI,0.332615230486,0.00507689195653,0.327538338529,False,15,2.29999995232,0.85
3ov2 EDO 417 A,GOL,EDO,0.424118930964,0.248880562765,0.175238368199,False,2,2.29999995232,0.924
3ov2 EDO 415 A,EDO,EDO,0.283875282997,0.283875282997,0.0,True,1,2.29999995232,0.864
3ov2 EDO 414 B,EDO,EDO,0.269755169547,0.269755169547,0.0,True,1,2.29999995232,0.933
3ov2 EDO 414 A,EDO,EDO,0.539125412572,0.539125412572,0.0,True,1,2.29999995232,0.878
3ov2 EDO 413 A,EDO,EDO,0.474254983204,0.474254983204,0.0,True,1,2.29999995232,0.847
3ov2 EDO 412 B,EDO,EDO,0.491199005791,0.491199005791,0.0,True,1,2.29999995232,0.96
3ov2 EDO 411 D,SO4,EDO,0.462084443801,0.192069853794,0.270014590007,False,2,2.29999995232,0.895
3ov2 EDO 411 B,EDO,EDO,0.49833341909,0.49833341909,0.0,True,1,2.29999995232,0.991
3ov2 EDO 411 A,EDO,EDO,0.847485816076,0.847485816076,0.0,True,1,2.29999995232,0.897
3ov2 EDO 410 A,EDO,EDO,0.386557095078,0.386557095078,0.0,True,1,2.29999995232,0.938
3ov2 EDO 409 B,GOL,EDO,0.413351069154,0.351773672519,0.0615773966348,False,2,2.29999995232,0.973
3ov2 EDO 409 A,GOL,EDO,0.581646312099,0.0800877149225,0.501558597177,False,2,2.29999995232,0.899
3ov2 EDO 408 D,EDO,EDO,0.385062146559,0.385062146559,0.0,True,1,2.29999995232,0.887
3ov2 EDO 408 B,EDO,EDO,0.968017886614,0.968017886614,0.0,True,1,2.29999995232,0.971
3ov2 EDO 407 D,EDO,EDO,0.266721409202,0.266721409202,0.0,True,1,2.29999995232,0.865
3ov2 EDO 407 A,EDO,EDO,0.415765907645,0.415765907645,0.0,True,1,2.29999995232,0.969
3ov2 EDO 406 C,EDO,EDO,0.208064529558,0.208064529558,0.0,True,1,2.29999995232,0.72
3ov2 EDO 406 A,GOL,EDO,0.384776062182,0.146449297569,0.238326764613,False,2,2.29999995232,0.991
3ov2 EDO 405 C,GOL,EDO,0.640110673463,0.145506670435,0.494604003028,False,2,2.29999995232,0.978
3ov2 EDO 405 A,GOL,EDO,0.502654650028,0.0582897236666,0.444364926361,False,3,2.29999995232,0.951
3ov2 EDO 404 D,EDO,EDO,0.819948181221,0.819948181221,0.0,True,1,2.29999995232,0.985
3ov2 EDO 404 C,EDO,EDO,0.433745342558,0.433745342558,0.0,True,1,2.29999995232,0.796
3ov2 EDO 404 B,EDO,EDO,0.356508836688,0.356508836688,0.0,True,1,2.29999995232,0.92
3ov2 EDO 404 A,EDO,EDO,0.472506044492,0.472506044492,0.0,True,1,2.29999995232,0.844
3ov2 EDO 403 B,EDO,EDO,0.501148867652,0.501148867652,0.0,True,1,2.29999995232,0.867
3ov2 EDO 402 C,EDO,EDO,0.334132051162,0.334132051162,0.0,True,1,2.29999995232,0.9
3ov2 EDO 401 C,GOL,EDO,0.323665601747,0.257867887221,0.0657977145253,False,2,2.29999995232,0.907
3ov2 EDO 401 B,EDO,EDO,0.380902014285,0.380902014285,0.0,True,1,2.29999995232,0.963
3ov2 EDO 401 A,GOL,EDO,0.351846471395,0.209103208977,0.142743262418,False,2,2.29999995232,0.909
3ov2 EDO 400 B,GOL,EDO,0.467803387625,0.284650034518,0.183153353108,False,2,2.29999995232,0.943
3ov2 EDO 399 B,EDO,EDO,0.404148341376,0.404148341376,0.0,True,1,2.29999995232,0.922
3ov2 EDO 399 A,EDO,EDO,0.814011899569,0.814011899569,0.0,True,1,2.29999995232,0.931
3ov2 EDO 398 D,EDO,EDO,0.385373455089,0.385373455089,0.0,True,1,2.29999995232,0.92
3ov2 EDO 398 B,SO4,EDO,0.314526643983,0.195206865442,0.11931977854,False,2,2.29999995232,0.921
3ov2 EDO 397 C,EDO,EDO,0.372966286163,0.372966286163,0.0,True,1,2.29999995232,0.868
3ov2 EDO 396 C,ACY,EDO,0.236983390519,0.165962989396,0.071020401123,False,2,2.29999995232,0.703
3ov2 EDO 395 C,EDO,EDO,0.765455328074,0.765455328074,0.0,True,1,2.29999995232,0.98
3ouy EDO 801 A,GOL,EDO,0.293699993248,0.172598924359,0.121101068889,False,2,2.5,0.897
3oun TPO 266 B,TPO,TPO,0.713529330302,0.713529330302,0.0,True,1,2.70000004768,0.992
3oui PEG 902 A,1PE,PEG,0.215936005467,0.0667517042423,0.149184301225,False,6,1.70000004768,0.895
3otn PEG 636 A,GOL,PEG,0.400504180487,0.038741821205,0.361762359282,False,3,2.0,0.924
3otn EDO 634 A,EDO,EDO,0.704873797629,0.704873797629,0.0,True,1,2.0,0.847
3otn EDO 632 A,EDO,EDO,0.437504060689,0.437504060689,0.0,True,1,2.0,0.801
3otn EDO 631 A,EDO,EDO,0.59243000683,0.59243000683,0.0,True,1,2.0,0.949
3otn EDO 630 A,EDO,EDO,0.718078008578,0.718078008578,0.0,True,1,2.0,0.962
3otn EDO 628 A,EDO,EDO,0.625110487478,0.625110487478,0.0,True,1,2.0,0.97
3otn EDO 627 A,EDO,EDO,0.654757055908,0.654757055908,0.0,True,1,2.0,0.949
3otn EDO 626 A,GOL,EDO,0.437725697803,0.296446172377,0.141279525427,False,2,2.0,0.924
3otn EDO 624 B,EDO,EDO,0.370388389161,0.370388389161,0.0,True,1,2.0,0.974
3otn EDO 623 B,GOL,EDO,0.522556250929,0.169906951804,0.352649299125,False,2,2.0,0.892
3otn EDO 622 B,EDO,EDO,0.385589039944,0.385589039944,0.0,True,1,2.0,0.959
3otn EDO 621 B,EDO,EDO,0.561945942676,0.561945942676,0.0,True,1,2.0,0.932
3otn EDO 620 B,EDO,EDO,0.446391948377,0.446391948377,0.0,True,1,2.0,0.941
3otn EDO 619 B,EDO,EDO,0.802847899545,0.802847899545,0.0,True,1,2.0,0.976
3otn EDO 618 B,EDO,EDO,0.720469310241,0.720469310241,0.0,True,1,2.0,0.97
3otn EDO 617 B,EDO,EDO,0.667017550208,0.667017550208,0.0,True,1,2.0,0.922
3otn EDO 616 B,GOL,EDO,0.776991989954,0.148965382854,0.6280266071,False,2,2.0,0.879
3otn EDO 615 B,EDO,EDO,0.568839774651,0.568839774651,0.0,True,1,2.0,0.917
3otn EDO 614 B,EDO,EDO,0.994068776711,0.994068776711,0.0,True,1,2.0,0.906
3otn EDO 613 A,EDO,EDO,0.868140837242,0.868140837242,0.0,True,1,2.0,0.979
3otn EDO 612 A,EDO,EDO,0.825149255208,0.825149255208,0.0,True,1,2.0,0.964
3otl MES 159 A,MPD,MES,0.309946010449,0.0483946883293,0.26155132212,False,5,1.89999997616,0.951
3otk NAG 597 D,NAG,NAG,0.982773841405,0.982773841405,0.0,True,1,2.20000004768,0.73
3otk NAG 593 C,NAG,NAG,0.869395978293,0.869395978293,0.0,True,1,2.20000004768,0.65
3otk NAG 592 B,NAG,NAG,0.937686288805,0.937686288805,0.0,True,1,2.20000004768,0.738
3otk NAG 589 A,FUC_NAG_NAG,FUC_NAG_NAG,0.912856523003,0.912856523003,0.0,True,1,2.20000004768,0.933
3otk NAG 588 A,NAG,NAG,0.990942417839,0.990942417839,0.0,True,1,2.20000004768,0.887
3ot5 PGE 381 A,PEG,PGE,0.185950718621,0.00768508571744,0.178265632904,False,16,2.20000004768,0.893
3ot5 PEG 380 A,GOL,PEG,0.335232114164,0.0202655319333,0.31496658223,False,5,2.20000004768,0.882
3ot2 EDO 193 B,EDO,EDO,0.713812449296,0.713812449296,0.0,True,1,2.0,0.949
3osu PEG 255 A,GOL,PEG,0.249073091424,0.191062397983,0.0580106934415,False,3,1.89999997616,0.834
3osu PEG 254 A,EDO,PEG,0.65734270991,0.020465534386,0.636877175524,False,6,1.89999997616,0.73
3osu PEG 252 A,GOL,PEG,0.267113480221,0.0634191425782,0.203694337643,False,5,1.89999997616,0.828
3osu PEG 251 B,PEG,PEG,0.350231045981,0.350231045981,0.0,True,1,1.89999997616,0.885
3osu PEG 249 A,PG4,PEG,0.229965084732,0.106646449391,0.123318635341,False,4,1.89999997616,0.845
3osu PEG 248 B,GOL,PEG,0.387856362725,0.0567416641934,0.331114698531,False,3,1.89999997616,0.866
3osu PEG 247 B,PGE,PEG,0.283558419889,0.217970306861,0.0655881130283,False,2,1.89999997616,0.76
3osu PEG 247 A,GOL,PEG,0.397211798916,0.0769440974324,0.320267701483,False,3,1.89999997616,0.896
3osr MAL 700 B,MAL,MAL,0.980678804377,0.980678804377,0.0,True,1,2.0,0.961
3osr MAL 700 A,MAL,MAL,0.961720546498,0.961720546498,0.0,True,1,2.0,0.966
3osq MAL 700 A,MAL,MAL,0.979890057997,0.979890057997,0.0,True,1,1.89999997616,0.962
3osk NAG 131 A,NAG,NAG,0.992228982525,0.992228982525,0.0,True,1,1.79999995232,0.947
3ose PEG 798 A,EDO,PEG,0.588683032935,0.00848740402537,0.580195628909,False,8,1.60000002384,0.906
3osd EDO 311 A,EDO,EDO,0.627021433771,0.627021433771,0.0,True,1,1.79999995232,0.921
3osd EDO 309 A,EDO,EDO,0.767877132155,0.767877132155,0.0,True,1,1.79999995232,0.937
3osd EDO 307 A,EDO,EDO,0.866725677556,0.866725677556,0.0,True,1,1.79999995232,0.892
3osd EDO 306 A,EDO,EDO,0.423796498364,0.423796498364,0.0,True,1,1.79999995232,0.888
3osd EDO 305 A,EDO,EDO,0.692727376103,0.692727376103,0.0,True,1,1.79999995232,0.692
3osd EDO 304 A,EDO,EDO,0.6846582158,0.6846582158,0.0,True,1,1.79999995232,0.771
3osd EDO 303 A,EDO,EDO,0.631591789002,0.631591789002,0.0,True,1,1.79999995232,0.964
3osd EDO 302 A,EDO,EDO,0.958958786866,0.958958786866,0.0,True,1,1.79999995232,0.981
3os7 TLA 401 D,GOL,TLA,0.37192420098,0.291283761422,0.080640439558,False,2,1.79999995232,0.912
3os7 TLA 401 B,GOL,TLA,0.131136361946,0.0206865925297,0.110449769416,False,10,1.79999995232,0.919
3os7 TLA 401 A,GOL,TLA,0.330977087188,0.00351995323246,0.327457133956,False,10,1.79999995232,0.892
3os7 EDO 345 B,SO4,EDO,0.307089631389,0.239811026424,0.0672786049655,False,2,1.79999995232,0.887
3os7 EDO 343 D,EDO,EDO,0.701539686088,0.701539686088,0.0,True,1,1.79999995232,0.914
3os7 EDO 343 B,EDO,EDO,0.753329756419,0.753329756419,0.0,True,1,1.79999995232,0.91
3os7 EDO 343 A,SO4,EDO,0.446825952086,0.177530490881,0.269295461205,False,2,1.79999995232,0.9
3os7 EDO 342 D,EDO,EDO,0.754109002065,0.754109002065,0.0,True,1,1.79999995232,0.897
3os7 EDO 342 A,EDO,EDO,0.681123149295,0.681123149295,0.0,True,1,1.79999995232,0.941
3os7 EDO 341 D,SO4,EDO,0.774436144171,0.0159254375714,0.7585107066,False,5,1.79999995232,0.939
3os7 EDO 341 C,GOL,EDO,0.365479521352,0.157891899798,0.207587621554,False,2,1.79999995232,0.901
3os7 EDO 341 B,EDO,EDO,0.299896391989,0.299896391989,0.0,True,1,1.79999995232,0.971
3os7 EDO 341 A,ACT,EDO,0.451601079866,0.284779760857,0.166821319009,False,2,1.79999995232,0.863
3os5 EDO 395 A,GOL,EDO,0.544189027356,0.0743403168143,0.469848710541,False,2,1.70000004768,0.789
3os5 EDO 392 A,DMS,EDO,0.229059802665,0.175211567572,0.0538482350925,False,2,1.70000004768,0.651
3os5 EDO 391 A,EDO,EDO,0.714211114376,0.714211114376,0.0,True,1,1.70000004768,0.924
3orz SEP 241 B,GOL,SEP,0.4619458132,0.00263740315383,0.459308410046,False,20,2.0,0.928
3orx SEP 241 D,SO4,SEP,0.578621326111,0.121071340713,0.457549985398,False,2,2.20000004768,0.906
3orx SEP 241 C,SO4,SEP,0.732856847362,0.00248048790176,0.73037635946,False,10,2.20000004768,0.907
3orx SEP 241 B,SO4,SEP,0.631766528459,0.00572421376307,0.626042314695,False,14,2.20000004768,0.932
3orx SEP 241 A,SO4,SEP,0.770396840834,0.00136324492081,0.769033595913,False,14,2.20000004768,0.927
3orv PGE 387 D,GOL,PGE,0.590352678924,0.00663717636553,0.583715502558,False,9,1.89999997616,0.888
3orv PEG 390 F,GOL,PEG,0.45810030898,0.134045583267,0.324054725713,False,2,1.89999997616,0.909
3orv EDO 391 F,EDO,EDO,0.836193564359,0.836193564359,0.0,True,1,1.89999997616,0.859
3orv EDO 388 D,EDO,EDO,0.574013242677,0.574013242677,0.0,True,1,1.89999997616,0.877
3orv EDO 374 B,PG4,EDO,0.233235240737,0.0684399296336,0.164795311103,False,5,1.89999997616,0.865
3ort MES 343 A,MES,MES,0.452506172452,0.452506172452,0.0,True,1,1.89999997616,0.894
3orj EDO 472 A,EDO,EDO,0.812117864183,0.812117864183,0.0,True,1,2.20000004768,0.963
3orj EDO 471 A,EDO,EDO,0.259649332372,0.259649332372,0.0,True,1,2.20000004768,0.888
3oqq PGE 463 A,PEG,PGE,0.395961912787,0.0167904220258,0.379171490762,False,6,2.09999990463,0.936
3oqq PGE 462 A,PGE,PGE,0.359662435084,0.359662435084,0.0,True,1,2.09999990463,0.929
3oqo SEP 46 S,SEP,SEP,0.2106411868,0.2106411868,0.0,True,1,3.0,0.987
3oqo SEP 46 D,SO4,SEP,0.172028757157,0.171552698118,0.000476059038512,False,2,3.0,0.925
3oqn SEP 46 S,SO4,SEP,0.635210821642,0.0289844203178,0.606226401324,False,3,3.29999995232,0.909
3oqn SEP 46 D,SO4,SEP,0.470382114945,0.113979350575,0.35640276437,False,2,3.29999995232,0.948
3oqm SEP 46 S,TPO,SEP,0.967147730742,0.00428170422758,0.962866026515,False,3,3.0,0.982
3oqm SEP 46 D,TPO,SEP,0.444138199904,0.299643919205,0.144494280698,False,2,3.0,0.963
3oqk NAG 367 B,MAN,NAG,0.469186409122,0.17141598413,0.297770424993,False,3,2.90000009537,0.674
3oqk NAG 367 A,NAG,NAG,0.934135494989,0.934135494989,0.0,True,1,2.90000009537,0.77
3oqf NAG 367 B,NAG,NAG,0.898618465026,0.898618465026,0.0,True,1,2.79999995232,0.769
3oqf NAG 367 A,NAG,NAG,0.958354639926,0.958354639926,0.0,True,1,2.79999995232,0.877
3oqe EDO 701 A,GOL,EDO,0.490528144767,0.376736545993,0.113791598774,False,2,1.89999997616,0.911
3oq8 MLA 440 D,MPD,MLA,0.269791369003,0.0294503845978,0.240340984405,False,6,2.29999995232,0.982
3oq8 MLA 440 C,GOL,MLA,0.560441386374,0.00416452614034,0.556276860233,False,20,2.29999995232,0.99
3oq8 MLA 440 B,EDO,MLA,0.32804680819,0.0680910215282,0.259955786661,False,4,2.29999995232,0.969
3oq8 MLA 440 A,ACT,MLA,0.515877446504,0.000587281808573,0.515290164695,False,108,2.29999995232,0.985
3oq8 EDO 475 C,EDO,EDO,0.432910004788,0.432910004788,0.0,True,1,2.29999995232,0.929
3oq8 EDO 475 B,EDO,EDO,0.463609946145,0.463609946145,0.0,True,1,2.29999995232,0.952
3oq8 EDO 475 A,GOL,EDO,0.495469784132,0.293104632168,0.202365151964,False,2,2.29999995232,0.955
3oq8 EDO 470 C,SO4,EDO,0.228229393802,0.16614129714,0.0620880966622,False,2,2.29999995232,0.84
3oq8 EDO 465 C,EDO,EDO,0.462204987435,0.462204987435,0.0,True,1,2.29999995232,0.919
3oq8 EDO 465 B,EDO,EDO,0.279820378893,0.279820378893,0.0,True,1,2.29999995232,0.951
3oq8 EDO 465 A,EDO,EDO,0.708280228925,0.708280228925,0.0,True,1,2.29999995232,0.957
3oq8 EDO 450 C,GOL,EDO,0.559949934301,0.0692083835154,0.490741550785,False,2,2.29999995232,0.975
3oq8 EDO 450 A,GOL,EDO,0.748140875254,0.0914113395448,0.656729535709,False,2,2.29999995232,0.961
3oq3 EDO 332 B,SO4,EDO,0.435462613548,0.0365460222413,0.398916591306,False,6,2.09999990463,0.918
3oq3 EDO 331 B,EDO,EDO,0.292134725031,0.292134725031,0.0,True,1,2.09999990463,0.693
3oq3 EDO 170 A,GOL,EDO,0.325876138205,0.0673074212494,0.258568716956,False,3,2.09999990463,0.839
3oq3 EDO 169 A,MPD,EDO,0.426221851952,0.0107629025043,0.415458949448,False,5,2.09999990463,0.874
3opm NAG 901 B,NAG_NAG,NAG,0.840190555595,0.0357514486795,0.804439106916,False,2,2.70000004768,0.75
3opm NAG 3211 B,NAG,NAG,0.943777965098,0.943777965098,0.0,True,1,2.70000004768,0.838
3opm NAG 3211 A,NAG,NAG,0.884205130781,0.884205130781,0.0,True,1,2.70000004768,0.931
3opm NAG 2811 D,CLA,NAG,0.428861929953,0.306522781828,0.122339148125,False,2,2.70000004768,0.834
3opm NAG 2811 B,NAG,NAG,0.697651479902,0.697651479902,0.0,True,1,2.70000004768,0.87
3opm NAG 2811 A,NAG_NAG,NAG,0.156852365593,0.131258234658,0.0255941309347,False,2,2.70000004768,0.762
3opm NAG 2291 D,NAG_NAG,NAG,0.670818332077,0.301351818643,0.369466513434,False,2,2.70000004768,0.888
3opm NAG 2291 C,NAG_NAG,NAG_NAG,0.732329505987,0.732329505987,0.0,True,1,2.70000004768,0.936
3opm NAG 2291 B,NAG_NAG,NAG,0.943694352493,0.0401102551954,0.903584097297,False,2,2.70000004768,0.906
3opm NAG 2291 A,NAG_NAG,NAG_NAG,0.925062991608,0.925062991608,0.0,True,1,2.70000004768,0.932
3opm NAG 2191 D,NAG,NAG,0.154750301399,0.154750301399,0.0,True,1,2.70000004768,0.872
3opm NAG 2191 A,NAG,NAG,0.946652857337,0.946652857337,0.0,True,1,2.70000004768,0.808
3opm NAG 1501 D,NAG,NAG,0.984196158585,0.984196158585,0.0,True,1,2.70000004768,0.823
3opm NAG 1501 B,NAG,NAG,0.951255785563,0.951255785563,0.0,True,1,2.70000004768,0.887
3opm NAG 1501 A,NAG,NAG,0.920909750647,0.920909750647,0.0,True,1,2.70000004768,0.801
3op7 EDO 404 A,GOL,EDO,0.541772286288,0.194142277545,0.347630008743,False,2,1.70000004768,0.949
3op7 EDO 403 A,EDO,EDO,0.650749004773,0.650749004773,0.0,True,1,1.70000004768,0.939
3op6 EDO 200 A,EDO,EDO,0.685169698135,0.685169698135,0.0,True,1,2.0,0.953
3op5 EDO 367 C,EDO,EDO,0.551632236928,0.551632236928,0.0,True,1,2.40000009537,0.907
3op5 EDO 367 B,EDO,EDO,0.846023624801,0.846023624801,0.0,True,1,2.40000009537,0.947
3op5 EDO 366 C,EDO,EDO,0.603364918651,0.603364918651,0.0,True,1,2.40000009537,0.963
3op5 EDO 366 A,EDO,EDO,0.345227977048,0.345227977048,0.0,True,1,2.40000009537,0.947
3op1 PEG 319 A,1PE,PEG,0.165825271355,0.0500697128028,0.115755558552,False,4,2.5,0.9
3op1 PEG 314 B,NAG,PEG,0.183664549543,0.0685981449184,0.115066404625,False,4,2.5,0.915
3ooy EDO 625 B,GOL,EDO,0.58486447403,0.282830813571,0.302033660459,False,2,2.09999990463,0.95
3ooy EDO 624 B,EDO,EDO,0.670026104284,0.670026104284,0.0,True,1,2.09999990463,0.939
3ooy EDO 623 A,EDO,EDO,0.496030810965,0.496030810965,0.0,True,1,2.09999990463,0.918
3oox EDO 330 A,EDO,EDO,0.861528523548,0.861528523548,0.0,True,1,1.39999997616,0.882
3oox EDO 328 A,EDO,EDO,0.841145353732,0.841145353732,0.0,True,1,1.39999997616,0.894
3oox EDO 327 B,EDO,EDO,0.976018830719,0.976018830719,0.0,True,1,1.39999997616,0.935
3oox EDO 326 A,EDO,EDO,0.936191436568,0.936191436568,0.0,True,1,1.39999997616,0.959
3oox EDO 324 A,EDO,EDO,0.688337363302,0.688337363302,0.0,True,1,1.39999997616,0.9
3oox EDO 321 A,EDO,EDO,0.8611474784,0.8611474784,0.0,True,1,1.39999997616,0.854
3oox EDO 318 A,EDO,EDO,0.822278299344,0.822278299344,0.0,True,1,1.39999997616,0.935
3oox EDO 317 B,EDO,EDO,0.796538320292,0.796538320292,0.0,True,1,1.39999997616,0.812
3oox EDO 314 A,EDO,EDO,0.872722906977,0.872722906977,0.0,True,1,1.39999997616,0.936
3oox EDO 313 B,EDO,EDO,0.83809918991,0.83809918991,0.0,True,1,1.39999997616,0.945
3oox EDO 312 B,EDO,EDO,0.823373941429,0.823373941429,0.0,True,1,1.39999997616,0.96
3oou EDO 109 A,EDO,EDO,0.787054894178,0.787054894178,0.0,True,1,1.60000002384,0.691
3oot NAG 367 B,NAG,NAG,0.622686493367,0.622686493367,0.0,True,1,2.59999990463,0.777
3oot NAG 367 A,NAG_NAG,NAG,0.445436587247,0.253944350386,0.191492236861,False,2,2.59999990463,0.863
3oom EDO 8 A,SO4,EDO,0.733555614588,0.0233943013782,0.71016131321,False,3,2.0,0.896
3oom EDO 7 A,EDO,EDO,0.591915426605,0.591915426605,0.0,True,1,2.0,0.927
3oom EDO 502 A,SO4,EDO,0.443260769885,0.0601025575064,0.383158212379,False,4,2.0,0.836
3oom EDO 501 A,SO4,EDO,0.588695759189,0.0544139382303,0.534281820959,False,3,2.0,0.866
3oom EDO 4 A,EDO,EDO,0.747698735129,0.747698735129,0.0,True,1,2.0,0.954
3oom EDO 3 A,SO4,EDO,0.314840274032,0.0442129988863,0.270627275146,False,5,2.0,0.93
3oom EDO 12 A,EDO,EDO,0.505469823076,0.505469823076,0.0,True,1,2.0,0.866
3oom EDO 10 A,EDO,EDO,0.236165483835,0.236165483835,0.0,True,1,2.0,0.955
3oog TPO 197 A,TPO,TPO,0.956064497286,0.956064497286,0.0,True,1,2.0,0.986
3oog SEP 338 A,SEP,SEP,0.956543167513,0.956543167513,0.0,True,1,2.0,0.967
3ony EDO 9 B,EDO,EDO,0.901634755404,0.901634755404,0.0,True,1,1.89999997616,0.945
3ony EDO 8 C,EDO,EDO,0.873699611759,0.873699611759,0.0,True,1,1.89999997616,0.975
3ony EDO 7 B,EDO,EDO,0.597045060855,0.597045060855,0.0,True,1,1.89999997616,0.976
3ony EDO 6 A,GOL,EDO,0.33008546351,0.321319311418,0.00876615209188,False,2,1.89999997616,0.908
3ony EDO 3 A,GOL,EDO,0.426147462994,0.394937850232,0.0312096127628,False,2,1.89999997616,0.967
3ony EDO 2 C,GOL,EDO,0.517047520095,0.192303387478,0.324744132617,False,2,1.89999997616,0.934
3ony EDO 10 A,GOL,EDO,0.429943479609,0.346741485165,0.0832019944441,False,2,1.89999997616,0.923
3ony EDO 1 C,GOL,EDO,0.14981174863,0.0356398177285,0.114171930902,False,8,1.89999997616,0.941
3onu EDO 5 B,EDO,EDO,0.963998174198,0.963998174198,0.0,True,1,1.39999997616,0.978
3onu EDO 3 A,EDO,EDO,0.974567822257,0.974567822257,0.0,True,1,1.39999997616,0.971
3onu EDO 2 A,EDO,EDO,0.516568789811,0.516568789811,0.0,True,1,1.39999997616,0.973
3onu EDO 1 B,EDO,EDO,0.668826080131,0.668826080131,0.0,True,1,1.39999997616,0.977
3oni EDO 457 A,EDO,EDO,0.604702113345,0.604702113345,0.0,True,1,1.60000002384,0.952
3one ADE 507 B,ADE,ADE,0.836820134415,0.836820134415,0.0,True,1,1.29999995232,0.989
3one ADE 506 A,ADE,ADE,0.683727025381,0.683727025381,0.0,True,1,1.29999995232,0.981
3on6 EDO 492 A,EDO,EDO,0.829380821068,0.829380821068,0.0,True,1,1.70000004768,0.958
3on6 EDO 490 B,EDO,EDO,0.859589042671,0.859589042671,0.0,True,1,1.70000004768,0.97
3oms EDO 502 A,EDO,EDO,0.330872852461,0.330872852461,0.0,True,1,1.89999997616,0.884
3oms EDO 501 A,GOL,EDO,0.385916730233,0.139446158484,0.246470571749,False,2,1.89999997616,0.913
3om8 MES 265 B,MES,MES,0.476181188375,0.476181188375,0.0,True,1,2.20000004768,0.966
3om8 MES 265 A,SO4,MES,0.725291321596,0.00318759557361,0.722103726023,False,12,2.20000004768,0.965
3om8 EDO 266 B,CME,EDO,0.128169888491,0.0129185905478,0.115251297943,False,10,2.20000004768,0.845
3om8 EDO 266 A,CSD,EDO,0.627217868134,0.00340866388188,0.623809204252,False,19,2.20000004768,0.79
3om7 PGE 485 C,PEG,PGE,0.395494361807,0.0992473712867,0.29624699052,False,3,1.89999997616,0.798
3om7 PGE 485 A,PEG,PGE,0.370261090263,0.289000891892,0.0812601983705,False,2,1.89999997616,0.728
3om6 PGE 485 C,1PE,PGE,0.322026770181,0.206268080028,0.115758690153,False,2,2.0,0.872
3om5 PGE 486 C,1PE,PGE,0.860813446526,0.0403545591973,0.820458887328,False,3,2.0,0.898
3om4 PGE 486 C,PEG,PGE,0.406346264693,0.0547919115971,0.351554353096,False,3,1.79999995232,0.851
3om4 PGE 486 B,PG4,PGE,0.228006741372,0.020974691224,0.207032050148,False,8,1.79999995232,0.865
3om4 PGE 486 A,1PE,PGE,0.181474917124,0.0993657090799,0.0821092080443,False,3,1.79999995232,0.894
3om4 PGE 485 D,PEG,PGE,0.614861039545,0.0645622509178,0.550298788628,False,3,1.79999995232,0.877
3om3 DMU 3 B,SO4,DMU,0.244622487235,0.00154662752287,0.243075859712,False,80,2.59999990463,0.849
3om3 DMU 2 B,CLR,DMU,0.806827808727,0.0209920485367,0.785835760191,False,2,2.59999990463,0.777
3om3 DMU 1005 A,EDO,DMU,0.164464511903,0.0213006033311,0.143163908571,False,12,2.59999990463,0.853
3om3 DMU 10 C,NAG,DMU,0.157736721821,0.0767728186058,0.080963903215,False,5,2.59999990463,0.828
3om3 DMU 1 B,DMU,DMU,0.611610803415,0.611610803415,0.0,True,1,2.59999990463,0.955
3om0 NAG 400 A,NAG,NAG,0.997728152768,0.997728152768,0.0,True,1,1.39999997616,0.903
3om0 NAG 398 A,NAG,NAG,0.982841955859,0.982841955859,0.0,True,1,1.39999997616,0.879
3om0 NAG 397 A,NAG,NAG,0.997139537196,0.997139537196,0.0,True,1,1.39999997616,0.917
3olz NAG 400 A,NAG,NAG,0.47777192909,0.47777192909,0.0,True,1,2.79999995232,0.891
3olz NAG 399 B,NAG,NAG,0.944843487974,0.944843487974,0.0,True,1,2.79999995232,0.908
3olz NAG 399 A,NAG,NAG,0.944900526137,0.944900526137,0.0,True,1,2.79999995232,0.899
3olu NAG 681 B,NAG,NAG,0.964398659984,0.964398659984,0.0,True,1,2.40000009537,0.821
3olu NAG 681 A,NAG,NAG,0.99666897115,0.99666897115,0.0,True,1,2.40000009537,0.866
3olu NAG 671 B,NAG_NAG,NAG_NAG,0.8702970221,0.8702970221,0.0,True,1,2.40000009537,0.975
3olu NAG 671 A,NAG_NAG,NAG_NAG,0.982461401222,0.982461401222,0.0,True,1,2.40000009537,0.943
3olu NAG 661 B,NAG,NAG,0.994286645575,0.994286645575,0.0,True,1,2.40000009537,0.844
3olu NAG 661 A,NAG,NAG,0.994244559837,0.994244559837,0.0,True,1,2.40000009537,0.878
3olu EDO 9 B,EDO,EDO,0.226768584515,0.226768584515,0.0,True,1,2.40000009537,0.723
3olu EDO 8 B,EDO,EDO,0.25434072731,0.25434072731,0.0,True,1,2.40000009537,0.969
3olu EDO 6 B,EDO,EDO,0.654708139473,0.654708139473,0.0,True,1,2.40000009537,0.957
3olu EDO 4 A,EDO,EDO,0.531767071039,0.531767071039,0.0,True,1,2.40000009537,0.975
3olu EDO 3 B,EDO,EDO,0.532601896288,0.532601896288,0.0,True,1,2.40000009537,0.958
3olu EDO 13 A,GOL,EDO,0.76182250492,0.0383008368116,0.723521668108,False,3,2.40000009537,0.966
3olu EDO 12 A,EDO,EDO,0.495566369703,0.495566369703,0.0,True,1,2.40000009537,0.991
3olu EDO 11 B,EDO,EDO,0.266102122426,0.266102122426,0.0,True,1,2.40000009537,0.925
3olt NAG 681 B,NAG,NAG,0.887823945446,0.887823945446,0.0,True,1,2.5,0.852
3olt NAG 681 A,NAG,NAG,0.958029297204,0.958029297204,0.0,True,1,2.5,0.885
3olt NAG 671 B,NAG,NAG_NAG,0.585083726306,0.336061572786,0.24902215352,False,2,2.5,0.965
3olt NAG 671 A,NAG_NAG,NAG_NAG,0.628219167507,0.628219167507,0.0,True,1,2.5,0.955
3olt NAG 661 B,NAG,NAG,0.956405306348,0.956405306348,0.0,True,1,2.5,0.849
3olt NAG 661 A,NAG,NAG,0.708391706486,0.708391706486,0.0,True,1,2.5,0.878
3olt EDO 9 B,DMF,EDO,0.208359780051,0.207953198867,0.000406581184739,False,2,2.5,0.865
3olt EDO 8 B,PO4,EDO,0.436190594347,0.0358418639228,0.400348730424,False,5,2.5,0.974
3olt EDO 6 B,EDO,EDO,0.511011247661,0.511011247661,0.0,True,1,2.5,0.972
3olt EDO 4 A,GOL,EDO,0.548073265622,0.230010665391,0.318062600232,False,2,2.5,0.943
3olt EDO 3 B,GOL,EDO,0.345066042143,0.133738768397,0.211327273746,False,3,2.5,0.959
3olt EDO 13 A,GOL,EDO,0.644117891746,0.12260848372,0.521509408026,False,2,2.5,0.981
3olt EDO 12 A,EDO,EDO,0.371641077806,0.371641077806,0.0,True,1,2.5,0.97
3olt EDO 11 B,EDO,EDO,0.373556155831,0.373556155831,0.0,True,1,2.5,0.908
3olr PTR 394 H,PTR,PTR,0.994509670598,0.994509670598,0.0,True,1,2.09999990463,0.951
3olr PTR 394 G,PTR,PTR,0.837875844264,0.837875844264,0.0,True,1,2.09999990463,0.938
3olr PTR 394 F,PTR,PTR,0.912457174791,0.912457174791,0.0,True,1,2.09999990463,0.966
3olr PTR 394 E,PTR,PTR,0.647977557838,0.647977557838,0.0,True,1,2.09999990463,0.937
3oll PTR 488 B,PTR,PTR,0.672103073537,0.672103073537,0.0,True,1,1.5,0.917
3oll PTR 488 A,PTR,PTR,0.303815042092,0.303815042092,0.0,True,1,1.5,0.897
3old NAG 500 A,NAG,NAG,0.982470316321,0.982470316321,0.0,True,1,2.0,0.862
3ol2 NAG 9001 A,NAG,NAG,0.40410315515,0.40410315515,0.0,True,1,3.0,0.829
3ol2 NAG 8000 A,NAG_NAG,NAG_NAG,0.935271031921,0.935271031921,0.0,True,1,3.0,0.92
3ol2 NAG 6000 A,NAG,NAG,0.966787964793,0.966787964793,0.0,True,1,3.0,0.9
3ol2 NAG 4001 A,BMA,NAG,0.715793618202,0.0130208201529,0.702772798049,False,7,3.0,0.776
3ol2 NAG 3000 A,NAG,NAG,0.906263826625,0.906263826625,0.0,True,1,3.0,0.859
3ol2 NAG 1000 A,NAG_NAG,NAG_NAG,0.545585165319,0.545585165319,0.0,True,1,3.0,0.941
3ol2 BMA 1002 A,MAN,BMA,0.307935290189,0.207095327766,0.100839962423,False,2,3.0,0.653
3oky NAG 1434 B,NAG,NAG,0.751869565394,0.751869565394,0.0,True,1,2.20000004768,0.796
3oky NAG 1327 A,NAG,NAG,0.456319061561,0.456319061561,0.0,True,1,2.20000004768,0.831
3oky NAG 1282 B,NAG_NAG,NAG_NAG,0.662227936052,0.662227936052,0.0,True,1,2.20000004768,0.965
3oky NAG 1163 A,NAG,NAG,0.924186883347,0.924186883347,0.0,True,1,2.20000004768,0.856
3oky NAG 1076 A,SO4,NAG,0.264163207909,0.101397499846,0.162765708063,False,3,2.20000004768,0.765
3okw NAG 1461 B,NAG,NAG,0.94913248704,0.94913248704,0.0,True,1,2.29999995232,0.879
3okw NAG 1434 A,NAG,NAG,0.87011133844,0.87011133844,0.0,True,1,2.29999995232,0.919
3okw NAG 1282 B,NAG,NAG_NAG,0.705550499282,0.141258615038,0.564291884245,False,2,2.29999995232,0.956
3okw NAG 1282 A,NAG_NAG,NAG_NAG,0.905747837009,0.905747837009,0.0,True,1,2.29999995232,0.932
3okw NAG 1065 B,NAG,NAG,0.950947203813,0.950947203813,0.0,True,1,2.29999995232,0.825
3okw BMA 1463 B,GOL,BMA,0.306566900271,0.00194124114939,0.304625659122,False,42,2.29999995232,0.629
3oku VZ4 263 A,ZN,ZN,0.862651427865,0.862651427865,0.0,True,1,1.39999997616,0.889
3okt NAG 1655 A,NAG,NAG,0.905552203197,0.905552203197,0.0,True,1,2.29999995232,0.888
3okt NAG 1163 A,NAG,NAG,0.994394414791,0.994394414791,0.0,True,1,2.29999995232,0.85
3okt NAG 1076 A,NAG,NAG,0.820836506603,0.820836506603,0.0,True,1,2.29999995232,0.888
3oks EDO 485 D,GOL,EDO,0.446829248307,0.376628685549,0.0702005627574,False,2,1.79999995232,0.949
3oks EDO 480 D,ACT,EDO,0.268642820871,0.102649606105,0.165993214766,False,4,1.79999995232,0.921
3oks EDO 480 C,GOL,EDO,0.731747994497,0.0824311454832,0.649316849013,False,2,1.79999995232,0.851
3oks EDO 480 A,EDO,EDO,0.508779002996,0.508779002996,0.0,True,1,1.79999995232,0.946
3oks EDO 455 D,EDO,EDO,0.776065538571,0.776065538571,0.0,True,1,1.79999995232,0.972
3oks EDO 455 C,EDO,EDO,0.508489899276,0.508489899276,0.0,True,1,1.79999995232,0.979
3oks EDO 455 B,EDO,EDO,0.899468192223,0.899468192223,0.0,True,1,1.79999995232,0.983
3oks EDO 455 A,GOL,EDO,0.566482484894,0.207982303453,0.358500181441,False,2,1.79999995232,0.966
3ojy TPO 364 B,NAG,TPO,0.104084240234,0.0113700503516,0.0927141898827,False,14,2.5,0.694
3ojy BMA 558 A,SO4,BMA,0.350199284611,0.00141520031856,0.348784084293,False,47,2.5,0.929
3ojy BMA 557 A,SO4,BMA,0.488002866191,0.000410627100956,0.48759223909,False,164,2.5,0.939
3ojy BMA 556 A,SO4,BMA,0.491458796715,0.00501173539899,0.486447061316,False,17,2.5,0.908
3ojy BMA 541 B,SO4,BMA,0.213542349102,0.00171916236449,0.211823186738,False,102,2.5,0.955
3ojy BMA 539 B,SO4,BMA,0.469949419854,0.000278800257577,0.469670619597,False,198,2.5,0.942
3ojj PG4 367 B,GOL,PG4,0.261295440753,0.0195984393201,0.241697001433,False,6,1.70000004768,0.87
3oja NAG 1017 B,NAG,NAG,0.66304043748,0.66304043748,0.0,True,1,2.70000004768,0.832
3oja NAG 1015 B,NAG_NAG,NAG_NAG,0.978635410237,0.978635410237,0.0,True,1,2.70000004768,0.972
3oja NAG 1007 B,NAG,NAG,0.463215078458,0.463215078458,0.0,True,1,2.70000004768,0.901
3oja NAG 1005 A,NAG,NAG,0.960790745889,0.960790745889,0.0,True,1,2.70000004768,0.866
3oja NAG 1003 A,BMA_MAN_NAG_NAG,NAG_NAG,0.446300751334,0.0327709268116,0.413529824523,False,5,2.70000004768,0.969
3oja NAG 1001 A,NAG_NAG,NAG_NAG,0.920568579211,0.920568579211,0.0,True,1,2.70000004768,0.984
3oj6 EDO 152 D,GOL,EDO,0.305217080058,0.281613338114,0.0236037419438,False,2,1.70000004768,0.887
3oib EDO 517 B,EDO,EDO,0.647942750149,0.647942750149,0.0,True,1,2.09999990463,0.964
3oib EDO 517 A,EDO,EDO,0.741799841186,0.741799841186,0.0,True,1,2.09999990463,0.911
3oi7 EDO 275 D,EDO,EDO,0.488917436055,0.488917436055,0.0,True,1,2.40000009537,0.925
3oi7 EDO 274 C,EDO,EDO,0.700493184461,0.700493184461,0.0,True,1,2.40000009537,0.912
3oi7 EDO 274 A,GOL,EDO,0.649572042241,0.140025696455,0.509546345786,False,2,2.40000009537,0.928
3oi7 EDO 273 D,GOL,EDO,0.407780879339,0.275684862965,0.132096016374,False,2,2.40000009537,0.856
3oi7 EDO 273 B,SO4,EDO,0.693100331437,0.111033207172,0.582067124265,False,2,2.40000009537,0.922
3oi7 EDO 273 A,GOL,EDO,0.521662506414,0.102347041087,0.419315465327,False,3,2.40000009537,0.881
3ohx NAG 646 D,NAG_NAG,NAG,0.454143472742,0.313007725293,0.141135747449,False,2,3.5,0.704
3ohx NAG 646 A,NAG_NAG,NAG,0.720537019289,0.0664098454327,0.654127173856,False,2,3.5,0.741
3ohr MLY 223 A,CRO,MLY_MLY,0.166940075297,0.0854245406248,0.0815155346721,False,2,1.70000004768,0.978
3ohg EDO 413 A,EDO,EDO,0.644412980327,0.644412980327,0.0,True,1,1.79999995232,0.922
3ohg EDO 408 A,EDO,EDO,0.863517377909,0.863517377909,0.0,True,1,1.79999995232,0.953
3ohg EDO 406 A,EDO,EDO,0.883267164639,0.883267164639,0.0,True,1,1.79999995232,0.946
3ohg EDO 405 A,EDO,EDO,0.440405464733,0.440405464733,0.0,True,1,1.79999995232,0.91
3ohg EDO 404 A,EDO,EDO,0.39941615943,0.39941615943,0.0,True,1,1.79999995232,0.934
3ogx TLA 172 C,GOL,TLA,0.0923545219,0.0120520444522,0.0803024774478,False,14,2.79999995232,0.888
3ogw SEP 198 A,ACT,SEP,0.126892730836,0.00244184452912,0.124450886307,False,39,1.89999997616,0.864
3ogw NAG 601 A,NAG,NAG,0.995135837648,0.995135837648,0.0,True,1,1.89999997616,0.833
3ogw EDO 608 A,NO3,EDO,0.250037526751,0.046693640055,0.203343886696,False,4,1.89999997616,0.859
3ogv NAG 1042 A,NAG,NAG,0.980345424655,0.980345424655,0.0,True,1,1.39999997616,0.875
3ogv NAG 1041 A,NAG,NAG,0.998214435209,0.998214435209,0.0,True,1,1.39999997616,0.902
3ogs NAG 1043 A,NAG,NAG,0.997266093823,0.997266093823,0.0,True,1,1.79999995232,0.926
3ogs NAG 1042 A,NAG,NAG,0.991748708447,0.991748708447,0.0,True,1,1.79999995232,0.925
3ogr NAG 1044 A,NAG,NAG,0.902868874338,0.902868874338,0.0,True,1,1.5,0.823
3ogr NAG 1043 A,NAG,NAG,0.998146927311,0.998146927311,0.0,True,1,1.5,0.921
3ogo CRO 65 D,CRO,CRO,0.704606418211,0.704606418211,0.0,True,1,2.79999995232,0.947
3ogo CRO 65 C,CRO,CRO,0.889750171113,0.889750171113,0.0,True,1,2.79999995232,0.959
3ogo CRO 65 B,CRO,CRO,0.715998662715,0.715998662715,0.0,True,1,2.79999995232,0.965
3ogo CRO 65 A,CRO,CRO,0.839443062087,0.839443062087,0.0,True,1,2.79999995232,0.972
3og6 NAG 304 B,NAG,NAG,0.406389642849,0.406389642849,0.0,True,1,2.09999990463,0.813
3og6 NAG 300 B,NAG,NAG,0.330947474759,0.330947474759,0.0,True,1,2.09999990463,0.764
3og2 NAG 1046 A,NAG,NAG,0.99452972531,0.99452972531,0.0,True,1,1.20000004768,0.893
3og2 NAG 1045 A,NAG,NAG,0.994070704449,0.994070704449,0.0,True,1,1.20000004768,0.91
3og2 NAG 1044 A,NAG,NAG,0.179890481769,0.179890481769,0.0,True,1,1.20000004768,0.906
3ods EDO 397 A,EDO,EDO,0.801355013427,0.801355013427,0.0,True,1,1.89999997616,0.927
3ods EDO 396 A,EDO,EDO,0.887984855764,0.887984855764,0.0,True,1,1.89999997616,0.968
3odr EDO 396 A,EDO,EDO,0.803456470256,0.803456470256,0.0,True,1,2.20000004768,0.981
3odp PG4 401 A,NAG,PG4,0.348244023308,0.00650471356759,0.341739309741,False,13,2.40000009537,0.917
3odp PG4 400 A,1PE,PG4,0.10548059605,0.0664873529534,0.0389932430963,False,4,2.40000009537,0.841
3od5 ACE 300 D,ACE,ACE,0.659865057632,0.659865057632,0.0,True,1,1.60000002384,0.985
3od5 ACE 300 C,ACE,ACE,0.766414576016,0.766414576016,0.0,True,1,1.60000002384,0.967
3od3 EDO 1 A,FMT,EDO,0.530630294866,0.0499853545776,0.480644940288,False,4,1.10000002384,0.903
3oci EDO 202 A,EDO,EDO,0.323943117713,0.323943117713,0.0,True,1,1.89999997616,0.922
3oci EDO 201 A,EDO,EDO,0.884536936492,0.884536936492,0.0,True,1,1.89999997616,0.961
3oci EDO 199 B,EDO,EDO,0.933695796356,0.933695796356,0.0,True,1,1.89999997616,0.974
3oci EDO 199 A,EDO,EDO,0.601475104037,0.601475104037,0.0,True,1,1.89999997616,0.975
3ocf EDO 460 D,EDO,EDO,0.284873819063,0.284873819063,0.0,True,1,2.09999990463,0.884
3ocf EDO 460 A,EDO,EDO,0.474266359869,0.474266359869,0.0,True,1,2.09999990463,0.947
3ocf EDO 459 D,EDO,EDO,0.724004946895,0.724004946895,0.0,True,1,2.09999990463,0.936
3ocf EDO 459 B,EDO,EDO,0.664492053737,0.664492053737,0.0,True,1,2.09999990463,0.948
3ocf EDO 459 A,EDO,EDO,0.327160341019,0.327160341019,0.0,True,1,2.09999990463,0.953
3oce EDO 475 A,EDO,EDO,0.361209857895,0.361209857895,0.0,True,1,2.59999990463,0.882
3ocb TPO 308 B,TPO,TPO,0.212514354267,0.212514354267,0.0,True,1,2.70000004768,0.941
3ocb TPO 308 A,TPO,TPO,0.914907667957,0.914907667957,0.0,True,1,2.70000004768,0.978
3oc9 EDO 403 A,EDO,EDO,0.573082458561,0.573082458561,0.0,True,1,1.79999995232,0.706
3oc7 EDO 264 A,GOL,EDO,0.480340211305,0.438492581125,0.0418476301803,False,2,1.5,0.921
3oc3 MES 199 D,SO4,MES,0.62519552173,0.0107684810314,0.614427040699,False,4,3.09999990463,0.954
3oc3 MES 199 C,NAG,MES,0.228611672181,0.0304030882273,0.198208583954,False,5,3.09999990463,0.954
3oc1 EDO 362 A,SO4,EDO,0.792796513601,0.0151691953922,0.777627318209,False,4,2.59999990463,0.904
3oc0 NAG 796 B,NAG,NAG,0.663896144514,0.663896144514,0.0,True,1,2.70000004768,0.841
3oc0 NAG 796 A,NAG,NAG,0.542651112958,0.542651112958,0.0,True,1,2.70000004768,0.892
3oc0 NAG 795 A,NAG,NAG,0.811971332078,0.811971332078,0.0,True,1,2.70000004768,0.67
3oc0 NAG 794 B,NAG,NAG,0.984437169954,0.984437169954,0.0,True,1,2.70000004768,0.934
3oc0 NAG 794 A,NAG,NAG,0.723508223049,0.723508223049,0.0,True,1,2.70000004768,0.928
3oc0 NAG 793 A,NAG,NAG,0.743485417028,0.743485417028,0.0,True,1,2.70000004768,0.916
3obk EDO 390 G,GOL,EDO,0.379078498918,0.128179155628,0.25089934329,False,3,2.5,0.941
3obk EDO 390 E,GOL,EDO,0.670913891982,0.118770743011,0.552143148971,False,2,2.5,0.929
3obk EDO 385 H,DMS,EDO,0.743956061789,0.0386691513434,0.705286910446,False,3,2.5,0.894
3obk EDO 385 G,EDO,EDO,0.538774179501,0.538774179501,0.0,True,1,2.5,0.917
3obk EDO 385 F,EDO,EDO,0.322827685068,0.322827685068,0.0,True,1,2.5,0.966
3obk EDO 385 A,GOL,EDO,0.517826325765,0.279534191441,0.238292134324,False,2,2.5,0.954
3obk EDO 375 H,EDO,EDO,0.729256690586,0.729256690586,0.0,True,1,2.5,0.958
3obk EDO 375 G,EDO,EDO,0.64915078792,0.64915078792,0.0,True,1,2.5,0.979
3obk EDO 375 F,GOL,EDO,0.295662096356,0.244987603429,0.0506744929268,False,2,2.5,0.975
3obk EDO 375 E,EDO,EDO,0.55734275171,0.55734275171,0.0,True,1,2.5,0.959
3obk EDO 375 D,EDO,EDO,0.682870795104,0.682870795104,0.0,True,1,2.5,0.977
3obk EDO 375 C,EDO,EDO,0.533528045562,0.533528045562,0.0,True,1,2.5,0.959
3obk EDO 375 B,KCX,EDO,0.277704108267,0.0155371220926,0.262166986175,False,12,2.5,0.957
3obk EDO 375 A,EDO,EDO,0.855039634434,0.855039634434,0.0,True,1,2.5,0.977
3obk EDO 370 F,EDO,EDO,0.519121693203,0.519121693203,0.0,True,1,2.5,0.968
3obk EDO 370 D,EDO,EDO,0.592353715399,0.592353715399,0.0,True,1,2.5,0.931
3obk EDO 370 C,EDO,EDO,0.307744761605,0.307744761605,0.0,True,1,2.5,0.95
3obk EDO 370 B,EDO,EDO,0.547037152145,0.547037152145,0.0,True,1,2.5,0.943
3obi EDO 328 B,EDO,EDO,0.639191046601,0.639191046601,0.0,True,1,2.0,0.919
3obi EDO 326 B,GOL,EDO,0.25506871967,0.158552540832,0.0965161788374,False,3,2.0,0.768
3obi EDO 324 C,GOL,EDO,0.274722684094,0.167860908553,0.106861775541,False,2,2.0,0.879
3obi EDO 319 B,EDO,EDO,0.666794805023,0.666794805023,0.0,True,1,2.0,0.825
3obi EDO 317 C,EDO,EDO,0.366382813727,0.366382813727,0.0,True,1,2.0,0.763
3obi EDO 316 C,GOL,EDO,0.719603685877,0.163459748264,0.556143937613,False,2,2.0,0.8
3obi EDO 315 D,EDO,EDO,0.514818119758,0.514818119758,0.0,True,1,2.0,0.915
3obi EDO 314 C,ACT,EDO,0.264869670783,0.0576952381601,0.207174432622,False,6,2.0,0.629
3obi EDO 311 A,EDO,EDO,0.876251025986,0.876251025986,0.0,True,1,2.0,0.9
3obi EDO 306 C,GOL,EDO,0.414202869349,0.218829479104,0.195373390245,False,2,2.0,0.824
3obi EDO 303 D,EDO,EDO,0.745211726906,0.745211726906,0.0,True,1,2.0,0.781
3obi EDO 302 C,EDO,EDO,0.44116531699,0.44116531699,0.0,True,1,2.0,0.923
3obi EDO 301 B,GOL,EDO,0.581229811135,0.182626879794,0.398602931341,False,2,2.0,0.902
3obb EDO 405 A,EDO,EDO,0.493173849325,0.493173849325,0.0,True,1,2.20000004768,0.713
3ob9 NHE 520 B,SO4,NHE,0.200217462394,0.0834818765328,0.116735585861,False,3,2.5,0.913
3ob9 NHE 500 D,EPE,NHE,0.421788883158,0.146092799419,0.275696083739,False,2,2.5,0.9
3oax RET 1296 B,MLY_MLY,RET,0.161133463623,0.00263814893252,0.158495314691,False,51,2.59999990463,0.95
3oax RET 1296 A,PTR,RET,0.197785982868,0.0161194330514,0.181666549817,False,8,2.59999990463,0.958
3oax NAG 805 B,NAG,NAG,0.992295920756,0.992295920756,0.0,True,1,2.59999990463,0.942
3oax NAG 705 A,NAG_NAG,NAG,0.458403077129,0.445814401353,0.0125886757769,False,2,2.59999990463,0.955
3oax NAG 605 B,NAG_NAG,NAG_NAG,0.410042066899,0.410042066899,0.0,True,1,2.59999990463,0.957
3oax NAG 505 A,NAG_NAG,NAG_NAG,0.379184093764,0.379184093764,0.0,True,1,2.59999990463,0.961
3oax ACE 0 A,ACE,ACE,0.38223201904,0.38223201904,0.0,True,1,2.59999990463,0.961
3oai MAL 1122 B,MAL,MAL,0.985638429133,0.985638429133,0.0,True,1,2.09999990463,0.953
3oai MAL 1122 A,MAL,MAL,0.926749881675,0.926749881675,0.0,True,1,2.09999990463,0.944
3oag NAG 166 C,NAG,NAG,0.308416482035,0.308416482035,0.0,True,1,2.29999995232,0.83
3oag NAG 166 A,NAG,NAG,0.872301094169,0.872301094169,0.0,True,1,2.29999995232,0.813
3oad NAG 166 C,NAG,NAG,0.947807660478,0.947807660478,0.0,True,1,2.20000004768,0.822
3oad NAG 166 A,NAG,NAG,0.814566109441,0.814566109441,0.0,True,1,2.20000004768,0.725
3oab EDO 805 C,SO4,EDO,0.420392371834,0.0425931721359,0.377799199698,False,4,2.29999995232,0.95
3oa6 IMD 102 B,SO4,IMD,0.544873066396,0.0012845556139,0.543588510782,False,28,2.40000009537,0.698
3o9z EDO 314 B,EDO,EDO,0.926375001839,0.926375001839,0.0,True,1,1.39999997616,0.928
3o9z EDO 313 C,EDO,EDO,0.769571791006,0.769571791006,0.0,True,1,1.39999997616,0.925
3o9z EDO 313 B,GOL,EDO,0.284644503167,0.0133307686227,0.271313734544,False,11,1.39999997616,0.889
3o9w NAG 504 A,NAG_NAG,FUC_NAG_NAG,0.363882350714,0.0176490918939,0.34623325882,False,8,2.79999995232,0.94
3o9w NAG 502 A,NAG_NAG,NAG_NAG,0.919597225254,0.919597225254,0.0,True,1,2.79999995232,0.957
3o9w NAG 501 A,NAG,NAG,0.24834455625,0.24834455625,0.0,True,1,2.79999995232,0.874
3o9v NAG 851 B,NAG,NAG,0.846973913074,0.846973913074,0.0,True,1,2.70000004768,0.792
3o9v NAG 3211 A,NAG,NAG,0.731836111111,0.731836111111,0.0,True,1,2.70000004768,0.852
3o9v NAG 2811 D,SO4,NAG,0.401664319683,0.00615326973398,0.395511049949,False,12,2.70000004768,0.813
3o9v NAG 2811 C,NAG,NAG,0.981144576595,0.981144576595,0.0,True,1,2.70000004768,0.825
3o9v NAG 2811 B,NAG,NAG,0.951984005707,0.951984005707,0.0,True,1,2.70000004768,0.854
3o9v NAG 2811 A,HEM,NAG_NAG,0.060037362035,0.0175876067104,0.0424497553246,False,11,2.70000004768,0.794
3o9v NAG 2291 D,NAG,NAG_NAG,0.58544174219,0.331918818603,0.253522923586,False,2,2.70000004768,0.915
3o9v NAG 2291 C,NAG_NAG,NAG_NAG,0.828916594471,0.828916594471,0.0,True,1,2.70000004768,0.923
3o9v NAG 2291 B,NAG,NAG,0.938063479061,0.938063479061,0.0,True,1,2.70000004768,0.898
3o9v NAG 2291 A,NAG,NAG_NAG,0.626241411712,0.349470583898,0.276770827814,False,2,2.70000004768,0.94
3o9v NAG 2191 B,SO4,NAG,0.32318816955,0.0375418151466,0.285646354403,False,5,2.70000004768,0.853
3o9v NAG 1501 C,NAG,NAG,0.829839558416,0.829839558416,0.0,True,1,2.70000004768,0.815
3o9v NAG 1501 B,NAG,NAG,0.989952873665,0.989952873665,0.0,True,1,2.70000004768,0.906
3o9l NAG 167 A,NAG,NAG,0.929456756375,0.929456756375,0.0,True,1,2.40000009537,0.858
3o97 NAG 5 A,NAG,NAG,0.901438801089,0.901438801089,0.0,True,1,2.70000004768,0.733
3o97 NAG 2 A,NAG,NAG,0.863705591851,0.863705591851,0.0,True,1,2.70000004768,0.864
3o97 NAG 1 A,NAG,NAG,0.977826566644,0.977826566644,0.0,True,1,2.70000004768,0.766
3o95 NAG 901 B,NAD,NAG,0.162869253971,0.158220370553,0.00464888341881,False,2,2.90000009537,0.692
3o95 NAG 3211 C,NAG,NAG,0.812812465037,0.812812465037,0.0,True,1,2.90000009537,0.713
3o95 NAG 3211 B,NAG,NAG,0.798103881719,0.798103881719,0.0,True,1,2.90000009537,0.795
3o95 NAG 3211 A,NAG,NAG,0.99027778694,0.99027778694,0.0,True,1,2.90000009537,0.86
3o95 NAG 2811 D,NAG,NAG,0.713008893829,0.713008893829,0.0,True,1,2.90000009537,0.799
3o95 NAG 2811 C,NAG,NAG,0.371128508646,0.371128508646,0.0,True,1,2.90000009537,0.91
3o95 NAG 2811 B,NAG,NAG,0.906537351738,0.906537351738,0.0,True,1,2.90000009537,0.884
3o95 NAG 2811 A,FUC_NAG_NAG,NAG_NAG,0.152232106972,0.0751693666229,0.0770627403489,False,2,2.90000009537,0.744
3o95 NAG 2291 D,NAG_NAG,NAG_NAG,0.604388784008,0.604388784008,0.0,True,1,2.90000009537,0.904
3o95 NAG 2291 B,NAG_NAG,NAG_NAG,0.933921310017,0.933921310017,0.0,True,1,2.90000009537,0.891
3o95 NAG 2291 A,NAG_NAG,NAG_NAG,0.779858028063,0.779858028063,0.0,True,1,2.90000009537,0.933
3o95 NAG 2191 D,NAG,NAG,0.642147440559,0.642147440559,0.0,True,1,2.90000009537,0.874
3o95 NAG 2191 A,NAG,NAG,0.975459071955,0.975459071955,0.0,True,1,2.90000009537,0.783
3o95 NAG 1503 A,CLA,NAG_NAG,0.515398320169,0.118332465653,0.397065854516,False,3,2.90000009537,0.789
3o95 NAG 1501 C,NAG,NAG,0.993376112296,0.993376112296,0.0,True,1,2.90000009537,0.824
3o95 NAG 1501 B,NAG,NAG,0.895215815096,0.895215815096,0.0,True,1,2.90000009537,0.882
3o95 NAG 1501 A,NAG,NAG,0.943009912637,0.943009912637,0.0,True,1,2.90000009537,0.815
3o8x NAG 511 A,NAG,NAG,0.690498417899,0.690498417899,0.0,True,1,2.70000004768,0.944
3o8x NAG 500 A,NAG,NAG,0.994537812012,0.994537812012,0.0,True,1,2.70000004768,0.93
3o8x NAG 286 A,NAG_NAG,NAG_NAG,0.906796281501,0.906796281501,0.0,True,1,2.70000004768,0.956
3o8s EDO 210 A,EDO,EDO,0.382718007158,0.382718007158,0.0,True,1,2.29999995232,0.961
3o8s EDO 209 A,SO4,EDO,0.649631022899,0.0859315560807,0.563699466818,False,2,2.29999995232,0.943
3o8s EDO 207 A,EDO,EDO,0.280870420718,0.280870420718,0.0,True,1,2.29999995232,0.694
3o8s EDO 206 A,ACE,EDO,0.847830206968,0.0217441606088,0.826086046359,False,2,2.29999995232,0.759
3o8p EDO 363 A,GOL,EDO,0.483588783837,0.0698772071034,0.413711576733,False,3,2.09999990463,0.881
3o8i SEP 259 B,SEP,SEP,0.992749664646,0.992749664646,0.0,True,1,2.0,0.989
3o8e NAG 2049 B,C8E,NAG,0.149557338488,0.05149415996,0.0980631785276,False,6,2.90000009537,0.852
3o8e NAG 1080 D,NAG_NAG,NAG_NAG,0.546191913622,0.546191913622,0.0,True,1,2.90000009537,0.866
3o8e NAG 1080 B,NAG_NAG,NAG,0.730595851846,0.21733373941,0.513262112436,False,2,2.90000009537,0.848
3o84 PGE 545 B,1PE,PGE,0.578722034723,0.038638859158,0.540083175565,False,4,2.09999990463,0.836
3o7s EDO 187 A,EDO,EDO,0.942573281397,0.942573281397,0.0,True,1,1.70000004768,0.926
3o7s EDO 183 A,DMS,EDO,0.886966230338,0.0023455929156,0.884620637422,False,6,1.70000004768,0.728
3o7r EDO 188 A,EDO,EDO,0.550372912451,0.550372912451,0.0,True,1,1.89999997616,0.733
3o7l SEP 338 D,TPO,SEP,0.344113616897,0.0693955322291,0.274718084668,False,2,2.09999990463,0.906
3o6t PGE 118 C,GOL,PGE,0.373452698391,0.0254805642929,0.347972134099,False,7,2.40000009537,0.885
3o6o 1PE 1300 B,PEG,1PE,0.303936984199,0.121146999827,0.182789984372,False,3,2.0,0.81
3o6n NAG 1004 A,NAG,NAG,0.820754381798,0.820754381798,0.0,True,1,1.89999997616,0.86
3o6n NAG 1003 A,NAG,NAG,0.987455305346,0.987455305346,0.0,True,1,1.89999997616,0.814
3o6n NAG 1001 A,NAG,NAG,0.976493431317,0.976493431317,0.0,True,1,1.89999997616,0.927
3o66 PGE 321 B,PG4,PGE,0.470080379843,0.337052533174,0.13302784667,False,2,1.89999997616,0.9
3o66 PGE 321 A,1PE,PGE,0.536919643004,0.11210083509,0.424818807914,False,3,1.89999997616,0.916
3o5w NAG 606 B,NAG,NAG,0.794487467788,0.794487467788,0.0,True,1,2.70000004768,0.861
3o5w NAG 602 B,NAG_NAG,NAG_NAG,0.730970779476,0.730970779476,0.0,True,1,2.70000004768,0.969
3o5w NAG 601 A,NAG,NAG,0.910793898024,0.910793898024,0.0,True,1,2.70000004768,0.864
3o5w NAG 600 B,NAG,NAG_NAG,0.920444350939,0.0321975175134,0.888246833426,False,2,2.70000004768,0.93
3o5l 1PE 1 A,EDO,1PE,0.474496481539,0.00118628423391,0.473310197305,False,30,1.29999995232,0.898
3o53 NAG 1005 B,NAG,NAG,0.845478358071,0.845478358071,0.0,True,1,2.0,0.859
3o53 NAG 1004 B,NAG,NAG,0.943625607731,0.943625607731,0.0,True,1,2.0,0.899
3o53 NAG 1001 A,NAG_NAG,NAG_NAG,0.98485376702,0.98485376702,0.0,True,1,2.0,0.916
3o4w NHE 487 B,SO4,NHE,0.527860467151,0.000839991168128,0.527020475983,False,30,1.60000002384,0.921
3o4w NHE 487 A,GOL,NHE,0.371048358609,0.00603556980479,0.365012788805,False,17,1.60000002384,0.901
3o4w NHE 486 B,MES,NHE,0.544383458447,0.389659367797,0.15472409065,False,2,1.60000002384,0.959
3o4w NHE 486 A,GOL,NHE,0.6853618876,0.000806087447224,0.684555800153,False,43,1.60000002384,0.974
3o4u TLA 1 A,SO4,TLA,0.53759650141,0.000534673319615,0.537061828091,False,29,2.20000004768,0.84
3o4r EDO 701 D,EDO,EDO,0.337771546493,0.337771546493,0.0,True,1,1.70000004768,0.856
3o4o NAG 341 B,NAG,NAG,0.904892321027,0.904892321027,0.0,True,1,3.29999995232,0.907
3o4o NAG 340 B,NAG,NAG,0.515603853767,0.515603853767,0.0,True,1,3.29999995232,0.819
3o4o NAG 338 C,NAG_NAG,NAG,0.648162386385,0.271394832412,0.376767553973,False,2,3.29999995232,0.82
3o4o NAG 338 B,NAG_NAG,NAG_NAG,0.343076538972,0.343076538972,0.0,True,1,3.29999995232,0.868
3o4o NAG 337 C,NAG,NAG,0.766842018666,0.766842018666,0.0,True,1,3.29999995232,0.762
3o4n MES 3000 A,MES,MES,0.73095866555,0.73095866555,0.0,True,1,1.79999995232,0.979
3o4k TLA 173 D,GOL,TLA,0.364640893527,0.223464958148,0.141175935379,False,2,2.09999990463,0.878
3o2x 3O2 1801 B,ZN,ZN,0.869836382258,0.869836382258,0.0,True,1,1.89999997616,0.889
3o2t EDO 1 A,EDO,EDO,0.996476208712,0.996476208712,0.0,True,1,1.39999997616,0.956
3o2q SEP 5 F,SEP,SEP,0.504849371108,0.504849371108,0.0,True,1,2.40000009537,0.983
3o2k MES 475 A,SO4,MES,0.46680276118,0.0268237481943,0.439979012986,False,3,2.40000009537,0.687
3o2j NAG 389 B,NAG,NAG,0.962873210041,0.962873210041,0.0,True,1,2.0,0.741
3o2j NAG 389 A,NAG,NAG,0.986163272616,0.986163272616,0.0,True,1,2.0,0.803
3o2g EDO 396 A,EDO,EDO,0.48353704259,0.48353704259,0.0,True,1,1.79999995232,0.802
3o2g EDO 393 A,SO4,EDO,0.631266554872,0.0112773756956,0.619989179176,False,6,1.79999995232,0.892
3o24 MES 476 A,SO4,MES,0.555472367763,0.0258074354787,0.529664932284,False,4,2.5,0.863
3o21 NAG 392 D,NAG,NAG,0.785314320523,0.785314320523,0.0,True,1,2.20000004768,0.71
3o21 NAG 392 C,NAG,NAG,0.989960680185,0.989960680185,0.0,True,1,2.20000004768,0.897
3o21 NAG 391 D,NAG,NAG,0.727365725222,0.727365725222,0.0,True,1,2.20000004768,0.921
3o21 NAG 391 C,NAG,NAG,0.800720226174,0.800720226174,0.0,True,1,2.20000004768,0.844
3o21 NAG 391 A,NAG,NAG,0.992242811553,0.992242811553,0.0,True,1,2.20000004768,0.929
3o21 NAG 390 D,NAG,NAG,0.997507993054,0.997507993054,0.0,True,1,2.20000004768,0.936
3o21 NAG 390 C,NAG,NAG,0.995415458776,0.995415458776,0.0,True,1,2.20000004768,0.918
3o21 NAG 390 B,NAG,NAG,0.938662640226,0.938662640226,0.0,True,1,2.20000004768,0.9
3o21 NAG 390 A,NAG,NAG,0.965773213948,0.965773213948,0.0,True,1,2.20000004768,0.919
3o1w NHE 489 B,SO4,NHE,0.295223373426,0.00142571037416,0.293797663052,False,21,1.70000004768,0.928
3o1w NHE 488 B,NHE,NHE,0.545794606566,0.545794606566,0.0,True,1,1.70000004768,0.985
3o1w NHE 488 A,GOL,NHE,0.301551694976,0.00108208998294,0.300469604993,False,51,1.70000004768,0.951
3o1w NHE 487 A,SO4,NHE,0.860610963234,0.000389275115012,0.860221688119,False,31,1.70000004768,0.94
3o1k EDO 200 A,EDO,EDO,0.411512992679,0.411512992679,0.0,True,1,2.0,0.872
3o14 EDO 319 A,EDO,EDO,0.743126218586,0.743126218586,0.0,True,1,1.70000004768,0.863
3o14 EDO 318 A,EDO,EDO,0.551027656876,0.551027656876,0.0,True,1,1.70000004768,0.912
3o14 EDO 312 A,EDO,EDO,0.395526525602,0.395526525602,0.0,True,1,1.70000004768,0.907
3o14 EDO 310 B,SO4,EDO,0.414561920554,0.115945836889,0.298616083665,False,3,1.70000004768,0.837
3o14 EDO 308 A,EDO,EDO,0.63823466825,0.63823466825,0.0,True,1,1.70000004768,0.931
3o14 EDO 307 B,SO4,EDO,0.360987029911,0.0522232039979,0.308763825913,False,4,1.70000004768,0.925
3o14 EDO 306 A,EDO,EDO,0.928387418306,0.928387418306,0.0,True,1,1.70000004768,0.945
3o12 EDO 208 A,GOL,EDO,0.489632436462,0.283101328872,0.20653110759,False,2,1.5,0.881
3o12 EDO 207 A,EDO,EDO,0.488051779918,0.488051779918,0.0,True,1,1.5,0.913
3o12 EDO 206 A,EDO,EDO,0.774177002423,0.774177002423,0.0,True,1,1.5,0.837
3o0t EDO 8 A,EDO,EDO,0.645996355203,0.645996355203,0.0,True,1,1.89999997616,0.894
3o0t EDO 7 A,EDO,EDO,0.559065770649,0.559065770649,0.0,True,1,1.89999997616,0.969
3o0t EDO 5 A,GOL,EDO,0.256078088903,0.0849083010319,0.171169787871,False,3,1.89999997616,0.899
3o0t EDO 291 B,EDO,EDO,0.66231081504,0.66231081504,0.0,True,1,1.89999997616,0.971
3o0t EDO 290 B,EDO,EDO,0.796271279467,0.796271279467,0.0,True,1,1.89999997616,0.964
3o0t EDO 290 A,GOL,EDO,0.308467701041,0.0544488666018,0.254018834439,False,5,1.89999997616,0.88
3o0t EDO 11 A,EDO,EDO,0.654479654458,0.654479654458,0.0,True,1,1.89999997616,0.951
3o0q GDP 1003 A,ADP,GDP,0.526250263868,0.194652160984,0.331598102885,False,2,1.79999995232,0.975
3o0o GDP 1003 B,NDP,GDP,0.152499578349,0.00332367911102,0.149175899238,False,26,1.89999997616,0.95
3o0o GDP 1003 A,ADP,GDP,0.105927667614,0.00306219788839,0.102865469725,False,57,1.89999997616,0.911
3o0l EDO 132 A,SO4,EDO,0.524357987128,0.0745228537324,0.449835133395,False,3,1.79999995232,0.846
3o0l EDO 130 B,EDO,EDO,0.630956966275,0.630956966275,0.0,True,1,1.79999995232,0.935
3o0k EDO 301 D,GOL,EDO,0.796207373935,0.109029909721,0.687177464213,False,2,1.79999995232,0.9
3o0k EDO 301 B,EDO,EDO,0.659719415575,0.659719415575,0.0,True,1,1.79999995232,0.8
3o0j EDO 8 A,ACE,EDO,0.674384424674,0.162305761414,0.51207866326,False,2,2.0,0.871
3o0j EDO 6 A,EDO,EDO,0.565934978978,0.565934978978,0.0,True,1,2.0,0.862
3o0j EDO 487 A,EDO,EDO,0.595379247426,0.595379247426,0.0,True,1,2.0,0.932
3o0j EDO 486 A,GAI,EDO,0.439076257398,0.231233810776,0.207842446622,False,2,2.0,0.819
3o0j EDO 16 A,EDO,EDO,0.609200549229,0.609200549229,0.0,True,1,2.0,0.89
3o0j EDO 14 A,EDO,EDO,0.543950897221,0.543950897221,0.0,True,1,2.0,0.839
3o0j EDO 12 A,GOL,EDO,0.361851775944,0.329004038677,0.0328477372672,False,2,2.0,0.9
3o0j EDO 11 A,FMT,EDO,0.761072994301,0.0983031244959,0.662769869805,False,2,2.0,0.715
3o0f EDO 307 A,GOL,EDO,0.351662009939,0.102147812548,0.249514197392,False,3,1.89999997616,0.93
3o0f EDO 306 A,GOL,EDO,0.480577175135,0.315375051545,0.16520212359,False,2,1.89999997616,0.932
3o0d NAG 303 F,NAG,NAG,0.293718473199,0.293718473199,0.0,True,1,1.70000004768,0.844
3o0d NAG 303 E,NAG,NAG,0.602421628272,0.602421628272,0.0,True,1,1.70000004768,0.7
3o0d NAG 303 D,NAG,NAG,0.917669932904,0.917669932904,0.0,True,1,1.70000004768,0.809
3o0d NAG 303 C,NAG,NAG,0.980321375838,0.980321375838,0.0,True,1,1.70000004768,0.907
3o0d NAG 303 B,NAG,NAG,0.991349155233,0.991349155233,0.0,True,1,1.70000004768,0.932
3o0d NAG 303 A,NAG,NAG,0.994930807775,0.994930807775,0.0,True,1,1.70000004768,0.941
3o0d NAG 302 F,NAG,NAG,0.616554191124,0.616554191124,0.0,True,1,1.70000004768,0.932
3o0d NAG 302 E,NAG,NAG,0.848329344994,0.848329344994,0.0,True,1,1.70000004768,0.974
3o0d NAG 302 D,NAG,NAG,0.855006535939,0.855006535939,0.0,True,1,1.70000004768,0.948
3o0d NAG 302 C,NAG,NAG,0.356094193955,0.356094193955,0.0,True,1,1.70000004768,0.943
3o0d NAG 302 B,NAG,NAG,0.588563932686,0.588563932686,0.0,True,1,1.70000004768,0.948
3o0d NAG 302 A,NAG,NAG,0.943739053187,0.943739053187,0.0,True,1,1.70000004768,0.915
3o08 NHE 486 B,GOL,NHE,0.338707120557,0.00163527803288,0.337071842524,False,60,2.0,0.84
3nz3 PGE 301 A,OLC,PGE,0.237269880124,0.0447182924874,0.192551587636,False,6,2.0,0.719
3nyu EDO 372 B,EDO,EDO,0.930141117295,0.930141117295,0.0,True,1,1.5,0.91
3nyu EDO 370 B,EDO,EDO,0.836676630193,0.836676630193,0.0,True,1,1.5,0.932
3nyu EDO 369 B,EDO,EDO,0.695886285682,0.695886285682,0.0,True,1,1.5,0.712
3nyu EDO 368 A,EDO,EDO,0.549215514951,0.549215514951,0.0,True,1,1.5,0.96
3nyo ACE 1 B,SO4,ACE,0.623129226879,0.104351950286,0.518777276593,False,2,2.90000009537,0.885
3nyn ACE 1 B,SO4,ACE,0.732058079285,0.00184636521101,0.730211714074,False,15,2.70000004768,0.778
3nyn ACE 1 A,SO4,ACE,0.596896701864,0.0291660133651,0.567730688499,False,5,2.70000004768,0.906
3nyh NAG 601 A,NAG,NAG,0.870368260721,0.870368260721,0.0,True,1,1.79999995232,0.786
3nyh NAG 599 A,NAG,NAG,0.720454676875,0.720454676875,0.0,True,1,1.79999995232,0.891
3nyh EDO 627 A,EDO,EDO,0.565328929842,0.565328929842,0.0,True,1,1.79999995232,0.927
3ny8 PGE 1207 A,CLA,PGE,0.180292002861,0.00348469383267,0.176807309028,False,27,2.79999995232,0.872
3nxs GDP 327 A,GDP,GDP,0.351528159667,0.351528159667,0.0,True,1,2.29999995232,0.959
3nxq PG4 705 B,GOL,PG4,0.278819847915,0.233747811804,0.0450720361112,False,2,2.0,0.893
3nxq PG4 704 B,SO4,PG4,0.241362722244,0.0158753743054,0.225487347939,False,8,2.0,0.874
3nxq NAG 634 B,NAG,NAG,0.787469034219,0.787469034219,0.0,True,1,2.0,0.893
3nxq NAG 634 A,NAG,FUC_NAG_NAG,0.517853272637,0.297497830912,0.220355441725,False,2,2.0,0.919
3nxq NAG 632 B,NAG,NAG,0.255834729493,0.255834729493,0.0,True,1,2.0,0.869
3nxq NAG 632 A,NAG,NAG,0.982300607508,0.982300607508,0.0,True,1,2.0,0.915
3nxq NAG 630 B,NAG,NAG,0.930263914021,0.930263914021,0.0,True,1,2.0,0.836
3nxq NAG 630 A,NAG,NAG,0.966081137021,0.966081137021,0.0,True,1,2.0,0.873
3nxp NAG 701 A,NAG,NAG,0.707344440329,0.707344440329,0.0,True,1,2.20000004768,0.741
3nxg EDO 290 C,GOL,EDO,0.300066053443,0.184357743499,0.115708309944,False,3,2.0,0.921
3nxg EDO 290 A,EDO,EDO,0.594636335029,0.594636335029,0.0,True,1,2.0,0.758
3nxg EDO 1 E,GOL,EDO,0.418311638393,0.081474287343,0.33683735105,False,3,2.0,0.813
3nxg EDO 1 D,GOL,EDO,0.561691224978,0.0551836987103,0.506507526267,False,4,2.0,0.924
3nxg EDO 1 A,GOL,EDO,0.220457757701,0.20358181748,0.0168759402213,False,2,2.0,0.91
3nxd EDO 6 A,EDO,EDO,0.408935515195,0.408935515195,0.0,True,1,2.0,0.88
3nxd EDO 5 A,GOL,EDO,0.363864146801,0.259611649119,0.104252497682,False,2,2.0,0.902
3nxd EDO 291 C,GOL,EDO,0.369885011603,0.109939576349,0.259945435253,False,2,2.0,0.884
3nxd EDO 290 E,SO4,EDO,0.29953731858,0.165533072895,0.134004245685,False,3,2.0,0.897
3nxd EDO 290 D,GOL,EDO,0.460409915542,0.0487838690673,0.411626046475,False,3,2.0,0.822
3nxb EDO 3 B,EDO,EDO,0.450512009549,0.450512009549,0.0,True,1,1.79999995232,0.93
3nxb EDO 2 B,EDO,EDO,0.435492569702,0.435492569702,0.0,True,1,1.79999995232,0.853
3nxb EDO 1 A,MPD,EDO,0.256100302264,0.0629609024501,0.193139399814,False,5,1.79999995232,0.857
3nx9 NAG 247 A,NAG,NAG,0.997276205776,0.997276205776,0.0,True,1,1.70000004768,0.785
3nx8 TPO 197 A,TPO,TPO,0.991100675497,0.991100675497,0.0,True,1,2.0,0.988
3nx8 SEP 338 A,SEP,SEP,0.944778400838,0.944778400838,0.0,True,1,2.0,0.896
3nwf NAG 1398 A,NAG,NAG,0.974337756305,0.974337756305,0.0,True,1,2.79999995232,0.963
3nwf NAG 1141 D,NAG,NAG,0.951051449849,0.951051449849,0.0,True,1,2.79999995232,0.852
3nwf NAG 1141 C,NAG,NAG,0.435509615776,0.435509615776,0.0,True,1,2.79999995232,0.894
3nwf NAG 1141 A,NAG,NAG,0.969496834026,0.969496834026,0.0,True,1,2.79999995232,0.933
3nwd NAG 1674 C,SO4,NAG,0.646512477084,0.0419420456761,0.604570431408,False,4,2.90000009537,0.892
3nwd NAG 1674 A,PO4,NAG,0.210901852165,0.0610289386596,0.149872913506,False,5,2.90000009537,0.92
3nwd NAG 1398 D,NAG,NAG,0.922542113181,0.922542113181,0.0,True,1,2.90000009537,0.878
3nwd NAG 1141 D,NAG,NAG,0.569778893887,0.569778893887,0.0,True,1,2.90000009537,0.963
3nwd NAG 1141 A,NAG,NAG,0.957813043651,0.957813043651,0.0,True,1,2.90000009537,0.945
3nwa NAG 1398 D,NAG,NAG,0.995108364365,0.995108364365,0.0,True,1,2.29999995232,0.851
3nwa NAG 1398 B,NAG,NAG,0.975214411008,0.975214411008,0.0,True,1,2.29999995232,0.932
3nwa NAG 1398 A,NAG,NAG,0.85708433798,0.85708433798,0.0,True,1,2.29999995232,0.865
3nw9 NHE 227 A,GOL,NHE,0.22247395455,0.00584137147848,0.216632583072,False,19,1.70000004768,0.823
3nw8 NAG 1430 C,NAG,NAG,0.9558215691,0.9558215691,0.0,True,1,2.79999995232,0.895
3nw8 NAG 1430 A,NAG,NAG,0.397370060143,0.397370060143,0.0,True,1,2.79999995232,0.79
3nw8 NAG 1398 D,NAG,NAG,0.983923342691,0.983923342691,0.0,True,1,2.79999995232,0.942
3nw8 NAG 1398 C,NAG,NAG,0.600995849999,0.600995849999,0.0,True,1,2.79999995232,0.91
3nw8 NAG 1398 B,NAG,NAG,0.982985258918,0.982985258918,0.0,True,1,2.79999995232,0.859
3nw8 NAG 1398 A,NAG,NAG,0.74280116267,0.74280116267,0.0,True,1,2.79999995232,0.934
3nw3 TLA 172 D,TLA,TLA,0.388814442564,0.388814442564,0.0,True,1,2.5,0.874
3nw2 H4B 902 B,NAG,H4B,0.483465784663,0.0238853374652,0.459580447197,False,4,2.79999995232,0.935
3nw2 H4B 902 A,SAH,H4B,0.170374503914,0.00777336155493,0.162601142359,False,18,2.79999995232,0.94
3nvx NAG 395 A,NAG,NAG,0.981855646598,0.981855646598,0.0,True,1,2.0,0.955
3nvq NAG 6 B,NAG,NAG,0.965943501445,0.965943501445,0.0,True,1,2.40000009537,0.675
3nvq NAG 5 F,NAG,NAG,0.939442786912,0.939442786912,0.0,True,1,2.40000009537,0.904
3nvq NAG 5 B,NAG,NAG,0.819732778349,0.819732778349,0.0,True,1,2.40000009537,0.89
3nvq NAG 4 F,NAG,NAG,0.694384851065,0.694384851065,0.0,True,1,2.40000009537,0.817
3nvq NAG 4 E,NAG,NAG,0.992741254814,0.992741254814,0.0,True,1,2.40000009537,0.892
3nvq NAG 4 B,NAG,NAG,0.989608619888,0.989608619888,0.0,True,1,2.40000009537,0.951
3nvq NAG 3 F,NAG,NAG,0.663312716364,0.663312716364,0.0,True,1,2.40000009537,0.89
3nvq NAG 3 E,NAG,NAG,0.98128346449,0.98128346449,0.0,True,1,2.40000009537,0.769
3nvq NAG 3 B,NAG,NAG,0.707546219131,0.707546219131,0.0,True,1,2.40000009537,0.849
3nvq NAG 3 A,NAG,NAG,0.958214481955,0.958214481955,0.0,True,1,2.40000009537,0.724
3nvq NAG 2 F,NAG,NAG,0.272231967979,0.272231967979,0.0,True,1,2.40000009537,0.757
3nvq NAG 2 B,EDO,NAG,0.296781994754,0.121265858339,0.175516136415,False,3,2.40000009537,0.731
3nvq NAG 2 A,NAG,NAG,0.952508029944,0.952508029944,0.0,True,1,2.40000009537,0.705
3nvq NAG 1 E,NAG,NAG,0.876128596202,0.876128596202,0.0,True,1,2.40000009537,0.841
3nvq NAG 1 A,NAG,NAG,0.9785290395,0.9785290395,0.0,True,1,2.40000009537,0.84
3nvn NAG 4 B,SUC,NAG,0.0774799384218,0.00970175033303,0.0677781880888,False,19,2.0,0.877
3nuy SEP 241 A,SO4,SEP,0.603507273086,0.00297128507837,0.600535988007,False,13,2.09999990463,0.881
3nuu GOL 359 A,GOL,GOL,0.440561236191,0.440561236191,0.0,True,1,2.0,0.929
3nut GOL 247 B,GOL,GOL,0.306106691995,0.306106691995,0.0,True,1,2.20000004768,0.781
3nut GOL 246 C,GOL,GOL,0.811972103484,0.811972103484,0.0,True,1,2.20000004768,0.826
3nut GOL 246 B,EDO,GOL,0.693683686461,0.0461820228255,0.647501663635,False,3,2.20000004768,0.867
3nut GOL 246 A,GOL,GOL,0.714969147708,0.714969147708,0.0,True,1,2.20000004768,0.911
3nus SEP 241 A,TPO,SEP,0.190733838408,0.00972928122816,0.18100455718,False,17,2.70000004768,0.834
3nus GOL 365 A,GOL,GOL,0.694020371995,0.694020371995,0.0,True,1,2.70000004768,0.95
3nus GOL 363 A,GOL,GOL,0.560436718826,0.560436718826,0.0,True,1,2.70000004768,0.93
3nus GOL 360 A,GOL,GOL,0.551510892633,0.551510892633,0.0,True,1,2.70000004768,0.924
3nus GOL 359 A,GOL,GOL,0.487249375772,0.487249375772,0.0,True,1,2.70000004768,0.943
3nuq EDO 282 A,EDO,EDO,0.664415615758,0.664415615758,0.0,True,1,1.70000004768,0.882
3nuq EDO 281 A,EDO,EDO,0.986615053352,0.986615053352,0.0,True,1,1.70000004768,0.959
3nun SEP 241 A,NAG,SEP,0.433222123417,0.00663241316884,0.426589710249,False,15,2.20000004768,0.789
3nun GOL 365 A,GOL,GOL,0.526289679592,0.526289679592,0.0,True,1,2.20000004768,0.945
3nun GOL 363 A,GOL,GOL,0.518973582108,0.518973582108,0.0,True,1,2.20000004768,0.912
3nun GOL 360 A,GOL,GOL,0.533040155924,0.533040155924,0.0,True,1,2.20000004768,0.944
3nun GOL 359 A,GOL,GOL,0.763491820582,0.763491820582,0.0,True,1,2.20000004768,0.961
3nuk GOL 664 A,GOL,GOL,0.240749742874,0.240749742874,0.0,True,1,2.09999990463,0.841
3nuf EDO 308 A,SO4,EDO,0.286693577595,0.207245550836,0.079448026759,False,2,1.39999997616,0.779
3nuf EDO 306 B,EDO,EDO,0.837901643518,0.837901643518,0.0,True,1,1.39999997616,0.912
3nuf EDO 305 A,EDO,EDO,0.964792885548,0.964792885548,0.0,True,1,1.39999997616,0.949
3nu7 GOL 362 B,GOL,GOL,0.861185005803,0.861185005803,0.0,True,1,1.89999997616,0.915
3nu7 GOL 360 B,GOL,GOL,0.351028978973,0.351028978973,0.0,True,1,1.89999997616,0.877
3nu3 GOL 802 B,GOL,GOL,0.581558385029,0.581558385029,0.0,True,1,1.0,0.956
3ntx GOL 341 B,GOL,GOL,0.286059045434,0.286059045434,0.0,True,1,1.89999997616,0.733
3ntg NAG 681 D,NAG,NAG,0.945583408712,0.945583408712,0.0,True,1,2.20000004768,0.826
3ntg NAG 681 C,NAG,NAG,0.979426303319,0.979426303319,0.0,True,1,2.20000004768,0.834
3ntg NAG 681 B,NAG,NAG,0.558182946899,0.558182946899,0.0,True,1,2.20000004768,0.833
3ntg NAG 681 A,NAG,NAG,0.988629974842,0.988629974842,0.0,True,1,2.20000004768,0.797
3ntg NAG 671 D,NAG_NAG,NAG_NAG,0.655632938621,0.655632938621,0.0,True,1,2.20000004768,0.915
3ntg NAG 671 C,NAG,NAG,0.518570887061,0.518570887061,0.0,True,1,2.20000004768,0.937
3ntg NAG 671 B,NAG_NAG,NAG,0.705220379097,0.258593227204,0.446627151893,False,2,2.20000004768,0.905
3ntg NAG 671 A,NAG_NAG,NAG_NAG,0.763004858747,0.763004858747,0.0,True,1,2.20000004768,0.954
3ntb NAG 681 D,NAG,NAG,0.719585213416,0.719585213416,0.0,True,1,2.20000004768,0.789
3ntb NAG 681 C,NAG,NAG,0.872496735395,0.872496735395,0.0,True,1,2.20000004768,0.717
3ntb NAG 681 B,NAG,NAG,0.401154348349,0.401154348349,0.0,True,1,2.20000004768,0.822
3ntb NAG 681 A,NAG,NAG,0.912085756986,0.912085756986,0.0,True,1,2.20000004768,0.821
3ntb NAG 671 D,NAG_NAG,NAG_NAG,0.755492879598,0.755492879598,0.0,True,1,2.20000004768,0.916
3ntb NAG 671 C,NAG,NAG,0.981920894451,0.981920894451,0.0,True,1,2.20000004768,0.86
3ntb NAG 671 B,NAG,NAG,0.924935495927,0.924935495927,0.0,True,1,2.20000004768,0.899
3ntb NAG 671 A,NAG,NAG_NAG,0.678289473349,0.200452873127,0.477836600222,False,2,2.20000004768,0.866
3nt7 GOL 221 C,P6G,GOL,0.256073590354,0.0013823162846,0.254691274069,False,79,2.40000009537,0.83
3nt7 GOL 219 A,SO4,GOL,0.720059938268,0.0794490968265,0.640610841441,False,2,2.40000009537,0.815
3nt3 GOL 501 C,GOL,GOL,0.783011170418,0.783011170418,0.0,True,1,1.5,0.939
3nt1 NAG 681 B,NAG,NAG,0.962461756315,0.962461756315,0.0,True,1,1.70000004768,0.893
3nt1 NAG 681 A,NAG,NAG,0.999289127692,0.999289127692,0.0,True,1,1.70000004768,0.855
3nt1 NAG 671 B,NAG,NAG,0.97569094523,0.97569094523,0.0,True,1,1.70000004768,0.95
3nt1 NAG 671 A,NAG_NAG,NAG_NAG,0.656983839544,0.656983839544,0.0,True,1,1.70000004768,0.91
3nt1 NAG 661 A,NAG,NAG,0.990751430574,0.990751430574,0.0,True,1,1.70000004768,0.7
3nst GOL 374 A,GOL,GOL,0.354236077005,0.354236077005,0.0,True,1,2.40000009537,0.917
3nst GOL 373 A,SO4,GOL,0.573942862808,0.157206647107,0.416736215701,False,2,2.40000009537,0.799
3nst GOL 372 A,GOL,GOL,0.379901087449,0.379901087449,0.0,True,1,2.40000009537,0.897
3nst GOL 371 A,GOL,GOL,0.98040760289,0.98040760289,0.0,True,1,2.40000009537,0.961
3nst GOL 370 A,GOL,GOL,0.322200064248,0.322200064248,0.0,True,1,2.40000009537,0.845
3nss NAG 501 A,PEB,NAG,0.457827713702,0.218329045117,0.239498668585,False,2,1.89999997616,0.839
3nsl GOL 102 D,EDO,GOL,0.523325775123,0.339033011767,0.184292763356,False,2,1.5,0.868
3nsl GOL 102 C,GOL,GOL,0.877007251159,0.877007251159,0.0,True,1,1.5,0.899
3nsl ACE 1 C,ACE,ACE,0.791028701636,0.791028701636,0.0,True,1,1.5,0.956
3nsl ACE 1 A,ACE,ACE,0.982065092971,0.982065092971,0.0,True,1,1.5,0.856
3nsj NAG 722 A,NAG,NAG,0.481988026184,0.481988026184,0.0,True,1,2.79999995232,0.752
3nsj GOL 654 A,NAG,GOL,0.156448581,0.0537278662623,0.102720714738,False,6,2.79999995232,0.771
3nsj GOL 653 A,ACE,GOL,0.424352862641,0.146494002177,0.277858860464,False,3,2.79999995232,0.797
3nsg GOL 379 A,EDO,GOL,0.293646694357,0.148859784057,0.1447869103,False,2,2.79999995232,0.82
3nsg GOL 370 A,SO4,GOL,0.36727671273,0.210759442399,0.156517270332,False,2,2.79999995232,0.857
3nsg GOL 365 B,SO4,GOL,0.345164026881,0.146512574351,0.198651452531,False,2,2.79999995232,0.917
3nrv GOL 148 A,GOL,GOL,0.878769646996,0.878769646996,0.0,True,1,2.0,0.928
3nrv GOL 147 B,GOL,GOL,0.83633749756,0.83633749756,0.0,True,1,2.0,0.893
3nrt GOL 103 A,GOL,GOL,0.317194715797,0.317194715797,0.0,True,1,2.5,0.779
3nrt GOL 101 F,SO4,GOL,0.575323177634,0.212987097244,0.36233608039,False,2,2.5,0.913
3nrt GOL 101 E,GOL,GOL,0.209181336732,0.209181336732,0.0,True,1,2.5,0.914
3nrt GOL 101 D,MLI,GOL,0.220845102494,0.141212334971,0.0796327675234,False,4,2.5,0.892
3nrt GOL 101 C,GOL,GOL,0.283731476961,0.283731476961,0.0,True,1,2.5,0.849
3nrt GOL 101 B,GOL,GOL,0.211390734614,0.211390734614,0.0,True,1,2.5,0.805
3nrt GOL 101 A,CIT,GOL,0.304535678713,0.0156835365996,0.288852142113,False,10,2.5,0.81
3nrs TLA 1002 A,GOL,TLA,0.371027575056,0.0180603907517,0.352967184304,False,5,1.79999995232,0.932
3nrs TLA 1001 A,GOL,TLA,0.231330364265,0.0381345289905,0.193195835274,False,3,1.79999995232,0.904
3nrs MES 501 A,SO4,MES,0.341601991577,0.293171453161,0.048430538416,False,2,1.79999995232,0.959
3nrs GOL 435 A,GOL,GOL,0.768052903225,0.768052903225,0.0,True,1,1.79999995232,0.932
3nrs GOL 1101 A,GOL,GOL,0.702426830839,0.702426830839,0.0,True,1,1.79999995232,0.821
3nrs GOL 1100 A,HEZ,GOL,0.431460061507,0.0383368162241,0.393123245283,False,3,1.79999995232,0.921
3nrr EDO 537 A,ACT,EDO,0.615978681723,0.126607592333,0.48937108939,False,2,1.79999995232,0.612
3nrd GOL 202 B,GOL,GOL,0.520056924767,0.520056924767,0.0,True,1,2.09999990463,0.851
3nrb IMD 292 D,SO4,IMD,0.399662578362,0.00130395389586,0.398358624466,False,36,2.09999990463,0.926
3nrb IMD 291 A,SO4,IMD,0.445822853588,0.000379388483669,0.445443465104,False,199,2.09999990463,0.922
3nrb IMD 290 B,SO4,IMD,0.607658817647,0.000276086088417,0.607382731559,False,198,2.09999990463,0.91
3nrb IMD 289 C,SO4,IMD,0.672555524047,0.00415595740386,0.668399566644,False,9,2.09999990463,0.923
3nrb EDO 290 D,EDO,EDO,0.836343974688,0.836343974688,0.0,True,1,2.09999990463,0.916
3nrb EDO 289 B,EDO,EDO,0.708518620685,0.708518620685,0.0,True,1,2.09999990463,0.736
3nrb EDO 288 C,EDO,EDO,0.357563842278,0.357563842278,0.0,True,1,2.09999990463,0.897
3nrb EDO 287 B,EDO,EDO,0.833766647149,0.833766647149,0.0,True,1,2.09999990463,0.865
3nra GOL 517 B,GOL,GOL,0.87954530829,0.87954530829,0.0,True,1,2.20000004768,0.952
3nra GOL 516 A,EDO,GOL,0.400782277496,0.337791407066,0.0629908704303,False,2,2.20000004768,0.883
3nra GOL 514 A,GOL,GOL,0.653501146132,0.653501146132,0.0,True,1,2.20000004768,0.897
3nra GOL 513 A,GOL,GOL,0.953467597863,0.953467597863,0.0,True,1,2.20000004768,0.966
3nr3 GOL 905 A,GOL,GOL,0.517447881006,0.517447881006,0.0,True,1,2.0,0.85
3nqs EDO 978 B,EDO,EDO,0.594496110879,0.594496110879,0.0,True,1,2.20000004768,0.956
3nqs EDO 977 A,EDO,EDO,0.515982829145,0.515982829145,0.0,True,1,2.20000004768,0.923
3nqp EDO 1008 A,GOL,EDO,0.59194984305,0.234479819811,0.357470023239,False,2,1.89999997616,0.854
3nqp EDO 1006 A,EDO,EDO,0.647248123478,0.647248123478,0.0,True,1,1.89999997616,0.938
3nqp EDO 1005 A,EDO,EDO,0.772217108959,0.772217108959,0.0,True,1,1.89999997616,0.979
3nqp EDO 1004 A,EDO,EDO,0.66305338021,0.66305338021,0.0,True,1,1.89999997616,0.954
3nqo PG4 207 A,1PE,PG4,0.611543911875,0.199481370677,0.412062541198,False,2,2.20000004768,0.909
3nqo PG4 206 A,NAG,PG4,0.361548849971,0.0276408793219,0.333907970649,False,5,2.20000004768,0.626
3nqo PG4 205 B,1PE,PG4,0.191515559523,0.189235552627,0.00228000689631,False,2,2.20000004768,0.848
3nqo GOL 203 A,GOL,GOL,0.506306319007,0.506306319007,0.0,True,1,2.20000004768,0.809
3nqo GOL 202 A,OLC,GOL,0.175166834344,0.0655603121977,0.109606522146,False,5,2.20000004768,0.734
3nqk EDO 402 A,EDO,EDO,0.379224188751,0.379224188751,0.0,True,1,2.59999990463,0.924
3nqk EDO 401 A,GOL,EDO,0.495953025153,0.158158245735,0.337794779418,False,2,2.59999990463,0.871
3nqh GOL 501 A,GOL,GOL,0.69517955876,0.69517955876,0.0,True,1,2.09999990463,0.916
3nq2 IMD 267 A,SO4,IMD,0.317869452116,0.00544234808653,0.31242710403,False,15,2.0,0.838
3nq2 IMD 265 B,ACT,IMD,0.663016012111,0.00146821431916,0.661547797791,False,19,2.0,0.78
3nps EDO 6 A,EDO,EDO,0.380632197988,0.380632197988,0.0,True,1,1.5,0.928
3nps EDO 3 A,EDO,EDO,0.41055863224,0.41055863224,0.0,True,1,1.5,0.93
3nps EDO 2 A,ACT,EDO,0.27158932103,0.221474426165,0.0501148948646,False,2,1.5,0.916
3nps EDO 1 A,EDO,EDO,0.843335365227,0.843335365227,0.0,True,1,1.5,0.943
3npp GOL 206 A,EDO,GOL,0.248511419308,0.214145847859,0.0343655714492,False,2,2.20000004768,0.87
3npp GOL 205 A,GOL,GOL,0.425177599467,0.425177599467,0.0,True,1,2.20000004768,0.861
3npp GOL 203 A,GOL,GOL,0.838495119141,0.838495119141,0.0,True,1,2.20000004768,0.944
3npp GOL 201 B,GOL,GOL,0.627216593483,0.627216593483,0.0,True,1,2.20000004768,0.9
3npk GOL 291 A,GOL,GOL,0.560569397591,0.560569397591,0.0,True,1,1.5,0.925
3npf GOL 336 B,GOL,GOL,0.794600564547,0.794600564547,0.0,True,1,1.70000004768,0.952
3npf GOL 335 B,SO4,GOL,0.280260475732,0.07187548961,0.208384986122,False,4,1.70000004768,0.819
3npf GOL 331 B,EDO,GOL,0.418506920126,0.232545045172,0.185961874954,False,2,1.70000004768,0.909
3npf GOL 330 B,GOL,GOL,0.790674299281,0.790674299281,0.0,True,1,1.70000004768,0.931
3npf GOL 329 A,TRS,GOL,0.254500263236,0.186734851328,0.0677654119079,False,2,1.70000004768,0.893
3npd EDO 7 A,EDO,EDO,0.485477642555,0.485477642555,0.0,True,1,1.60000002384,0.88
3np2 EDO 182 X,EDO,EDO,0.551276766265,0.551276766265,0.0,True,1,1.89999997616,0.811
3np0 EDO 186 X,EDO,EDO,0.278852323914,0.278852323914,0.0,True,1,1.5,0.918
3noz EDO 191 X,SO4,EDO,0.677120804951,0.182377056311,0.49474374864,False,2,1.5,0.779
3nox NAG 921 B,NAG,NAG,0.864742960171,0.864742960171,0.0,True,1,2.29999995232,0.865
3nox NAG 851 B,NAG,NAG,0.544171658694,0.544171658694,0.0,True,1,2.29999995232,0.971
3nox NAG 851 A,NAG,NAG,0.977344041671,0.977344041671,0.0,True,1,2.29999995232,0.971
3nox NAG 5201 B,NAG,NAG,0.927471633057,0.927471633057,0.0,True,1,2.29999995232,0.835
3nox NAG 5201 A,SO4,NAG,0.40776701946,0.235986689993,0.171780329468,False,2,2.29999995232,0.821
3nox NAG 2811 A,NAG,NAG,0.301825278328,0.301825278328,0.0,True,1,2.29999995232,0.857
3nox NAG 2292 B,EDO,NAG,0.142011210115,0.0407553022387,0.101255907877,False,7,2.29999995232,0.909
3nox NAG 2291 B,NAG,NAG,0.804598321901,0.804598321901,0.0,True,1,2.29999995232,0.912
3nox NAG 2291 A,NAG,NAG,0.992806017149,0.992806017149,0.0,True,1,2.29999995232,0.916
3nox NAG 2191 B,NAG,NAG,0.50452841738,0.50452841738,0.0,True,1,2.29999995232,0.868
3nox NAG 1501 B,NAG,NAG,0.952756124074,0.952756124074,0.0,True,1,2.29999995232,0.822
3nox NAG 1501 A,NAG,NAG,0.956499991673,0.956499991673,0.0,True,1,2.29999995232,0.879
3nox GOL 1 B,NAG_NAG,GOL,0.399614812389,0.000661196901073,0.398953615488,False,115,2.29999995232,0.827
3noq EDO 605 B,EDO,EDO,0.208106439588,0.208106439588,0.0,True,1,1.0,0.976
3noq EDO 603 B,EDO,EDO,0.91972614986,0.91972614986,0.0,True,1,1.0,0.972
3noq EDO 602 A,EDO,EDO,0.973378181437,0.973378181437,0.0,True,1,1.0,0.974
3noq EDO 601 B,EDO,EDO,0.642453549396,0.642453549396,0.0,True,1,1.0,0.975
3noo EDO 506 A,EDO,EDO,0.816488477841,0.816488477841,0.0,True,1,1.0,0.889
3noo EDO 505 B,EDO,EDO,0.955938015265,0.955938015265,0.0,True,1,1.0,0.974
3noo EDO 504 A,EDO,EDO,0.566594269362,0.566594269362,0.0,True,1,1.0,0.891
3noo EDO 503 B,EDO,EDO,0.801217992712,0.801217992712,0.0,True,1,1.0,0.974
3noo EDO 502 B,EDO,EDO,0.78857055947,0.78857055947,0.0,True,1,1.0,0.94
3noo EDO 501 A,EDO,EDO,0.900662763187,0.900662763187,0.0,True,1,1.0,0.961
3non EDO 504 A,EDO,EDO,0.916241729251,0.916241729251,0.0,True,1,1.0,0.941
3non EDO 502 A,EDO,EDO,0.937985256038,0.937985256038,0.0,True,1,1.0,0.944
3nom GOL 264 A,GOL,GOL,0.836988921967,0.836988921967,0.0,True,1,2.40000009537,0.926
3nol GOL 3731 A,GOL,GOL,0.952818933097,0.952818933097,0.0,True,1,1.70000004768,0.899
3nol GOL 265 A,GOL,GOL,0.897957789191,0.897957789191,0.0,True,1,1.70000004768,0.902
3nok MES 258 B,PLP,MES,0.407122134041,0.239599745199,0.167522388842,False,2,1.70000004768,0.96
3nok MES 258 A,MES,MES,0.899494000884,0.899494000884,0.0,True,1,1.70000004768,0.977
3nok GOL 259 B,GOL,GOL,0.961773092254,0.961773092254,0.0,True,1,1.70000004768,0.924
3noj PG4 242 A,PGE,PG4,0.430306118212,0.0207947957655,0.409511322447,False,6,1.79999995232,0.712
3noh GOL 200 A,SO4,GOL,0.568692324935,0.0393529266758,0.529339398259,False,4,1.60000002384,0.883
3no8 GOL 4 A,GOL,GOL,0.500579689222,0.500579689222,0.0,True,1,2.20000004768,0.938
3no8 GOL 1 B,GOL,GOL,0.436986001812,0.436986001812,0.0,True,1,2.20000004768,0.862
3no6 IMD 303 C,IMD,IMD,0.995936936077,0.995936936077,0.0,True,1,1.70000004768,0.975
3no6 IMD 302 D,IMD,IMD,0.991369785378,0.991369785378,0.0,True,1,1.70000004768,0.956
3no6 IMD 301 B,GOL,IMD,0.236068487349,0.00271426473294,0.233354222616,False,18,1.70000004768,0.848
3no6 IMD 300 A,IMD,IMD,0.992355387082,0.992355387082,0.0,True,1,1.70000004768,0.954
3no5 EDO 283 E,SO4,EDO,0.314721308412,0.0253326824671,0.289388625945,False,7,1.89999997616,0.603
3no5 EDO 278 D,EDO,EDO,0.873253769025,0.873253769025,0.0,True,1,1.89999997616,0.882
3no0 GOL 5 C,GOL,GOL,0.845320818511,0.845320818511,0.0,True,1,1.29999995232,0.818
3no0 GOL 4 A,GOL,GOL,0.920797691765,0.920797691765,0.0,True,1,1.29999995232,0.864
3no0 GOL 3 C,GOL,GOL,0.534121531594,0.534121531594,0.0,True,1,1.29999995232,0.885
3no0 GOL 1 A,GOL,GOL,0.935568407153,0.935568407153,0.0,True,1,1.29999995232,0.918
3nnz H4B 760 B,H4B,H4B,0.981545044728,0.981545044728,0.0,True,1,2.0,0.967
3nnz H4B 760 A,H4B,H4B,0.816103532411,0.816103532411,0.0,True,1,2.0,0.957
3nny H4B 760 B,H4B,H4B,0.909181288683,0.909181288683,0.0,True,1,2.09999990463,0.969
3nny H4B 760 A,H4B,H4B,0.952732751517,0.952732751517,0.0,True,1,2.09999990463,0.963
3nno TLA 172 C,TLA,TLA,0.201062675296,0.201062675296,0.0,True,1,2.90000009537,0.963
3nnb GOL 403 A,GOL,GOL,0.90136732174,0.90136732174,0.0,True,1,1.60000002384,0.866
3nn2 GOL 248 A,EDO,GOL,0.386086505992,0.235680830851,0.150405675141,False,2,1.89999997616,0.729
3nn2 GOL 247 B,GOL,GOL,0.502256136104,0.502256136104,0.0,True,1,1.89999997616,0.807
3nn2 GOL 247 A,GOL,GOL,0.386089053678,0.386089053678,0.0,True,1,1.89999997616,0.941
3nn2 GOL 246 A,GOL,GOL,0.312253954003,0.312253954003,0.0,True,1,1.89999997616,0.727
3nn2 GOL 245 D,SO4,GOL,0.496377953463,0.259132829672,0.23724512379,False,2,1.89999997616,0.747
3nn2 GOL 245 B,SO4,GOL,0.664044573279,0.112887571999,0.55115700128,False,2,1.89999997616,0.829
3nn2 GOL 244 C,EDO,GOL,0.406937070199,0.264256388593,0.142680681606,False,2,1.89999997616,0.801
3nn2 GOL 243 E,GOL,GOL,0.477520657794,0.477520657794,0.0,True,1,1.89999997616,0.853
3nn1 EDO 246 E,FMT,EDO,0.280448474567,0.19816859789,0.0822798766765,False,2,1.89999997616,0.92
3nn1 EDO 245 A,ACT,EDO,0.482427950067,0.0897411699148,0.392686780152,False,3,1.89999997616,0.85
3nn1 EDO 244 D,SO4,EDO,0.383400481338,0.248979575177,0.134420906162,False,2,1.89999997616,0.923
3nn1 EDO 244 C,EDO,EDO,0.606098605617,0.606098605617,0.0,True,1,1.89999997616,0.925
3nn1 EDO 244 A,EDO,EDO,0.655247395389,0.655247395389,0.0,True,1,1.89999997616,0.719
3nmd GOL 56 E,PEG,GOL,0.185290494761,0.103241570161,0.0820489246,False,3,2.29999995232,0.853
3nmb EDO 8 A,EDO,EDO,0.522209415628,0.522209415628,0.0,True,1,2.40000009537,0.727
3nmb EDO 7 A,EDO,EDO,0.6492416662,0.6492416662,0.0,True,1,2.40000009537,0.858
3nmb EDO 5 A,EDO,EDO,0.629677436061,0.629677436061,0.0,True,1,2.40000009537,0.955
3nmb EDO 4 A,GOL,EDO,0.555714807846,0.141251143285,0.414463664561,False,2,2.40000009537,0.88
3nmb EDO 15 A,SO4,EDO,0.213423146834,0.0465680871722,0.166855059662,False,5,2.40000009537,0.88
3nmb EDO 14 A,SO4,EDO,0.3574904563,0.0946561159178,0.262834340382,False,4,2.40000009537,0.791
3nmb EDO 13 A,GOL,EDO,0.38501909866,0.367767730792,0.0172513678674,False,2,2.40000009537,0.919
3nmb EDO 12 A,SO4,EDO,0.24477164974,0.22230218529,0.02246946445,False,3,2.40000009537,0.766
3nmb EDO 10 A,EDO,EDO,0.734545763656,0.734545763656,0.0,True,1,2.40000009537,0.985
3nm6 EDO 1002 B,EDO,EDO,0.656898827419,0.656898827419,0.0,True,1,1.60000002384,0.815
3nm6 ADE 231 B,ADE,ADE,0.927132795226,0.927132795226,0.0,True,1,1.60000002384,0.975
3nm4 EDO 1006 B,EDO,EDO,0.896345373649,0.896345373649,0.0,True,1,1.70000004768,0.916
3nm4 EDO 1005 A,GOL,EDO,0.46071498137,0.338081822728,0.122633158642,False,2,1.70000004768,0.908
3nm4 EDO 1003 B,GOL,EDO,0.618107434111,0.282373742476,0.335733691635,False,2,1.70000004768,0.926
3nm4 EDO 1002 A,EDO,EDO,0.471101034444,0.471101034444,0.0,True,1,1.70000004768,0.931
3nm4 EDO 1001 B,EDO,EDO,0.809196662984,0.809196662984,0.0,True,1,1.70000004768,0.969
3nm0 H4B 760 B,H4B,H4B,0.956431698473,0.956431698473,0.0,True,1,1.79999995232,0.973
3nm0 H4B 760 A,H4B,H4B,0.873654879217,0.873654879217,0.0,True,1,1.79999995232,0.956
3nlz H4B 760 B,H4B,H4B,0.993074826656,0.993074826656,0.0,True,1,1.89999997616,0.976
3nlz H4B 760 A,H4B,H4B,0.982430195017,0.982430195017,0.0,True,1,1.89999997616,0.962
3nly H4B 760 B,H4B,H4B,0.725590760288,0.725590760288,0.0,True,1,2.0,0.973
3nly H4B 760 A,H4B,H4B,0.942601173831,0.942601173831,0.0,True,1,2.0,0.962
3nlx H4B 760 B,H4B,H4B,0.970779519857,0.970779519857,0.0,True,1,1.89999997616,0.98
3nlx H4B 760 A,H4B,H4B,0.710105456448,0.710105456448,0.0,True,1,1.89999997616,0.971
3nlw H4B 760 B,H4B,H4B,0.912482166248,0.912482166248,0.0,True,1,2.09999990463,0.972
3nlw H4B 760 A,H4B,H4B,0.988051570331,0.988051570331,0.0,True,1,2.09999990463,0.955
3nlv H4B 760 B,H4B,H4B,0.831546012672,0.831546012672,0.0,True,1,2.09999990463,0.974
3nlv H4B 760 A,H4B,H4B,0.956444976206,0.956444976206,0.0,True,1,2.09999990463,0.958
3nlu H4B 600 A,H4B,H4B,0.815029578133,0.815029578133,0.0,True,1,2.59999990463,0.976
3nlu GOL 880 A,EDO,GOL,0.167255363019,0.153699651292,0.0135557117268,False,2,2.59999990463,0.891
3nlt H4B 600 A,H4B,H4B,0.643729047772,0.643729047772,0.0,True,1,2.70000004768,0.972
3nls GOL 100 A,GOL,GOL,0.585812082413,0.585812082413,0.0,True,1,1.70000004768,0.792
3nlr H4B 760 B,H4B,H4B,0.993818395417,0.993818395417,0.0,True,1,2.09999990463,0.948
3nlr H4B 760 A,H4B,H4B,0.593065600405,0.593065600405,0.0,True,1,2.09999990463,0.964
3nlq H4B 760 B,H4B,H4B,0.875738644008,0.875738644008,0.0,True,1,2.09999990463,0.945
3nlq H4B 760 A,H4B,H4B,0.98413070568,0.98413070568,0.0,True,1,2.09999990463,0.932
3nlq EDO 890 A,EDO,EDO,0.426277275235,0.426277275235,0.0,True,1,2.09999990463,0.864
3nlp H4B 760 B,H4B,H4B,0.994431413974,0.994431413974,0.0,True,1,2.0,0.97
3nlp H4B 760 A,H4B,H4B,0.995688379308,0.995688379308,0.0,True,1,2.0,0.942
3nlo H4B 760 B,NAG,H4B,0.232363852421,0.144118944437,0.0882449079848,False,2,2.29999995232,0.968
3nlo H4B 760 A,GOL,H4B,0.195130578698,0.0455562619467,0.149574316751,False,5,2.29999995232,0.947
3nlo EDO 891 A,GOL,EDO,0.492029212884,0.158768081514,0.33326113137,False,2,2.29999995232,0.834
3nln H4B 760 A,H4B,H4B,0.987123810658,0.987123810658,0.0,True,1,2.0,0.964
3nlm H4B 760 B,H4B,H4B,0.282760179611,0.282760179611,0.0,True,1,1.79999995232,0.968
3nlm H4B 760 A,SAM,H4B,0.0852216126415,0.026899676577,0.0583219360645,False,4,1.79999995232,0.951
3nlk H4B 760 A,H4B,H4B,0.996042834,0.996042834,0.0,True,1,2.0,0.957
3nlj H4B 761 B,H4B,H4B,0.762945992846,0.762945992846,0.0,True,1,2.20000004768,0.949
3nlj H4B 760 A,H4B,H4B,0.99740273049,0.99740273049,0.0,True,1,2.20000004768,0.914
3nli H4B 600 B,H4B,H4B,0.796842835012,0.796842835012,0.0,True,1,2.0,0.98
3nli H4B 600 A,H4B,H4B,0.964208711759,0.964208711759,0.0,True,1,2.0,0.969
3nli GOL 880 A,EDO,GOL,0.544311029437,0.267883469008,0.276427560429,False,2,2.0,0.818
3nlh H4B 600 B,H4B,H4B,0.942113709145,0.942113709145,0.0,True,1,2.09999990463,0.975
3nlh H4B 600 A,H4B,H4B,0.971886055324,0.971886055324,0.0,True,1,2.09999990463,0.978
3nlg GOL 880 B,EDO,GOL,0.413592690377,0.25449334923,0.159099341147,False,2,2.40000009537,0.946
3nlg GOL 880 A,GOL,GOL,0.476969743524,0.476969743524,0.0,True,1,2.40000009537,0.968
3nlf H4B 600 A,H4B,H4B,0.982321320968,0.982321320968,0.0,True,1,2.29999995232,0.971
3nlf GOL 880 B,SO4,GOL,0.283757952526,0.277446255586,0.00631169694021,False,2,2.29999995232,0.948
3nlf GOL 880 A,SO4,GOL,0.533840129764,0.0589189814856,0.474921148279,False,4,2.29999995232,0.939
3nle H4B 600 B,H4B,H4B,0.875406597033,0.875406597033,0.0,True,1,1.89999997616,0.96
3nle H4B 600 A,H4B,H4B,0.935698855136,0.935698855136,0.0,True,1,1.89999997616,0.965
3nle GOL 880 A,SO4,GOL,0.603251994211,0.155478782572,0.447773211639,False,2,1.89999997616,0.857
3nld H4B 600 B,H4B,H4B,0.968317045532,0.968317045532,0.0,True,1,2.29999995232,0.936
3nl9 EDO 202 A,EDO,EDO,0.79215088723,0.79215088723,0.0,True,1,1.79999995232,0.929
3nl9 EDO 201 A,EDO,EDO,0.560768029365,0.560768029365,0.0,True,1,1.79999995232,0.96
3nl5 ACP 999 C,NAG_NAG,ACP,0.260647181514,0.0411477030811,0.219499478433,False,4,3.29999995232,0.88
3nl5 ACP 899 B,ADP,ACP,0.090452167939,0.0592416023592,0.0312105655798,False,4,3.29999995232,0.867
3nl5 ACP 799 A,GTP,ACP,0.149891107108,0.0644048654828,0.0854862416253,False,4,3.29999995232,0.891
3nl1 GOL 372 A,GOL,GOL,0.216305021592,0.216305021592,0.0,True,1,2.20000004768,0.838
3nl1 GOL 371 A,GOL,GOL,0.970969956757,0.970969956757,0.0,True,1,2.20000004768,0.907
3nkz PG4 122 C,EDO,PG4,0.360891548217,0.03423286282,0.326658685397,False,4,2.09999990463,0.833
3nkz PG4 122 A,GOL,PG4,0.459008643918,0.00668661172216,0.452322032196,False,12,2.09999990463,0.879
3nkx SEP 259 Q,SEP,SEP,0.796535602726,0.796535602726,0.0,True,1,2.40000009537,0.989
3nkx SEP 259 P,SEP,SEP,0.23549634547,0.23549634547,0.0,True,1,2.40000009537,0.993
3nkt GOL 372 A,SO4,GOL,0.284413119047,0.237431489134,0.0469816299127,False,2,2.40000009537,0.91
3nkt GOL 371 A,GOL,GOL,0.858425046905,0.858425046905,0.0,True,1,2.40000009537,0.954
3nkr NAG 907 A,NAG,NAG,0.99693425496,0.99693425496,0.0,True,1,1.70000004768,0.922
3nkr NAG 900 A,NAG_NAG,NAG_NAG,0.968865203609,0.968865203609,0.0,True,1,1.70000004768,0.969
3nkr EDO 1030 A,EDO,EDO,0.688025403775,0.688025403775,0.0,True,1,1.70000004768,0.966
3nkr EDO 1029 A,EDO,EDO,0.421154330337,0.421154330337,0.0,True,1,1.70000004768,0.934
3nkr EDO 1028 A,GOL,EDO,0.280817121827,0.215098133614,0.0657189882136,False,2,1.70000004768,0.977
3nkr EDO 1026 A,GOL,EDO,0.462290221888,0.322644660897,0.139645560991,False,2,1.70000004768,0.972
3nkr EDO 1024 A,EDO,EDO,0.248464330937,0.248464330937,0.0,True,1,1.70000004768,0.892
3nkr EDO 1023 A,EDO,EDO,0.566460492184,0.566460492184,0.0,True,1,1.70000004768,0.949
3nkr EDO 1019 A,EDO,EDO,0.384470642994,0.384470642994,0.0,True,1,1.70000004768,0.979
3nkr EDO 1017 A,EDO,EDO,0.770784638407,0.770784638407,0.0,True,1,1.70000004768,0.96
3nkr EDO 1016 A,EDO,EDO,0.813818009801,0.813818009801,0.0,True,1,1.70000004768,0.959
3nkr EDO 1015 A,EDO,EDO,0.520134229663,0.520134229663,0.0,True,1,1.70000004768,0.9
3nkr EDO 1014 A,EDO,EDO,0.538996217243,0.538996217243,0.0,True,1,1.70000004768,0.946
3nkr EDO 1012 A,GOL,EDO,0.507606731915,0.0769897647837,0.430616967131,False,3,1.70000004768,0.895
3nkq NAG 907 A,NAG,NAG,0.995117860299,0.995117860299,0.0,True,1,1.70000004768,0.935
3nkq NAG 900 A,NAG_NAG,NAG_NAG,0.971226063444,0.971226063444,0.0,True,1,1.70000004768,0.949
3nkq EDO 1030 A,EDO,EDO,0.483264443827,0.483264443827,0.0,True,1,1.70000004768,0.928
3nkq EDO 1029 A,EDO,EDO,0.386728125449,0.386728125449,0.0,True,1,1.70000004768,0.919
3nkq EDO 1028 A,EDO,EDO,0.91342676351,0.91342676351,0.0,True,1,1.70000004768,0.977
3nkq EDO 1026 A,GOL,EDO,0.385565608143,0.304838373039,0.0807272351035,False,2,1.70000004768,0.927
3nkq EDO 1024 A,EDO,EDO,0.456641399152,0.456641399152,0.0,True,1,1.70000004768,0.822
3nkq EDO 1023 A,EDO,EDO,0.395089384426,0.395089384426,0.0,True,1,1.70000004768,0.937
3nkq EDO 1019 A,GOL,EDO,0.378153555272,0.237701113189,0.140452442083,False,2,1.70000004768,0.957
3nkq EDO 1016 A,EDO,EDO,0.804516729459,0.804516729459,0.0,True,1,1.70000004768,0.958
3nkq EDO 1015 A,EDO,EDO,0.783090509573,0.783090509573,0.0,True,1,1.70000004768,0.962
3nkq EDO 1013 A,EDO,EDO,0.441424205991,0.441424205991,0.0,True,1,1.70000004768,0.934
3nkq EDO 1012 A,EDO,EDO,0.42173598048,0.42173598048,0.0,True,1,1.70000004768,0.943
3nkp NAG 907 A,NAG,NAG,0.995825370425,0.995825370425,0.0,True,1,1.79999995232,0.925
3nkp NAG 900 A,NAG_NAG,NAG_NAG,0.985790506182,0.985790506182,0.0,True,1,1.79999995232,0.965
3nkp EDO 1030 A,EDO,EDO,0.507835765297,0.507835765297,0.0,True,1,1.79999995232,0.919
3nkp EDO 1029 A,EDO,EDO,0.47566340446,0.47566340446,0.0,True,1,1.79999995232,0.948
3nkp EDO 1028 A,PYR,EDO,0.109849779161,0.0565263244237,0.0533234547376,False,5,1.79999995232,0.971
3nkp EDO 1026 A,EDO,EDO,0.66652145446,0.66652145446,0.0,True,1,1.79999995232,0.922
3nkp EDO 1023 A,GOL,EDO,0.483966010979,0.450151712498,0.033814298481,False,2,1.79999995232,0.951
3nkp EDO 1019 A,GOL,EDO,0.297504805059,0.120023646971,0.177481158088,False,3,1.79999995232,0.95
3nkp EDO 1017 A,GOL,EDO,0.379390667422,0.288290950189,0.0910997172337,False,2,1.79999995232,0.955
3nkp EDO 1016 A,EDO,EDO,0.654922929925,0.654922929925,0.0,True,1,1.79999995232,0.945
3nkp EDO 1015 A,EDO,EDO,0.623007469835,0.623007469835,0.0,True,1,1.79999995232,0.949
3nkp EDO 1014 A,EDO,EDO,0.502848658089,0.502848658089,0.0,True,1,1.79999995232,0.925
3nkp EDO 1013 A,EDO,EDO,0.605228024891,0.605228024891,0.0,True,1,1.79999995232,0.931
3nkp EDO 1012 A,GOL,EDO,0.360149543138,0.0227957549234,0.337353788214,False,6,1.79999995232,0.941
3nko NAG 907 A,NAG,NAG,0.994980296911,0.994980296911,0.0,True,1,1.79999995232,0.917
3nko NAG 900 A,NAG_NAG,NAG_NAG,0.915539087546,0.915539087546,0.0,True,1,1.79999995232,0.978
3nko NAG 899 A,NAG,NAG,0.230655429468,0.230655429468,0.0,True,1,1.79999995232,0.839
3nko EDO 1029 A,EDO,EDO,0.742369348589,0.742369348589,0.0,True,1,1.79999995232,0.947
3nko EDO 1028 A,GOL,EDO,0.549712930007,0.174297113994,0.375415816014,False,2,1.79999995232,0.954
3nko EDO 1026 A,EDO,EDO,0.569366179816,0.569366179816,0.0,True,1,1.79999995232,0.792
3nko EDO 1025 A,EDO,EDO,0.48556869481,0.48556869481,0.0,True,1,1.79999995232,0.937
3nko EDO 1024 A,EDO,EDO,0.560423552997,0.560423552997,0.0,True,1,1.79999995232,0.945
3nko EDO 1023 A,GOL,EDO,0.391349219414,0.377877643079,0.0134715763348,False,2,1.79999995232,0.987
3nko EDO 1019 A,EDO,EDO,0.498887384584,0.498887384584,0.0,True,1,1.79999995232,0.958
3nko EDO 1017 A,EDO,EDO,0.77133405568,0.77133405568,0.0,True,1,1.79999995232,0.902
3nko EDO 1016 A,EDO,EDO,0.75053625287,0.75053625287,0.0,True,1,1.79999995232,0.938
3nko EDO 1015 A,EDO,EDO,0.634760465391,0.634760465391,0.0,True,1,1.79999995232,0.952
3nko EDO 1012 A,EDO,EDO,0.297858197197,0.297858197197,0.0,True,1,1.79999995232,0.907
3nkn NAG 907 A,NAG,NAG,0.984815215658,0.984815215658,0.0,True,1,1.79999995232,0.939
3nkn NAG 900 A,NAG_NAG,NAG_NAG,0.988191997199,0.988191997199,0.0,True,1,1.79999995232,0.977
3nkn EDO 1029 A,EDO,EDO,0.533717112086,0.533717112086,0.0,True,1,1.79999995232,0.965
3nkn EDO 1027 A,EDO,EDO,0.387204957095,0.387204957095,0.0,True,1,1.79999995232,0.806
3nkn EDO 1026 A,GOL,EDO,0.544191096386,0.212481079594,0.331710016792,False,2,1.79999995232,0.967
3nkn EDO 1025 A,EDO,EDO,0.523208553879,0.523208553879,0.0,True,1,1.79999995232,0.954
3nkn EDO 1024 A,EDO,EDO,0.391764674153,0.391764674153,0.0,True,1,1.79999995232,0.962
3nkn EDO 1023 A,EDO,EDO,0.405279876029,0.405279876029,0.0,True,1,1.79999995232,0.989
3nkn EDO 1019 A,EDO,EDO,0.302864216512,0.302864216512,0.0,True,1,1.79999995232,0.981
3nkn EDO 1018 A,EDO,EDO,0.856913343887,0.856913343887,0.0,True,1,1.79999995232,0.866
3nkn EDO 1016 A,EDO,EDO,0.784187132036,0.784187132036,0.0,True,1,1.79999995232,0.915
3nkn EDO 1015 A,EDO,EDO,0.704520431218,0.704520431218,0.0,True,1,1.79999995232,0.974
3nkn EDO 1013 A,EDO,EDO,0.513806795227,0.513806795227,0.0,True,1,1.79999995232,0.949
3nkn EDO 1012 A,SO4,EDO,0.261157563268,0.246895038265,0.014262525003,False,2,1.79999995232,0.936
3nkm NAG 907 A,NAG,NAG,0.956839654341,0.956839654341,0.0,True,1,2.0,0.954
3nkm NAG 900 A,NAG_NAG,NAG_NAG,0.931991482567,0.931991482567,0.0,True,1,2.0,0.973
3nkm NAG 899 A,MAN,NAG,0.133155728358,0.118761505309,0.0143942230486,False,2,2.0,0.858
3nkm EDO 1024 A,EDO,EDO,0.58247504815,0.58247504815,0.0,True,1,2.0,0.96
3nkm EDO 1023 A,EDO,EDO,0.845152794464,0.845152794464,0.0,True,1,2.0,0.981
3nkm EDO 1019 A,EDO,EDO,0.740822649589,0.740822649589,0.0,True,1,2.0,0.948
3nkm EDO 1018 A,EDO,EDO,0.542305173215,0.542305173215,0.0,True,1,2.0,0.954
3nkm EDO 1017 A,GOL,EDO,0.396459300618,0.376365830866,0.0200934697528,False,2,2.0,0.959
3nkm EDO 1016 A,EDO,EDO,0.678062907898,0.678062907898,0.0,True,1,2.0,0.958
3nkm EDO 1015 A,EDO,EDO,0.712928335579,0.712928335579,0.0,True,1,2.0,0.987
3nkm EDO 1014 A,EDO,EDO,0.543005471205,0.543005471205,0.0,True,1,2.0,0.946
3nkm EDO 1012 A,GOL,EDO,0.276463105167,0.148768833697,0.12769427147,False,2,2.0,0.958
3nkl GOL 142 A,EDO,GOL,0.527242793538,0.325482170838,0.2017606227,False,2,1.89999997616,0.859
3nkl GOL 139 A,GOL,GOL,0.58751903282,0.58751903282,0.0,True,1,1.89999997616,0.83
3nke EDO 701 B,EDO,EDO,0.698621948125,0.698621948125,0.0,True,1,1.39999997616,0.835
3nke EDO 603 A,EDO,EDO,0.212912989023,0.212912989023,0.0,True,1,1.39999997616,0.87
3nke EDO 601 C,SO4,EDO,0.560269259027,0.217139502925,0.343129756103,False,2,1.39999997616,0.831
3nka GOL 233 B,GOL,GOL,0.29033854021,0.29033854021,0.0,True,1,2.5,0.856
3njz GOL 372 A,EDO,GOL,0.575816291077,0.22731834276,0.348497948317,False,2,2.09999990463,0.769
3njz GOL 371 A,GOL,GOL,0.925736344561,0.925736344561,0.0,True,1,2.09999990463,0.916
3njs NAG 247 A,NAG,NAG,0.934874804003,0.934874804003,0.0,True,1,2.09999990463,0.694
3njr PG4 321 B,GOL,PG4,0.385900152805,0.0130515956968,0.372848557108,False,10,2.70000004768,0.85
3njr GOL 1448 A,GOL,GOL,0.386111688061,0.386111688061,0.0,True,1,2.70000004768,0.888
3njq GOL 197 B,GOL,GOL,0.723794312779,0.723794312779,0.0,True,1,2.0,0.824
3njp NAG 1504 A,NAG,NAG,0.897047070679,0.897047070679,0.0,True,1,3.29999995232,0.869
3njp NAG 1328 B,NAG,NAG,0.450146962866,0.450146962866,0.0,True,1,3.29999995232,0.936
3njp NAG 1328 A,ANP,NAG,0.0834789931742,0.026223263789,0.0572557293852,False,9,3.29999995232,0.914
3njp NAG 1172 A,NAG,NAG,0.868743407724,0.868743407724,0.0,True,1,3.29999995232,0.806
3njp NAG 1151 B,NAG,NAG,0.950599935105,0.950599935105,0.0,True,1,3.29999995232,0.861
3njp NAG 1151 A,NAG_NAG,NAG,0.606269491351,0.283832432644,0.322437058707,False,2,3.29999995232,0.774
3njp NAG 1032 B,NAG,NAG,0.956793949435,0.956793949435,0.0,True,1,3.29999995232,0.809
3njp NAG 1032 A,NAG,NAG,0.858694523904,0.858694523904,0.0,True,1,3.29999995232,0.853
3njk GOL 501 A,EDO,GOL,0.886229706438,0.0801858958333,0.806043810604,False,2,1.5,0.856
3njh GOL 505 D,EDO,GOL,0.854287468472,0.0213348600053,0.832952608467,False,2,1.89999997616,0.914
3nja GOL 124 D,SO4,GOL,0.325341425966,0.11041526798,0.214926157986,False,3,2.40000009537,0.886
3nja GOL 123 D,SO4,GOL,0.385981584299,0.0559787229114,0.330002861388,False,5,2.40000009537,0.918
3nja GOL 123 B,SO4,GOL,0.410948577458,0.0822950077969,0.328653569661,False,4,2.40000009537,0.91
3nja GOL 123 A,GOL,GOL,0.293209162239,0.293209162239,0.0,True,1,2.40000009537,0.921
3niw GOL 279 A,GOL,GOL,0.728074072799,0.728074072799,0.0,True,1,1.89999997616,0.915
3niu SEP 198 A,GOL,SEP,0.304372379237,0.00162201363632,0.302750365601,False,96,2.90000009537,0.774
3niu NAG 604 B,CYC,NAG_NAG,0.227135501771,0.0721555978989,0.154979903872,False,3,2.90000009537,0.899
3niu NAG 604 A,NAG,NAG,0.939068251302,0.939068251302,0.0,True,1,2.90000009537,0.837
3niu NAG 602 B,NAG,NAG,0.947248184736,0.947248184736,0.0,True,1,2.90000009537,0.913
3niu NAG 602 A,NAG,NAG,0.944047559145,0.944047559145,0.0,True,1,2.90000009537,0.898
3niu NAG 599 A,NAG,NAG,0.96436079337,0.96436079337,0.0,True,1,2.90000009537,0.907
3niu NAG 596 B,NAG,NAG,0.964324928757,0.964324928757,0.0,True,1,2.90000009537,0.859
3niq GOL 1205 A,GOL,GOL,0.61923333278,0.61923333278,0.0,True,1,2.09999990463,0.923
3nio MLY 145 D,MLY,MLY,0.715630847455,0.715630847455,0.0,True,1,2.0,0.776
3nio MLY 145 C,MLY,MLY,0.694673720275,0.694673720275,0.0,True,1,2.0,0.723
3nio MLY 145 B,MLY,MLY,0.172515480752,0.172515480752,0.0,True,1,2.0,0.882
3nio MLY 145 A,MLY,MLY,0.898004797972,0.898004797972,0.0,True,1,2.0,0.831
3nio MLY 142 F,MLY,MLY,0.886089317521,0.886089317521,0.0,True,1,2.0,0.713
3nio MLY 142 E,MLY,MLY,0.389363577795,0.389363577795,0.0,True,1,2.0,0.852
3nio MLY 142 D,MLY,MLY,0.851198192238,0.851198192238,0.0,True,1,2.0,0.832
3nio MLY 142 C,MLY,MLY,0.734221681432,0.734221681432,0.0,True,1,2.0,0.772
3nio MLY 142 B,MLY,MLY,0.900794254834,0.900794254834,0.0,True,1,2.0,0.785
3nio MLY 142 A,GOL,MLY,0.38107610434,0.00291825764949,0.378157846691,False,23,2.0,0.803
3nio MLY 140 F,MLY,MLY,0.668762618117,0.668762618117,0.0,True,1,2.0,0.837
3nio MLY 140 E,MLY,MLY,0.706040519737,0.706040519737,0.0,True,1,2.0,0.89
3nio MLY 140 D,ACE,MLY,0.236040976239,0.167821228332,0.0682197479067,False,2,2.0,0.824
3nio MLY 140 C,MLY,MLY,0.827073006893,0.827073006893,0.0,True,1,2.0,0.827
3nio MLY 140 B,MLY,MLY,0.928856241163,0.928856241163,0.0,True,1,2.0,0.834
3nio MLY 140 A,CSX,MLY,0.369969475775,0.318504366927,0.0514651088483,False,2,2.0,0.843
3nig NAG 3372 B,NAG,NAG,0.206698744081,0.206698744081,0.0,True,1,2.29999995232,0.786
3nig NAG 3371 D,EDO,NAG,0.274922812832,0.00595295682601,0.268969856006,False,10,2.29999995232,0.82
3nig NAG 3320 D,NAG_NAG,NAG_NAG,0.992010844122,0.992010844122,0.0,True,1,2.29999995232,0.929
3nig GOL 459 A,GOL,GOL,0.76036802397,0.76036802397,0.0,True,1,2.29999995232,0.904
3nig GOL 458 C,GOL,GOL,0.475391687629,0.475391687629,0.0,True,1,2.29999995232,0.937
3nig GOL 458 A,GOL,GOL,0.699149051814,0.699149051814,0.0,True,1,2.29999995232,0.928
3nif NAG 3372 B,GOL,NAG,0.242819702634,0.0271841370945,0.21563556554,False,8,2.40000009537,0.795
3nif NAG 3371 D,EDO,NAG,0.221414693142,0.0599675215355,0.161447171606,False,4,2.40000009537,0.919
3nif NAG 3321 D,GOL,NAG,0.387729550424,0.0236393375228,0.364090212901,False,5,2.40000009537,0.861
3nif NAG 3320 D,NAG,NAG,0.997943942998,0.997943942998,0.0,True,1,2.40000009537,0.925
3nif NAG 3320 B,NAG_NAG,NAG_NAG,0.949064526112,0.949064526112,0.0,True,1,2.40000009537,0.957
3nif GOL 472 D,EDO,GOL,0.497941229492,0.128668955079,0.369272274412,False,2,2.40000009537,0.86
3nif GOL 461 A,GOL,GOL,0.38205963135,0.38205963135,0.0,True,1,2.40000009537,0.81
3nif GOL 460 A,GOL,GOL,0.680897791118,0.680897791118,0.0,True,1,2.40000009537,0.934
3nif GOL 459 A,SO4,GOL,0.363538723759,0.150850969433,0.212687754326,False,2,2.40000009537,0.722
3nif GOL 458 A,GOL,GOL,0.414388217864,0.414388217864,0.0,True,1,2.40000009537,0.942
3nif GOL 457 A,GOL,GOL,0.872068150197,0.872068150197,0.0,True,1,2.40000009537,0.891
3nif GOL 456 A,SO4,GOL,0.601911919547,0.101656502608,0.500255416939,False,2,2.40000009537,0.919
3nid NAG 3371 D,NAG,NAG,0.865063003408,0.865063003408,0.0,True,1,2.29999995232,0.859
3nid NAG 3371 B,NAG,NAG,0.99295610584,0.99295610584,0.0,True,1,2.29999995232,0.859
3nid NAG 3320 D,NAG_NAG,NAG_NAG,0.983901252145,0.983901252145,0.0,True,1,2.29999995232,0.942
3nid NAG 3320 B,NAG_NAG,NAG_NAG,0.757494987198,0.757494987198,0.0,True,1,2.29999995232,0.971
3nid NAG 3099 B,GOL,NAG,0.385835287998,0.149148150358,0.236687137639,False,3,2.29999995232,0.88
3nid GOL 463 A,GOL,GOL,0.382309383042,0.382309383042,0.0,True,1,2.29999995232,0.727
3nid GOL 461 A,EDO,GOL,0.457573494142,0.387429490387,0.0701440037552,False,2,2.29999995232,0.923
3nid GOL 460 A,EDO,GOL,0.453373113288,0.276224941241,0.177148172047,False,2,2.29999995232,0.813
3nid GOL 459 C,PEG,GOL,0.13180075453,0.03584687103,0.0959538835003,False,7,2.29999995232,0.793
3nid GOL 459 A,C8E,GOL,0.23127817938,0.0668270274919,0.164451151888,False,4,2.29999995232,0.927
3nid GOL 458 C,EDO,GOL,0.250286500382,0.135563840853,0.11472265953,False,3,2.29999995232,0.829
3nid GOL 458 A,GOL,GOL,0.812101328823,0.812101328823,0.0,True,1,2.29999995232,0.858
3nib NHE 276 A,EPE,NHE,0.652994804537,0.00117326838011,0.651821536157,False,25,2.70000004768,0.965
3nib GOL 278 A,SO4,GOL,0.370465794827,0.189234238413,0.181231556414,False,2,2.70000004768,0.901
3nib GOL 277 A,GOL,GOL,0.609715616893,0.609715616893,0.0,True,1,2.70000004768,0.855
3ni8 GOL 161 A,FLC,GOL,0.0940061087784,0.0194143781881,0.0745917305903,False,11,2.5,0.842
3ni6 GOL 127 A,EDO,GOL,0.875795868261,0.0570829322182,0.818712936043,False,2,1.39999997616,0.813
3nhi GOL 298 A,SO4,GOL,0.795945370985,0.00229057858794,0.793654792398,False,8,1.39999997616,0.733
3ngv GOL 1 A,GOL,GOL,0.992388058813,0.992388058813,0.0,True,1,1.79999995232,0.934
3ngj EDO 252 C,EDO,EDO,0.816104717566,0.816104717566,0.0,True,1,1.70000004768,0.849
3ngj EDO 252 B,EDO,EDO,0.871112546586,0.871112546586,0.0,True,1,1.70000004768,0.945
3ngf GOL 265 B,GOL,GOL,0.473754566496,0.473754566496,0.0,True,1,1.79999995232,0.939
3ngf GOL 265 A,GOL,GOL,0.631124175154,0.631124175154,0.0,True,1,1.79999995232,0.939
3ngf GOL 264 B,GOL,GOL,0.786761512116,0.786761512116,0.0,True,1,1.79999995232,0.821
3ngf GOL 263 B,GOL,GOL,0.834351169927,0.834351169927,0.0,True,1,1.79999995232,0.856
3ngf GOL 263 A,GOL,GOL,0.831382233669,0.831382233669,0.0,True,1,1.79999995232,0.899
3ngb NAG 948 A,SO4,NAG,0.382894616384,0.012161438677,0.370733177707,False,11,2.70000004768,0.907
3ngb NAG 789 G,MLY,NAG,0.133113882761,0.000932115627569,0.132181767134,False,120,2.70000004768,0.931
3ng9 ADE 737 H,SO4,ADE,0.23050312113,0.00164233017039,0.22886079096,False,54,2.5,0.823
3ng9 ADE 737 D,GOL,ADE,0.55165468568,0.000547185136587,0.551107500543,False,178,2.5,0.79
3ng9 ADE 737 A,GOL,ADE,0.464196946529,0.0006309396808,0.463566006848,False,184,2.5,0.772
3ng6 ACE 0 C,ACE,ACE,0.461937166093,0.461937166093,0.0,True,1,2.20000004768,0.944
3ng6 ACE 0 A,ACE,ACE,0.497307707866,0.497307707866,0.0,True,1,2.20000004768,0.92
3ng3 EDO 225 C,EDO,EDO,0.339197415036,0.339197415036,0.0,True,1,2.09999990463,0.963
3ng3 EDO 224 D,EDO,EDO,0.66644906536,0.66644906536,0.0,True,1,2.09999990463,0.91
3ng1 EDO 971 B,EDO,EDO,0.577934019255,0.577934019255,0.0,True,1,2.29999995232,0.892
3ng1 EDO 970 B,EDO,EDO,0.600442256961,0.600442256961,0.0,True,1,2.29999995232,0.922
3ng1 EDO 970 A,EDO,EDO,0.57140822971,0.57140822971,0.0,True,1,2.29999995232,0.924
3nfw GOL 189 D,GOL,GOL,0.6008386124,0.6008386124,0.0,True,1,1.60000002384,0.704
3nfv EDO 412 A,GOL,EDO,0.48016746388,0.148734498053,0.331432965826,False,2,2.0,0.87
3nfv EDO 410 A,EDO,EDO,0.793094328314,0.793094328314,0.0,True,1,2.0,0.906
3nfv EDO 408 A,EDO,EDO,0.640614649933,0.640614649933,0.0,True,1,2.0,0.845
3nfv EDO 407 A,EDO,EDO,0.430115746984,0.430115746984,0.0,True,1,2.0,0.884
3nfv EDO 406 A,SO4,EDO,0.558933675379,0.0452066157928,0.513727059586,False,4,2.0,0.884
3nfu GOL 452 A,GOL,GOL,0.517196402967,0.517196402967,0.0,True,1,1.89999997616,0.867
3nfm NAG 247 A,NAG,NAG,0.955511364766,0.955511364766,0.0,True,1,2.5,0.631
3nfk GOL 605 A,GOL,GOL,0.908091469137,0.908091469137,0.0,True,1,1.39999997616,0.889
3nfk GOL 1 A,GOL,GOL,0.534483330412,0.534483330412,0.0,True,1,1.39999997616,0.669
3nfe ACE 0 C,ACE,ACE,0.760463551578,0.760463551578,0.0,True,1,2.0,0.962
3nfe ACE 0 A,ACE,ACE,0.976566717018,0.976566717018,0.0,True,1,2.0,0.952
3nfb GOL 375 C,GOL,GOL,0.134056731889,0.134056731889,0.0,True,1,1.89999997616,0.903
3nfb GOL 375 A,GOL,GOL,0.0673112958616,0.0673112958616,0.0,True,1,1.89999997616,0.914
3nfb GOL 374 C,MLI,GOL,0.0985594006251,0.0790637503771,0.019495650248,False,2,1.89999997616,0.947
3nfb GOL 374 A,ADE,GOL,0.171602052028,0.029461430124,0.142140621904,False,5,1.89999997616,0.959
3nf9 EDO 213 A,GOL,EDO,0.520118617568,0.185771990834,0.334346626733,False,2,2.0,0.737
3nf7 EDO 216 A,EDO,EDO,0.595932060536,0.595932060536,0.0,True,1,1.79999995232,0.9
3nf7 EDO 214 B,EDO,EDO,0.637615865036,0.637615865036,0.0,True,1,1.79999995232,0.901
3nf6 EDO 213 B,EDO,EDO,0.376423601804,0.376423601804,0.0,True,1,1.89999997616,0.879
3nf6 EDO 213 A,EDO,EDO,0.255374461263,0.255374461263,0.0,True,1,1.89999997616,0.844
3nf5 GOL 1 A,EDO,GOL,0.425699712064,0.300507876088,0.125191835976,False,2,1.89999997616,0.854
3nex GOL 1 B,DMS,GOL,0.366013038177,0.105970429217,0.26004260896,False,2,1.70000004768,0.762
3nex GOL 1 A,GOL,GOL,0.663519170726,0.663519170726,0.0,True,1,1.70000004768,0.745
3nev EDO 8 D,SO4,EDO,0.275451325008,0.0285657953612,0.246885529647,False,6,2.20000004768,0.827
3nev EDO 6 D,EDO,EDO,0.31385707326,0.31385707326,0.0,True,1,2.20000004768,0.976
3nev EDO 4 B,EDO,EDO,0.864833994352,0.864833994352,0.0,True,1,2.20000004768,0.917
3nev EDO 3 B,EDO,EDO,0.494907357836,0.494907357836,0.0,True,1,2.20000004768,0.947
3nev EDO 2 A,EDO,EDO,0.769071982013,0.769071982013,0.0,True,1,2.20000004768,0.948
3nev EDO 1 C,EDO,EDO,0.581710807405,0.581710807405,0.0,True,1,2.20000004768,0.944
3nes GOL 126 B,EDO,GOL,0.697467160832,0.167367796022,0.53009936481,False,2,1.79999995232,0.857
3nek GOL 3 A,SO4,GOL,0.446544613685,0.0667305274034,0.379814086281,False,4,2.5,0.874
3nek GOL 2 B,SO4,GOL,0.372322639572,0.0889308491786,0.283391790393,False,4,2.5,0.851
3nek GOL 1 A,SO4,GOL,0.856328219571,0.0273509415603,0.828977278011,False,3,2.5,0.887
3nei GOL 500 B,GOL,GOL,0.486629670741,0.486629670741,0.0,True,1,2.5,0.906
3nee GOL 126 A,TRS,GOL,0.610660562566,0.0898809333567,0.520779629209,False,2,1.5,0.657
3nea EDO 514 A,SO4,EDO,0.449159022794,0.244328680186,0.204830342608,False,2,2.29999995232,0.899
3nea EDO 512 A,EDO,EDO,0.512048548972,0.512048548972,0.0,True,1,2.29999995232,0.852
3nea EDO 511 A,DMS,EDO,0.400601142387,0.0878291701549,0.312771972232,False,3,2.29999995232,0.945
3nea EDO 510 A,EDO,EDO,0.80973930314,0.80973930314,0.0,True,1,2.29999995232,0.936
3ne8 GOL 413 A,SO4,GOL,0.350732931434,0.102168617068,0.248564314366,False,3,1.20000004768,0.857
3ndv GOL 375 B,MLI,GOL,0.184886490549,0.084251840265,0.100634650284,False,2,1.70000004768,0.971
3ndv GOL 374 C,ADE,GOL,0.178031756808,0.0211913214291,0.156840435379,False,6,1.70000004768,0.977
3ndv GOL 374 B,BMA,GOL,0.0733292980403,0.0416830626236,0.0316462354167,False,3,1.70000004768,0.972
3ndv GOL 374 A,MLI,GOL,0.162851394833,0.161626237721,0.00122515711188,False,2,1.70000004768,0.961
3ndo GOL 230 A,GOL,GOL,0.861757159667,0.861757159667,0.0,True,1,1.29999995232,0.858
3ndo GOL 229 B,FUC,GOL,0.265698470597,0.159491214767,0.10620725583,False,2,1.29999995232,0.747
3ndo GOL 229 A,GOL,GOL,0.799520692025,0.799520692025,0.0,True,1,1.29999995232,0.877
3ndh PGE 219 B,PEG,PGE,0.369640569636,0.182845838632,0.186794731005,False,2,1.29999995232,0.778
3ndh PGE 219 A,EDO,PGE,0.38703950448,0.000351292803886,0.386688211676,False,200,1.29999995232,0.563
3nda 1PE 5002 B,PG4,1PE,0.832105828809,0.0306715241469,0.801434304662,False,3,1.79999995232,0.817
3ncu GDP 1 D,GDP,GDP,0.135297835436,0.135297835436,0.0,True,1,2.59999990463,0.97
3ncu GDP 1 C,HEM,GDP,0.0649761402386,0.0531067611376,0.0118693791009,False,2,2.59999990463,0.972
3ncj GOL 218 L,EDO,GOL,0.853051598746,0.0710015885971,0.782050010149,False,2,1.60000002384,0.789
3nc5 GOL 407 A,GOL,GOL,0.195950435723,0.195950435723,0.0,True,1,2.90000009537,0.94
3nc3 GOL 407 B,SO4,GOL,0.244392218458,0.167030379957,0.0773618385013,False,2,2.70000004768,0.926
3nc3 GOL 407 A,GOL,GOL,0.463616514799,0.463616514799,0.0,True,1,2.70000004768,0.87
3nc0 GTP 217 F,GNP_MG,GTP_MG,0.941205659697,0.0163374419381,0.924868217759,False,2,2.90000009537,0.968
3nc0 GTP 217 C,GNP_MG,GTP_MG,0.596486808295,0.0765451629994,0.519941645295,False,2,2.90000009537,0.967
3nc0 GOL 361 E,SO4,GOL,0.685533870216,0.0469319076318,0.638601962584,False,2,2.90000009537,0.907
3nc0 GOL 181 C,GOL,GOL,0.341660840598,0.341660840598,0.0,True,1,2.90000009537,0.761
3nc0 GOL 1073 A,SO4,GOL,0.370444013054,0.236480249161,0.133963763893,False,2,2.90000009537,0.865
3nbz GTP 217 F,GNP_MG,GTP_MG,0.751137933362,0.0362774673201,0.714860466042,False,3,2.79999995232,0.975
3nbz GTP 217 C,GNP_MG,GTP_MG,0.973317803494,0.0116163291527,0.961701474341,False,2,2.79999995232,0.968
3nby GTP 217 F,GNP_MG,GTP_MG,0.764689322392,0.0674927301365,0.697196592255,False,2,2.90000009537,0.957
3nby GTP 217 C,ADP_MG,GTP_MG,0.182542299672,0.0289956529474,0.153546646725,False,7,2.90000009537,0.938
3nbt PGE 1012 F,GOL,PGE,0.491987231049,0.00781890421384,0.484168326835,False,6,2.09999990463,0.88
3nbt PGE 1010 D,PEG,PGE,0.356877555438,0.0450220169812,0.311855538457,False,4,2.09999990463,0.909
3nbt PG4 1006 D,1PE,PG4,0.480895205245,0.228743254029,0.252151951216,False,2,2.09999990463,0.895
3nbt PG4 1005 C,1PE,PG4,0.423665585803,0.147558559816,0.276107025987,False,3,2.09999990463,0.893
3nbt PG4 1004 B,1PE,PG4,0.218690724461,0.155797916203,0.0628928082579,False,2,2.09999990463,0.912
3nbt PG4 1003 F,1PE,PG4,0.37679672357,0.091220320675,0.285576402895,False,4,2.09999990463,0.902
3nbt PG4 1002 E,1PE,PG4,0.705362646205,0.0369128419815,0.668449804224,False,3,2.09999990463,0.88
3nbt PG4 1001 A,1PE,PG4,0.328757774245,0.23833668665,0.0904210875947,False,2,2.09999990463,0.873
3nbm GOL 1 A,GOL,GOL,0.375272988053,0.375272988053,0.0,True,1,1.29999995232,0.946
3nb9 EDO 401 A,EDO,EDO,0.441548046716,0.441548046716,0.0,True,1,1.5,0.876
3nb8 EDO 412 A,ACT,EDO,0.397417398771,0.0913626682171,0.306054730554,False,3,1.29999995232,0.738
3nb5 GOL 303 A,GOL,GOL,0.789027860982,0.789027860982,0.0,True,1,1.79999995232,0.969
3nb5 GOL 302 A,GOL,GOL,0.348674878671,0.348674878671,0.0,True,1,1.79999995232,0.899
3nb2 MES 783 D,EPE,MES,0.36115838322,0.256511087135,0.104647296086,False,2,2.09999990463,0.943
3nb2 MES 4 D,MES,MES,0.808910856931,0.808910856931,0.0,True,1,2.09999990463,0.974
3nb2 MES 3 A,MES,MES,0.66510149887,0.66510149887,0.0,True,1,2.09999990463,0.97
3nb2 MES 2 C,MES,MES,0.942493472186,0.942493472186,0.0,True,1,2.09999990463,0.967
3nb2 MES 1 C,MES,MES,0.81861022947,0.81861022947,0.0,True,1,2.09999990463,0.972
3nb2 GOL 9 D,GOL,GOL,0.348722002977,0.348722002977,0.0,True,1,2.09999990463,0.898
3nb2 GOL 8 B,GOL,GOL,0.400989727909,0.400989727909,0.0,True,1,2.09999990463,0.918
3nb2 GOL 7 A,GOL,GOL,0.670187725534,0.670187725534,0.0,True,1,2.09999990463,0.885
3nb2 GOL 6 B,GOL,GOL,0.516735953509,0.516735953509,0.0,True,1,2.09999990463,0.906
3nb2 GOL 5 D,GOL,GOL,0.478005214482,0.478005214482,0.0,True,1,2.09999990463,0.878
3nb2 GOL 4 A,GOL,GOL,0.471552919828,0.471552919828,0.0,True,1,2.09999990463,0.937
3nb2 GOL 3 B,GOL,GOL,0.596689445765,0.596689445765,0.0,True,1,2.09999990463,0.873
3nb2 GOL 29 C,GOL,GOL,0.628984360175,0.628984360175,0.0,True,1,2.09999990463,0.88
3nb2 GOL 25 A,GOL,GOL,0.48247867448,0.48247867448,0.0,True,1,2.09999990463,0.836
3nb2 GOL 19 A,GOL,GOL,0.648151164998,0.648151164998,0.0,True,1,2.09999990463,0.916
3nb2 GOL 17 C,EDO,GOL,0.636088092584,0.0359812280873,0.600106864496,False,3,2.09999990463,0.896
3nb2 GOL 16 A,EDO,GOL,0.499378288372,0.0944188733814,0.404959414991,False,3,2.09999990463,0.898
3nb2 GOL 15 A,GOL,GOL,0.487067102683,0.487067102683,0.0,True,1,2.09999990463,0.91
3nb2 GOL 13 A,GOL,GOL,0.827901007055,0.827901007055,0.0,True,1,2.09999990463,0.916
3nb2 GOL 12 A,GOL,GOL,0.38539668309,0.38539668309,0.0,True,1,2.09999990463,0.938
3nb2 GOL 10 B,GOL,GOL,0.337132850795,0.337132850795,0.0,True,1,2.09999990463,0.948
3nay SEP 241 B,SO4,SEP,0.374720526704,0.00165081795579,0.373069708748,False,21,2.59999990463,0.826
3nay SEP 241 A,SO4,SEP,0.0931180058907,0.0058404970973,0.0872775087934,False,31,2.59999990463,0.828
3naw MES 1 B,SO4,MES,0.232307280778,0.00686530758994,0.225441973188,False,16,2.29999995232,0.891
3naw GOL 9 B,GOL,GOL,0.347965938991,0.347965938991,0.0,True,1,2.29999995232,0.893
3naw GOL 8 A,GOL,GOL,0.230093297958,0.230093297958,0.0,True,1,2.29999995232,0.828
3naw GOL 783 B,GOL,GOL,0.319777204268,0.319777204268,0.0,True,1,2.29999995232,0.846
3naw GOL 7 A,GOL,GOL,0.443848154061,0.443848154061,0.0,True,1,2.29999995232,0.77
3naw GOL 6 B,SO4,GOL,0.593829320763,0.119494551472,0.474334769291,False,2,2.29999995232,0.846
3naw GOL 3 B,GOL,GOL,0.436005067979,0.436005067979,0.0,True,1,2.29999995232,0.94
3nav EDO 601 A,NAG,EDO,0.235779423715,0.00359449948779,0.232184924227,False,43,2.09999990463,0.847
3nak SEP 198 A,MLY,SEP,0.834422648951,0.00131730725198,0.833105341699,False,19,3.29999995232,0.83
3nak NAG 602 B,GOL,NAG,0.156901947728,0.138278925059,0.0186230226684,False,3,3.29999995232,0.874
3nak NAG 602 A,C8E,NAG,0.209452662632,0.0497065075271,0.159746155105,False,2,3.29999995232,0.895
3nak NAG 600 B,SO4,NAG,0.350148250683,0.00366188574469,0.346486364938,False,14,3.29999995232,0.746
3nak NAG 599 B,SO4,NAG,0.111814935049,0.032421268025,0.0793936670245,False,7,3.29999995232,0.879
3nak NAG 599 A,NAG,NAG,0.865776740541,0.865776740541,0.0,True,1,3.29999995232,0.918
3nai GOL 528 A,GOL,GOL,0.206805442793,0.206805442793,0.0,True,1,2.59999990463,0.907
3nai GOL 2 C,EDO,GOL,0.344616109128,0.307272367341,0.0373437417876,False,2,2.59999990463,0.896
3nac GOL 224 H,GOL,GOL,0.533243595479,0.533243595479,0.0,True,1,1.79999995232,0.949
3nac GOL 218 L,GOL,GOL,0.721153795346,0.721153795346,0.0,True,1,1.79999995232,0.825
3naa GOL 217 L,GOL,GOL,0.96209898839,0.96209898839,0.0,True,1,1.70000004768,0.854
3na9 GOL 225 H,GOL,GOL,0.874619702863,0.874619702863,0.0,True,1,1.70000004768,0.977
3na9 GOL 224 H,GOL,GOL,0.845283822766,0.845283822766,0.0,True,1,1.70000004768,0.845
3n9x GOL 435 B,GOL,GOL,0.508547162069,0.508547162069,0.0,True,1,2.09999990463,0.78
3n9x GOL 435 A,EDO,GOL,0.301385438283,0.238907257881,0.0624781804014,False,3,2.09999990463,0.765
3n9x GOL 434 B,GOL,GOL,0.84962439765,0.84962439765,0.0,True,1,2.09999990463,0.949
3n9x GOL 433 B,GOL,GOL,0.872940907337,0.872940907337,0.0,True,1,2.09999990463,0.944
3n9w PGO 3002 A,MLY,PGO,0.187652331754,0.00228391509621,0.185368416658,False,57,1.89999997616,0.868
3n9v GOL 65 A,SO4,GOL,0.527433157047,0.264142805328,0.263290351719,False,2,2.70000004768,0.901
3n9u GOL 229 B,GOL,GOL,0.799125766646,0.799125766646,0.0,True,1,1.89999997616,0.81
3n9u GOL 228 B,GOL,GOL,0.66910984242,0.66910984242,0.0,True,1,1.89999997616,0.915
3n9u GOL 228 A,GOL,GOL,0.97106241159,0.97106241159,0.0,True,1,1.89999997616,0.929
3n9s TD4 311 B,5CM,ZN,0.194784360378,0.00558617719018,0.189198183188,False,23,1.89999997616,0.968
3n9q MLY 27 C,GOL,MLY,0.417719488119,0.00107614012974,0.416643347989,False,23,2.29999995232,0.868
3n9p MLY 27 C,GOL,MLY,0.197580851553,0.089953699767,0.107627151786,False,3,2.40000009537,0.927
3n9o MLY 9 C,GOL,MLY,0.246589870792,0.0202918224743,0.226298048318,False,6,2.29999995232,0.913
3n9j MES 220 A,SO4,MES,0.300795688243,0.026152084446,0.274643603797,False,6,1.89999997616,0.942
3n9j MES 212 B,MES,MES,0.959386735284,0.959386735284,0.0,True,1,1.89999997616,0.948
3n9i GOL 1001 A,GOL,GOL,0.613771704025,0.613771704025,0.0,True,1,2.0,0.714
3n98 PG4 572 A,PG4,PG4,0.42585098363,0.42585098363,0.0,True,1,1.89999997616,0.889
3n98 GOL 568 A,GOL,GOL,0.566305607309,0.566305607309,0.0,True,1,1.89999997616,0.933
3n98 GOL 567 A,EDO,GOL,0.397042632444,0.303990824819,0.0930518076246,False,2,1.89999997616,0.931
3n98 GOL 566 A,GOL,GOL,0.543150861031,0.543150861031,0.0,True,1,1.89999997616,0.898
3n96 MAL 111 D,MAL,MAL,0.890435022619,0.890435022619,0.0,True,1,2.70000004768,0.952
3n96 MAL 111 C,MAL,MAL,0.60479525916,0.60479525916,0.0,True,1,2.70000004768,0.943
3n96 MAL 111 B,MAL,MAL,0.382728760802,0.382728760802,0.0,True,1,2.70000004768,0.945
3n96 MAL 111 A,MAL,MAL,0.909922776705,0.909922776705,0.0,True,1,2.70000004768,0.959
3n95 MAL 111 D,MAL,MAL,0.639594304508,0.639594304508,0.0,True,1,2.70000004768,0.953
3n95 MAL 111 C,MAL,MAL,0.137847344517,0.137847344517,0.0,True,1,2.70000004768,0.95
3n95 MAL 111 B,MAL,MAL,0.970305183458,0.970305183458,0.0,True,1,2.70000004768,0.955
3n95 MAL 111 A,MAL,MAL,0.980156770463,0.980156770463,0.0,True,1,2.70000004768,0.962
3n94 MAL 5044 A,MAL,MAL,0.97224632613,0.97224632613,0.0,True,1,1.79999995232,0.968
3n93 MAL 111 B,MAL,MAL,0.990533446694,0.990533446694,0.0,True,1,2.5,0.962
3n93 MAL 111 A,MAL,MAL,0.989039995074,0.989039995074,0.0,True,1,2.5,0.963
3n93 GOL 3968 B,GOL,GOL,0.589708378256,0.589708378256,0.0,True,1,2.5,0.952
3n8z NAG 681 B,NAG_NAG,NAG_NAG,0.806703879937,0.806703879937,0.0,True,1,2.90000009537,0.915
3n8z NAG 681 A,NAG_NAG,NAG_NAG,0.852747696487,0.852747696487,0.0,True,1,2.90000009537,0.885
3n8z NAG 671 A,NAG_NAG,NAG_NAG,0.609613647084,0.609613647084,0.0,True,1,2.90000009537,0.947
3n8y BMA 684 A,SO4,BMA,0.203830106662,0.0429356126938,0.160894493968,False,7,2.59999990463,0.719
3n8y BMA 1684 B,NAG,BMA,0.22151245757,0.136049037226,0.0854634203441,False,2,2.59999990463,0.815
3n8y BMA 1674 B,NAG,BMA,0.182604215863,0.0415975003121,0.14100671555,False,7,2.59999990463,0.844
3n8x NAG 681 A,NAG,NAG,0.984324826907,0.984324826907,0.0,True,1,2.79999995232,0.954
3n8x NAG 661 A,NAG_NAG,NAG_NAG,0.815660699261,0.815660699261,0.0,True,1,2.79999995232,0.94
3n8x NAG 1681 B,NAG_NAG,NAG_NAG,0.95978466742,0.95978466742,0.0,True,1,2.79999995232,0.973
3n8x NAG 1671 B,NAG_NAG,NAG_NAG,0.937852551759,0.937852551759,0.0,True,1,2.79999995232,0.978
3n8x NAG 1661 B,NAG,NAG,0.956237900688,0.956237900688,0.0,True,1,2.79999995232,0.949
3n8w NAG 682 A,GAL_SIA,NAG_NAG,0.365000725346,0.335620773252,0.0293799520942,False,2,2.70000004768,0.933
3n8v NAG 681 A,NAG_NAG,NAG_NAG,0.861645969496,0.861645969496,0.0,True,1,3.09999990463,0.983
3n8v GOL 851 B,GOL,GOL,0.127100457039,0.127100457039,0.0,True,1,3.09999990463,0.911
3n8u EDO 12 A,EDO,EDO,0.558792089022,0.558792089022,0.0,True,1,1.39999997616,0.889
3n8m PTR 2 B,PTR,PTR,0.325290396491,0.325290396491,0.0,True,1,1.89999997616,0.963
3n8g ACP 1001 A,ATP,ACP,0.302080562128,0.015210969272,0.286869592856,False,10,2.59999990463,0.985
3n8f SEP 198 B,SO4,SEP,0.55126649204,0.00170630784478,0.549560184196,False,26,3.29999995232,0.893
3n8f NAG 605 B,NAG,NAG,0.8211719844,0.8211719844,0.0,True,1,3.29999995232,0.852
3n8f NAG 602 B,NAG,NAG,0.891327005504,0.891327005504,0.0,True,1,3.29999995232,0.934
3n8f NAG 602 A,NAG,NAG,0.899110152397,0.899110152397,0.0,True,1,3.29999995232,0.93
3n8f NAG 599 B,NAG,NAG,0.632542236749,0.632542236749,0.0,True,1,3.29999995232,0.915
3n8f NAG 599 A,NAG,NAG,0.985438928718,0.985438928718,0.0,True,1,3.29999995232,0.909
3n8b EDO 1 A,ACT,EDO,0.543791355045,0.0711837808981,0.472607574147,False,4,1.89999997616,0.89
3n85 NAG 1165 A,FUC_NAG_NAG,FUC_NAG_NAG,0.480762233634,0.480762233634,0.0,True,1,3.20000004768,0.886
3n84 GOL 1 E,ACT,GOL,0.359396946975,0.134911972407,0.224484974569,False,3,1.70000004768,0.758
3n83 EDO 944 D,EDO,EDO,0.23396114231,0.23396114231,0.0,True,1,1.89999997616,0.907
3n83 EDO 928 H,SO4,EDO,0.342406395307,0.169505186934,0.172901208373,False,3,1.89999997616,0.839
3n83 EDO 927 G,EDO,EDO,0.630432912756,0.630432912756,0.0,True,1,1.89999997616,0.953
3n83 EDO 926 F,EDO,EDO,0.703531613568,0.703531613568,0.0,True,1,1.89999997616,0.9
3n83 EDO 923 C,SO4,EDO,0.301442811975,0.0767000008756,0.2247428111,False,3,1.89999997616,0.909
3n83 EDO 916 F,EDO,EDO,0.489982378594,0.489982378594,0.0,True,1,1.89999997616,0.966
3n83 EDO 915 E,EDO,EDO,0.537339911456,0.537339911456,0.0,True,1,1.89999997616,0.928
3n83 EDO 913 C,EDO,EDO,0.57947831293,0.57947831293,0.0,True,1,1.89999997616,0.922
3n83 EDO 912 B,EDO,EDO,0.924292727156,0.924292727156,0.0,True,1,1.89999997616,0.909
3n83 EDO 911 A,EDO,EDO,0.966766124627,0.966766124627,0.0,True,1,1.89999997616,0.856
3n83 EDO 908 H,EDO,EDO,0.811204027908,0.811204027908,0.0,True,1,1.89999997616,0.954
3n83 EDO 907 G,EDO,EDO,0.605448173963,0.605448173963,0.0,True,1,1.89999997616,0.957
3n83 EDO 906 F,GOL,EDO,0.406094754704,0.333078367463,0.0730163872404,False,2,1.89999997616,0.955
3n83 EDO 905 E,EDO,EDO,0.730558861753,0.730558861753,0.0,True,1,1.89999997616,0.903
3n83 EDO 904 D,EDO,EDO,0.863690354964,0.863690354964,0.0,True,1,1.89999997616,0.915
3n83 EDO 903 C,EDO,EDO,0.873301635247,0.873301635247,0.0,True,1,1.89999997616,0.941
3n83 EDO 902 B,EDO,EDO,0.853591096024,0.853591096024,0.0,True,1,1.89999997616,0.957
3n83 EDO 901 A,ACE,EDO,0.358336669019,0.0908499445332,0.267486724486,False,3,1.89999997616,0.916
3n82 EDO 946 F,GOL,EDO,0.562705628873,0.171971057327,0.390734571546,False,2,2.29999995232,0.735
3n82 EDO 944 D,SO4,EDO,0.462639876123,0.160589090059,0.302050786064,False,2,2.29999995232,0.928
3n82 EDO 928 H,SO4,EDO,0.37139524949,0.0627870705151,0.308608178975,False,4,2.29999995232,0.923
3n82 EDO 927 G,DMS,EDO,0.529304709913,0.0999649719037,0.429339738009,False,3,2.29999995232,0.835
3n82 EDO 926 F,EDO,EDO,0.399155443155,0.399155443155,0.0,True,1,2.29999995232,0.873
3n82 EDO 925 E,SO4,EDO,0.216342836288,0.213647812799,0.0026950234896,False,2,2.29999995232,0.817
3n82 EDO 921 A,SO4,EDO,0.222119448002,0.0801121385509,0.142007309451,False,4,2.29999995232,0.929
3n82 EDO 916 F,GOL,EDO,0.300054434024,0.27551863794,0.0245357960841,False,2,2.29999995232,0.923
3n82 EDO 915 E,EDO,EDO,0.670065892722,0.670065892722,0.0,True,1,2.29999995232,0.928
3n82 EDO 913 C,EDO,EDO,0.640882977084,0.640882977084,0.0,True,1,2.29999995232,0.976
3n82 EDO 912 B,EDO,EDO,0.763231994367,0.763231994367,0.0,True,1,2.29999995232,0.952
3n82 EDO 911 A,EDO,EDO,0.833145155696,0.833145155696,0.0,True,1,2.29999995232,0.95
3n82 EDO 908 H,EDO,EDO,0.689690814276,0.689690814276,0.0,True,1,2.29999995232,0.951
3n82 EDO 907 G,SO4,EDO,0.175941146953,0.0942461861459,0.0816949608073,False,3,2.29999995232,0.926
3n82 EDO 906 F,DMS,EDO,0.478334051682,0.139181875664,0.339152176018,False,2,2.29999995232,0.964
3n82 EDO 905 E,EDO,EDO,0.551463353805,0.551463353805,0.0,True,1,2.29999995232,0.963
3n82 EDO 904 D,EDO,EDO,0.822597816181,0.822597816181,0.0,True,1,2.29999995232,0.978
3n82 EDO 903 C,EDO,EDO,0.603811300398,0.603811300398,0.0,True,1,2.29999995232,0.945
3n82 EDO 902 B,DMS,EDO,0.22997358277,0.121788500862,0.108185081907,False,3,2.29999995232,0.952
3n82 EDO 901 A,EDO,EDO,0.601750019701,0.601750019701,0.0,True,1,2.29999995232,0.954
3n81 EDO 948 H,GOL,EDO,0.545206499081,0.294746173929,0.250460325152,False,2,1.70000004768,0.915
3n81 EDO 946 F,EDO,EDO,0.765551982473,0.765551982473,0.0,True,1,1.70000004768,0.917
3n81 EDO 944 D,EDO,EDO,0.708870508307,0.708870508307,0.0,True,1,1.70000004768,0.923
3n81 EDO 941 A,GOL,EDO,0.663267529663,0.23713323641,0.426134293253,False,2,1.70000004768,0.914
3n81 EDO 928 H,SO4,EDO,0.714265049314,0.00477799243282,0.709487056881,False,8,1.70000004768,0.854
3n81 EDO 926 F,EDO,EDO,0.764871511141,0.764871511141,0.0,True,1,1.70000004768,0.927
3n81 EDO 925 E,EDO,EDO,0.286627078561,0.286627078561,0.0,True,1,1.70000004768,0.771
3n81 EDO 923 C,EDO,EDO,0.806726739462,0.806726739462,0.0,True,1,1.70000004768,0.816
3n81 EDO 921 A,SO4,EDO,0.197004206974,0.155050116595,0.0419540903791,False,2,1.70000004768,0.845
3n81 EDO 917 G,EDO,EDO,0.839339987305,0.839339987305,0.0,True,1,1.70000004768,0.918
3n81 EDO 916 F,EDO,EDO,0.657591767443,0.657591767443,0.0,True,1,1.70000004768,0.968
3n81 EDO 913 C,EDO,EDO,0.542507438852,0.542507438852,0.0,True,1,1.70000004768,0.954
3n81 EDO 912 B,EDO,EDO,0.654788420693,0.654788420693,0.0,True,1,1.70000004768,0.89
3n81 EDO 908 H,EDO,EDO,0.616072026674,0.616072026674,0.0,True,1,1.70000004768,0.964
3n81 EDO 907 G,EDO,EDO,0.864375166529,0.864375166529,0.0,True,1,1.70000004768,0.954
3n81 EDO 906 F,EDO,EDO,0.669797993665,0.669797993665,0.0,True,1,1.70000004768,0.962
3n81 EDO 905 E,EDO,EDO,0.514574501779,0.514574501779,0.0,True,1,1.70000004768,0.948
3n81 EDO 904 D,EDO,EDO,0.728729994698,0.728729994698,0.0,True,1,1.70000004768,0.961
3n81 EDO 903 C,EDO,EDO,0.816312281167,0.816312281167,0.0,True,1,1.70000004768,0.943
3n81 EDO 902 B,EDO,EDO,0.856629308424,0.856629308424,0.0,True,1,1.70000004768,0.935
3n81 EDO 901 A,EDO,EDO,0.708160468832,0.708160468832,0.0,True,1,1.70000004768,0.954
3n80 EDO 966 F,EDO,EDO,0.939166545269,0.939166545269,0.0,True,1,1.5,0.938
3n80 EDO 963 C,EDO,EDO,0.717692690739,0.717692690739,0.0,True,1,1.5,0.909
3n80 EDO 956 F,EDO,EDO,0.563176296826,0.563176296826,0.0,True,1,1.5,0.959
3n80 EDO 948 H,EDO,EDO,0.333649760311,0.333649760311,0.0,True,1,1.5,0.945
3n80 EDO 946 F,EDO,EDO,0.419122107188,0.419122107188,0.0,True,1,1.5,0.952
3n80 EDO 944 D,EDO,EDO,0.582760013404,0.582760013404,0.0,True,1,1.5,0.944
3n80 EDO 942 B,EDO,EDO,0.589247603411,0.589247603411,0.0,True,1,1.5,0.935
3n80 EDO 941 A,EDO,EDO,0.426551755823,0.426551755823,0.0,True,1,1.5,0.964
3n80 EDO 928 H,EDO,EDO,0.368936982998,0.368936982998,0.0,True,1,1.5,0.87
3n80 EDO 926 F,EDO,EDO,0.875928775423,0.875928775423,0.0,True,1,1.5,0.941
3n80 EDO 925 E,EDO,EDO,0.465953192537,0.465953192537,0.0,True,1,1.5,0.817
3n80 EDO 923 C,EDO,EDO,0.505538390342,0.505538390342,0.0,True,1,1.5,0.945
3n80 EDO 921 A,GOL,EDO,0.264068486515,0.0894807669349,0.17458771958,False,4,1.5,0.917
3n80 EDO 916 F,EDO,EDO,0.90731551004,0.90731551004,0.0,True,1,1.5,0.967
3n80 EDO 914 D,GOL,EDO,0.958625405974,0.0101711098166,0.948454296158,False,2,1.5,0.936
3n80 EDO 913 C,EDO,EDO,0.844795997713,0.844795997713,0.0,True,1,1.5,0.972
3n80 EDO 912 B,EDO,EDO,0.81823989963,0.81823989963,0.0,True,1,1.5,0.917
3n80 EDO 911 A,EDO,EDO,0.752938814541,0.752938814541,0.0,True,1,1.5,0.903
3n80 EDO 908 H,EDO,EDO,0.97108537202,0.97108537202,0.0,True,1,1.5,0.97
3n80 EDO 907 G,EDO,EDO,0.969902038301,0.969902038301,0.0,True,1,1.5,0.965
3n80 EDO 906 F,EDO,EDO,0.988713141397,0.988713141397,0.0,True,1,1.5,0.961
3n80 EDO 905 E,EDO,EDO,0.982775261134,0.982775261134,0.0,True,1,1.5,0.97
3n80 EDO 904 D,EDO,EDO,0.945662737738,0.945662737738,0.0,True,1,1.5,0.971
3n7u GOL 9 G,GOL,GOL,0.772802004194,0.772802004194,0.0,True,1,2.0,0.931
3n7u GOL 18 D,GOL,GOL,0.734404288421,0.734404288421,0.0,True,1,2.0,0.923
3n7u GOL 17 C,GOL,GOL,0.573899805644,0.573899805644,0.0,True,1,2.0,0.869
3n7u GOL 16 B,SO4,GOL,0.482542110375,0.0322092542785,0.450332856097,False,5,2.0,0.903
3n7u GOL 15 K,IPA,GOL,0.17640715658,0.175454136579,0.00095302000074,False,2,2.0,0.923
3n7u GOL 14 K,GOL,GOL,0.979643413795,0.979643413795,0.0,True,1,2.0,0.972
3n7u GOL 13 I,EDO,GOL,0.534835998403,0.25635806905,0.278477929352,False,2,2.0,0.903
3n7u GOL 12 H,GOL,GOL,0.977697103388,0.977697103388,0.0,True,1,2.0,0.969
3n7u GOL 11 D,GOL,GOL,0.290881565593,0.290881565593,0.0,True,1,2.0,0.738
3n7u GOL 10 C,SO4,GOL,0.378526621308,0.203089163739,0.17543745757,False,3,2.0,0.917
3n7o NAG 247 A,NAG,NAG,0.986602296494,0.986602296494,0.0,True,1,1.79999995232,0.892
3n7o NAG 246 A,NAG_NAG,NAG_NAG,0.49370007054,0.49370007054,0.0,True,1,1.79999995232,0.963
3n7m GOL 1302 A,SO4,GOL,0.416726258361,0.387532221229,0.0291940371328,False,2,2.59999990463,0.853
3n7l GOL 1406 A,GOL,GOL,0.559830776221,0.559830776221,0.0,True,1,2.0,0.827
3n7l GOL 1405 A,GOL,GOL,0.420660723021,0.420660723021,0.0,True,1,2.0,0.693
3n7l GOL 1404 A,GOL,GOL,0.674955692498,0.674955692498,0.0,True,1,2.0,0.828
3n7l GOL 1402 A,GOL,GOL,0.949098116583,0.949098116583,0.0,True,1,2.0,0.942
3n7l GOL 1401 A,GOL,GOL,0.635925889603,0.635925889603,0.0,True,1,2.0,0.865
3n7a GOL 147 T,GOL,GOL,0.857675983478,0.857675983478,0.0,True,1,2.0,0.955
3n7a GOL 147 Q,GOL,GOL,0.238842709201,0.238842709201,0.0,True,1,2.0,0.936
3n7a GOL 147 P,GOL,GOL,0.576021051727,0.576021051727,0.0,True,1,2.0,0.898
3n7a GOL 147 O,EDO,GOL,0.696095345459,0.203243219348,0.492852126111,False,2,2.0,0.85
3n7a GOL 147 H,GOL,GOL,0.190558854752,0.190558854752,0.0,True,1,2.0,0.895
3n7a GOL 147 G,PEG,GOL,0.182234026843,0.138689466876,0.0435445599667,False,3,2.0,0.96
3n7a GOL 147 B,EDO,GOL,0.278742544386,0.255181216668,0.023561327718,False,2,2.0,0.953
3n75 GOL 718 E,C8E,GOL,0.222857319556,0.0709973814142,0.151859938142,False,4,2.0,0.742
3n75 GOL 718 D,PGE,GOL,0.233220122801,0.0546756684253,0.178544454376,False,4,2.0,0.795
3n75 GOL 718 C,PEG,GOL,0.259159403122,0.0619655126062,0.197193890515,False,3,2.0,0.632
3n75 GOL 718 B,PEG,GOL,0.279481628336,0.120605039003,0.158876589333,False,3,2.0,0.755
3n75 GOL 718 A,PGE,GOL,0.191721227974,0.0333178205513,0.158403407422,False,6,2.0,0.75
3n71 SFG 491 A,SAH,SFG,0.516792070887,0.0185325089768,0.498259561911,False,6,2.29999995232,0.912
3n71 MES 492 A,NAG,MES,0.488771864757,0.120972829681,0.367799035076,False,2,2.29999995232,0.938
3n71 GOL 493 A,GOL,GOL,0.623928862687,0.623928862687,0.0,True,1,2.29999995232,0.888
3n6y PG4 2 A,P6G,PG4,0.339536042513,0.0896164225678,0.249919619946,False,4,1.5,0.871
3n6x GOL 497 A,SO4,GOL,0.278525133426,0.137148045618,0.141377087808,False,3,2.40000009537,0.616
3n6x GOL 494 A,GOL,GOL,0.812020245849,0.812020245849,0.0,True,1,2.40000009537,0.883
3n6x GOL 493 A,SO4,GOL,0.371755617266,0.050883973224,0.320871644042,False,5,2.40000009537,0.787
3n6x GOL 492 A,SO4,GOL,0.31776373159,0.24664412971,0.0711196018805,False,2,2.40000009537,0.851
3n6x GOL 491 A,EDO,GOL,0.45807289797,0.125182418936,0.332890479034,False,2,2.40000009537,0.826
3n6x GOL 489 A,EDO,GOL,0.751913432273,0.00831175452164,0.743601677751,False,6,2.40000009537,0.629
3n6x GOL 488 A,EDO,GOL,0.597678302941,0.186876676932,0.410801626009,False,2,2.40000009537,0.904
3n6x GOL 487 A,GOL,GOL,0.447714027272,0.447714027272,0.0,True,1,2.40000009537,0.866
3n6x GOL 484 A,GOL,GOL,0.485888205896,0.485888205896,0.0,True,1,2.40000009537,0.696
3n6x GOL 482 A,GOL,GOL,0.38583505134,0.38583505134,0.0,True,1,2.40000009537,0.788
3n6x GOL 481 A,EDO,GOL,0.577667001166,0.171957062065,0.405709939101,False,2,2.40000009537,0.883
3n6x GOL 480 A,GOL,GOL,0.432184849831,0.432184849831,0.0,True,1,2.40000009537,0.665
3n6g H4B 600 B,H4B,H4B,0.998726852499,0.998726852499,0.0,True,1,2.20000004768,0.972
3n6g GOL 880 A,GOL,GOL,0.3366714225,0.3366714225,0.0,True,1,2.20000004768,0.873
3n6f GOL 880 B,SO4,GOL,0.403463440892,0.0725525335519,0.33091090734,False,4,2.20000004768,0.84
3n6f GOL 880 A,GOL,GOL,0.648081670976,0.648081670976,0.0,True,1,2.20000004768,0.832
3n6e H4B 600 B,H4B,H4B,0.991051226016,0.991051226016,0.0,True,1,2.20000004768,0.971
3n6e GOL 880 B,EDO,GOL,0.333080959212,0.198682645176,0.134398314036,False,2,2.20000004768,0.919
3n6e GOL 880 A,SO4,GOL,0.473325092436,0.179768838778,0.293556253659,False,2,2.20000004768,0.864
3n6d H4B 600 A,SO4,H4B,0.0865222892876,0.00485643726754,0.0816658520201,False,42,3.09999990463,0.87
3n6c H4B 600 B,PO4,H4B,0.0684186364692,0.00452419087876,0.0638944455905,False,43,3.09999990463,0.906
3n6c H4B 600 A,SO4,H4B,0.175026585158,0.00111476914642,0.173911816011,False,88,3.09999990463,0.884
3n6c ACT 860 A,GOL,ACT,0.399885566051,0.0210378268777,0.378847739173,False,9,3.09999990463,0.871
3n6b H4B 600 B,NAG,H4B,0.0427795639258,0.021026168583,0.0217533953428,False,8,3.09999990463,0.892
3n6b H4B 600 A,H4B,H4B,0.10852811618,0.10852811618,0.0,True,1,3.09999990463,0.952
3n6a H4B 600 B,H4B,H4B,0.482619409505,0.482619409505,0.0,True,1,2.5,0.975
3n6a ACT 860 B,SO4,ACT,0.5149048698,0.0869368224095,0.427968047391,False,2,2.5,0.943
3n6a ACT 860 A,SO4,ACT,0.478570986615,0.102187498252,0.376383488363,False,3,2.5,0.929
3n69 ACT 860 B,SO4,ACT,0.247973571841,0.0298713774952,0.218102194346,False,5,2.59999990463,0.952
3n69 ACT 860 A,SO4,ACT,0.582340424067,0.0366111018493,0.545729322218,False,5,2.59999990463,0.954
3n68 GOL 880 A,SO4,GOL,0.435463425103,0.23698754051,0.198475884593,False,2,2.5,0.886
3n68 ACT 860 A,SO4,ACT,0.323594257032,0.0797941095012,0.243800147531,False,4,2.5,0.887
3n68 ACT 850 A,PO4,ACT,0.181717755015,0.180754585553,0.000963169462112,False,2,2.5,0.94
3n67 ACT 860 B,SO4,ACT,0.72926500957,0.00977261846623,0.719492391103,False,6,2.79999995232,0.941
3n67 ACT 860 A,SO4,ACT,0.610149839063,0.01442806494,0.595721774123,False,6,2.79999995232,0.955
3n66 ACT 860 B,EDO,ACT,0.580374497308,0.0229391106459,0.557435386662,False,5,1.79999995232,0.888
3n65 ACT 860 B,SO4,ACT,0.28793132474,0.176413313285,0.111518011456,False,3,1.79999995232,0.949
3n64 ACT 860 B,SO4,ACT,0.394086396581,0.0981012609378,0.295985135643,False,3,1.89999997616,0.898
3n63 ACT 860 B,SO4,ACT,0.36917852164,0.212788756419,0.15638976522,False,2,2.0,0.94
3n62 ACT 860 B,SO4,ACT,0.502548451544,0.101907477728,0.400640973817,False,3,1.89999997616,0.957
3n61 ACT 860 B,ACT,ACT,0.252216563998,0.252216563998,0.0,True,1,2.0,0.876
3n60 ACT 860 B,EDO,ACT,0.252660171272,0.16394738479,0.0887127864812,False,2,2.0,0.873
3n5z ACT 860 B,SO4,ACT,0.392123095028,0.339448042201,0.0526750528263,False,2,2.20000004768,0.937
3n5z ACT 860 A,SO4,ACT,0.796732983952,0.0418457705992,0.754887213353,False,3,2.20000004768,0.934
3n5y HEM 750 A,H4B_HEM,H4B_HEM,0.968684048774,0.968684048774,0.0,True,1,2.09999990463,0.97
3n5y ACT 860 B,SO4,ACT,0.540887601137,0.0678526605951,0.473034940541,False,3,2.09999990463,0.971
3n5y ACT 860 A,SO4,ACT,0.351044586255,0.322900369459,0.0281442167954,False,2,2.09999990463,0.956
3n5x ACT 860 B,SO4,ACT,0.331420007339,0.238974483938,0.0924455234009,False,2,1.79999995232,0.954
3n5w ACT 860 B,ACT,ACT,0.263387438488,0.263387438488,0.0,True,1,1.70000004768,0.959
3n5w ACT 860 A,ACT,ACT,0.528260535832,0.528260535832,0.0,True,1,1.70000004768,0.932
3n5v ACT 860 B,EDO,ACT,0.271916343398,0.0753805384069,0.196535804992,False,3,2.29999995232,0.911
3n5v ACT 860 A,GOL,ACT,0.340192267178,0.111706534134,0.228485733044,False,3,2.29999995232,0.894
3n5t HEM 500 A,H4B_HEM,H4B_HEM,0.953264614286,0.953264614286,0.0,True,1,2.5,0.979
3n5t GOL 880 A,GOL,GOL,0.277176374118,0.277176374118,0.0,True,1,2.5,0.806
3n5t ACT 860 B,SO4,ACT,0.536811819428,0.0470934850529,0.489718334376,False,4,2.5,0.969
3n5t ACT 860 A,SO4,ACT,0.428717714478,0.0394515243315,0.389266190147,False,5,2.5,0.919
3n5s GOL 880 A,GOL,GOL,0.523059026566,0.523059026566,0.0,True,1,2.20000004768,0.752
3n5s ACT 860 B,EDO,ACT,0.31106538051,0.193104458116,0.117960922394,False,2,2.20000004768,0.967
3n5s ACT 860 A,EDO,ACT,0.279620641675,0.0484065418591,0.231214099816,False,5,2.20000004768,0.936
3n5r GOL 880 A,SO4,GOL,0.799916193602,0.0251101560192,0.774806037583,False,3,2.59999990463,0.937
3n5r ACT 860 B,EDO,ACT,0.559857429887,0.0265146229464,0.533342806941,False,6,2.59999990463,0.883
3n5r ACT 860 A,EDO,ACT,0.315606928777,0.0209580685484,0.294648860229,False,5,2.59999990463,0.911
3n5r ACT 850 A,SO4,ACT,0.638430503401,0.0524142900723,0.586016213328,False,3,2.59999990463,0.947
3n5p HEM 500 A,H4B_HEM,H4B_HEM,0.937282967831,0.937282967831,0.0,True,1,2.40000009537,0.974
3n5p GOL 890 B,GOL,GOL,0.361282891549,0.361282891549,0.0,True,1,2.40000009537,0.801
3n5p GOL 880 B,GOL,GOL,0.374182644432,0.374182644432,0.0,True,1,2.40000009537,0.922
3n5p GOL 880 A,SO4,GOL,0.408366106887,0.142681549262,0.265684557625,False,2,2.40000009537,0.909
3n5p ACT 860 B,SO4,ACT,0.190638832773,0.0510262505907,0.139612582182,False,6,2.40000009537,0.96
3n5p ACT 860 A,SO4,ACT,0.493450190365,0.0337586366021,0.459691553763,False,4,2.40000009537,0.97
3n5p ACT 850 B,SO4,ACT,0.433024193194,0.165881014898,0.267143178295,False,2,2.40000009537,0.952
3n5k ACT 3002 B,GOL,ACT,0.593217506391,0.0166619603277,0.576555546063,False,4,2.20000004768,0.933
3n5k ACT 3002 A,ACT,ACT,0.56049948821,0.56049948821,0.0,True,1,2.20000004768,0.894
3n5k ACT 3001 B,EDO,ACT,0.857277221783,0.00993242017551,0.847344801608,False,3,2.20000004768,0.922
3n5k ACT 3001 A,GOL,ACT,0.380349037326,0.0735371487747,0.306811888552,False,4,2.20000004768,0.9
3n5i GOL 375 A,GOL,GOL,0.639752132269,0.639752132269,0.0,True,1,1.79999995232,0.939
3n5i GOL 374 C,GOL,GOL,0.932093788022,0.932093788022,0.0,True,1,1.79999995232,0.93
3n5i GOL 374 B,EDO,GOL,0.453507128373,0.368095828265,0.0854113001081,False,2,1.79999995232,0.929
3n5i GOL 374 A,GOL,GOL,0.604899763012,0.604899763012,0.0,True,1,1.79999995232,0.928
3n5d NAG 247 A,NAG,NAG,0.96332520618,0.96332520618,0.0,True,1,1.89999997616,0.695
3n5d GOL 249 A,GOL,GOL,0.795985912966,0.795985912966,0.0,True,1,1.89999997616,0.781
3n5c GDP 200 B,GDP,GDP,0.913843826316,0.913843826316,0.0,True,1,1.79999995232,0.982
3n5c GDP 200 A,GDP,GDP,0.960900444202,0.960900444202,0.0,True,1,1.79999995232,0.985
3n55 ACT 502 A,SO4,ACT,0.626334972772,0.0114423608297,0.614892611942,False,5,1.60000002384,0.9
3n4s 1PE 9 B,PEG,1PE,0.302529274219,0.196306154363,0.106223119856,False,2,2.29999995232,0.852
3n4s 1PE 8 D,GOL,1PE,0.282708466759,0.0154240645698,0.267284402189,False,7,2.29999995232,0.776
3n4s 1PE 7 B,SO4,1PE,0.340335743863,0.0115251670859,0.328810576777,False,6,2.29999995232,0.918
3n4s 1PE 6 B,PEG,1PE,0.800970682317,0.0146464042011,0.786324278116,False,5,2.29999995232,0.85
3n4s 1PE 5 D,PG4,1PE,0.195070850426,0.077850641823,0.117220208603,False,5,2.29999995232,0.885
3n4s 1PE 4 D,SEP,1PE,0.0735692107013,0.00476966003171,0.0687995506696,False,37,2.29999995232,0.88
3n4s 1PE 3 D,PG4,1PE,0.295292342487,0.0523034099154,0.242988932571,False,5,2.29999995232,0.848
3n4s 1PE 2 C,PEG,1PE,0.459630705211,0.0143063473849,0.445324357826,False,7,2.29999995232,0.752
3n4s 1PE 10 C,NAG,1PE,0.389867863091,0.011584919949,0.378282943142,False,7,2.29999995232,0.729
3n4s 1PE 1 D,PG4,1PE,0.455770018275,0.0268853403913,0.428884677884,False,6,2.29999995232,0.955
3n4r 1PE 3 C,EDO,1PE,0.29050006958,0.000932248772319,0.289567820808,False,46,2.59999990463,0.807
3n4r 1PE 2 D,GOL,1PE,0.362507994406,0.000962895362376,0.361545099043,False,74,2.59999990463,0.854
3n4r 1PE 1 B,MAN,1PE,0.0722021289058,0.0119909700258,0.06021115888,False,16,2.59999990463,0.924
3n4b GOL 303 A,GOL,GOL,0.953153740579,0.953153740579,0.0,True,1,1.60000002384,0.978
3n44 NAG 2001 B,SO4,NAG,0.387759362211,0.223642456131,0.16411690608,False,2,2.09999990463,0.682
3n44 NAG 1001 F,NAG,NAG,0.922294996623,0.922294996623,0.0,True,1,2.09999990463,0.908
3n44 ACT 453 F,PO4,ACT,0.371913559991,0.0349292469224,0.336984313069,False,6,2.09999990463,0.954
3n43 NAG 1001 F,NAG,NAG,0.603182276287,0.603182276287,0.0,True,1,2.59999990463,0.921
3n43 ACT 452 F,SO4,ACT,0.413455393031,0.0368669317707,0.37658846126,False,5,2.59999990463,0.968
3n42 NAG 1001 B,NAG,NAG,0.940393628624,0.940393628624,0.0,True,1,3.0,0.678
3n41 NAG 1001 F,NAG,NAG,0.643508047416,0.643508047416,0.0,True,1,3.0,0.602
3n41 NAG 1001 B,NAG,NAG,0.905690246028,0.905690246028,0.0,True,1,3.0,0.881
3n40 NAG 1001 P,NAG,NAG,0.592831770745,0.592831770745,0.0,True,1,2.20000004768,0.719
3n40 NAG 1001 F,NAG,NAG,0.841139464181,0.841139464181,0.0,True,1,2.20000004768,0.949
3n40 ACT 406 P,EDO,ACT,0.339866363123,0.0417866988825,0.29807966424,False,4,2.20000004768,0.836
3n40 ACT 392 F,SO4,ACT,0.6054205233,0.0342633893782,0.571157133922,False,4,2.20000004768,0.908
3n40 ACT 3 P,SO4,ACT,0.413353900526,0.0704754933462,0.34287840718,False,3,2.20000004768,0.936
3n40 ACT 2 P,EDO,ACT,0.663608864176,0.0361106643903,0.627498199786,False,4,2.20000004768,0.619
3n40 ACT 1 P,GOL,ACT,0.284789545292,0.0126570606155,0.272132484677,False,6,2.20000004768,0.929
3n3x NAG 301 A,NAG,NAG,0.849066214791,0.849066214791,0.0,True,1,1.70000004768,0.789
3n3m GOL 5000 A,TRS,GOL,0.726291666158,0.203916886089,0.52237478007,False,2,1.5,0.84
3n3j WWV 263 A,ZN,ZN,0.724395741021,0.724395741021,0.0,True,1,1.5,0.975
3n3j GOL 303 A,GOL,GOL,0.979145558356,0.979145558356,0.0,True,1,1.5,0.967
3n3g GOL 219 B,SO4,GOL,0.600782779163,0.162538204233,0.43824457493,False,2,1.60000002384,0.666
3n37 GOL 322 A,GOL,GOL,0.347759271357,0.347759271357,0.0,True,1,1.60000002384,0.725
3n33 GOL 374 D,GOL,GOL,0.0529546159073,0.0529546159073,0.0,True,1,1.79999995232,0.946
3n33 GOL 374 C,GOL,GOL,0.054150818926,0.054150818926,0.0,True,1,1.79999995232,0.974
3n33 GOL 374 B,ADE,GOL,0.0371805823947,0.0369287482568,0.00025183413795,False,2,1.79999995232,0.946
3n33 GOL 374 A,GLC,GOL,0.0812733344622,0.0482599832969,0.0330133511653,False,2,1.79999995232,0.971
3n31 GOL 250 A,GOL,GOL,0.946237164066,0.946237164066,0.0,True,1,2.09999990463,0.875
3n2z NAG 6 B,NAG_NAG,NAG,0.386622125707,0.178936392651,0.207685733056,False,2,2.79999995232,0.855
3n2z NAG 5 B,NAG_NAG,NAG,0.826714534971,0.125402450345,0.701312084625,False,2,2.79999995232,0.893
3n2z NAG 3 B,NAG_NAG,NAG_NAG,0.879497446496,0.879497446496,0.0,True,1,2.79999995232,0.935
3n2z NAG 2 B,NAG_NAG,NAG,0.792058048126,0.125242019887,0.666816028239,False,2,2.79999995232,0.88
3n2z NAG 1 B,NAG,NAG,0.918078460668,0.918078460668,0.0,True,1,2.79999995232,0.949
3n2v JT5 0 A,ZN,ZN,0.591001271569,0.591001271569,0.0,True,1,1.60000002384,0.96
3n2r HEM 750 B,H4B_HEM,H4B_HEM,0.954547284985,0.954547284985,0.0,True,1,1.89999997616,0.98
3n2r ACT 860 B,SO4,ACT,0.374210435401,0.340125304915,0.034085130486,False,2,1.89999997616,0.971
3n2p GOL 401 A,GOL,GOL,0.970615428322,0.970615428322,0.0,True,1,1.60000002384,0.891
3n2n ACT 224 F,FMT,ACT,0.557710783991,0.0875388712189,0.470171912772,False,3,1.79999995232,0.952
3n2n ACT 223 B,FMT,ACT,0.809092038399,0.0132303254395,0.795861712959,False,5,1.79999995232,0.963
3n2n ACT 222 F,ACT,ACT,0.421436732103,0.421436732103,0.0,True,1,1.79999995232,0.919
3n2n ACT 222 D,EDO,ACT,0.307401487743,0.201802392544,0.105599095198,False,3,1.79999995232,0.954
3n2n ACT 222 C,EDO,ACT,0.388723694958,0.0939548647845,0.294768830173,False,3,1.79999995232,0.727
3n2n ACT 222 B,FMT,ACT,0.428261761334,0.125195532071,0.303066229263,False,3,1.79999995232,0.916
3n2n ACT 222 A,ACT,ACT,0.450712058511,0.450712058511,0.0,True,1,1.79999995232,0.942
3n2e TLA 2003 B,GOL,TLA,0.2678497952,0.0024098033046,0.265439991895,False,53,2.5,0.969
3n2e TLA 2002 B,SO4,TLA,0.289039877573,0.00258350971901,0.286456367854,False,21,2.5,0.86
3n2e TLA 2002 A,BGC,TLA,0.113819819824,0.00045569840048,0.113364121424,False,200,2.5,0.904
3n2e TLA 2001 B,CIT,TLA,0.0964717646796,0.00744909000102,0.0890226746786,False,22,2.5,0.912
3n2e TLA 2001 A,SO4,TLA,0.467971142061,0.000858170248666,0.467112971812,False,48,2.5,0.777
3n20 GOL 500 A,GOL,GOL,0.969601868841,0.969601868841,0.0,True,1,1.89999997616,0.895
3n20 GOL 499 A,GOL,GOL,0.601878417716,0.601878417716,0.0,True,1,1.89999997616,0.848
3n20 GOL 332 B,GOL,GOL,0.97511368098,0.97511368098,0.0,True,1,1.89999997616,0.812
3n20 GOL 331 B,GOL,GOL,0.943173901012,0.943173901012,0.0,True,1,1.89999997616,0.828
3n1z GOL 500 A,SO4,GOL,0.363571511736,0.0211850180129,0.342386493724,False,4,2.90000009537,0.943
3n1z GOL 499 A,GOL,GOL,0.386490589451,0.386490589451,0.0,True,1,2.90000009537,0.921
3n1z GOL 331 B,SO4,GOL,0.119090571917,0.0950342173837,0.0240563545337,False,2,2.90000009537,0.9
3n1y GOL 500 A,EDO,GOL,0.554720356527,0.282260676165,0.272459680362,False,2,2.09999990463,0.838
3n1y GOL 499 A,GOL,GOL,0.795441063872,0.795441063872,0.0,True,1,2.09999990463,0.669
3n1n NAG 301 A,NAG,NAG,0.697939960444,0.697939960444,0.0,True,1,2.20000004768,0.658
3n1e GOL 978 B,TRS,GOL,0.418499429281,0.392098192539,0.0264012367422,False,2,1.70000004768,0.857
3n1e GOL 976 A,DMS,GOL,0.408608217124,0.0522928171384,0.356315399986,False,4,1.70000004768,0.724
3n1d NAG 247 A,NAG,NAG,0.998187572758,0.998187572758,0.0,True,1,1.70000004768,0.786
3n1d GOL 250 A,GOL,GOL,0.97791359607,0.97791359607,0.0,True,1,1.70000004768,0.946
3n17 NAG 902 A,NAP,NAG_NAG,0.178367215872,0.0448250834848,0.133542132387,False,3,1.20000004768,0.982
3n15 NAG 901 A,GLC_GLC,NAG_NAG,0.140406698797,0.0484921955243,0.0919145032723,False,4,1.89999997616,0.949
3n13 NAG 902 A,FMN,NAG_NAG,0.307727884757,0.070028299082,0.237699585675,False,3,1.70000004768,0.883
3n0q GOL 506 A,GOL,GOL,0.553603750272,0.553603750272,0.0,True,1,1.79999995232,0.898
3n0n GOL 401 A,GOL,GOL,0.91185971127,0.91185971127,0.0,True,1,1.5,0.968
3n04 GOL 665 B,GOL,GOL,0.757362606495,0.757362606495,0.0,True,1,2.0,0.783
3n04 GOL 664 B,GOL,GOL,0.387525460325,0.387525460325,0.0,True,1,2.0,0.875
3n04 GOL 664 A,MAN,GOL,0.392376779133,0.0776680372817,0.314708741851,False,2,2.0,0.723
3n03 TLA 207 A,TLA,TLA,0.979159948505,0.979159948505,0.0,True,1,1.5,0.977
3n02 TLA 207 A,TLA,TLA,0.960668454937,0.960668454937,0.0,True,1,1.5,0.974
3mzw NAG 1549 A,NAG,NAG,0.954244201412,0.954244201412,0.0,True,1,2.90000009537,0.776
3mzw NAG 1237 A,NAG_NAG,NAG_NAG,0.947412006104,0.947412006104,0.0,True,1,2.90000009537,0.902
3mzw NAG 1046 A,NAG,NAG,0.593147281638,0.593147281638,0.0,True,1,2.90000009537,0.823
3mzn GOL 453 B,GOL,GOL,0.979743907475,0.979743907475,0.0,True,1,1.79999995232,0.908
3mzn GOL 451 A,GOL,GOL,0.963418636782,0.963418636782,0.0,True,1,1.79999995232,0.924
3mzn GOL 450 B,GOL,GOL,0.982869157853,0.982869157853,0.0,True,1,1.79999995232,0.954
3mzn ACT 452 A,EDO,ACT,0.428048498386,0.0560215236754,0.372026974711,False,5,1.79999995232,0.938
3mzn ACT 451 B,ACT,ACT,0.364683576583,0.364683576583,0.0,True,1,1.79999995232,0.939
3mzf GOL 365 A,GOL,GOL,0.922989923132,0.922989923132,0.0,True,1,1.5,0.608
3mze GOL 368 A,SO4,GOL,0.613972425125,0.0353036676843,0.57866875744,False,3,2.09999990463,0.678
3mze GOL 365 A,GOL,GOL,0.806962967857,0.806962967857,0.0,True,1,2.09999990463,0.901
3mzc S6I 263 A,NI_OGA,ZN,0.256952440669,0.148031352858,0.108921087811,False,2,1.5,0.971
3mzc GOL 401 A,GOL,GOL,0.937739199546,0.937739199546,0.0,True,1,1.5,0.939
3mzb GOL 513 A,SO4,GOL,0.189140685179,0.129229568792,0.0599111163866,False,3,1.70000004768,0.701
3mzb GOL 511 A,SO4,GOL,0.753809285411,0.0214272936082,0.732381991803,False,3,1.70000004768,0.741
3mzb ACT 512 B,SO4,ACT,0.51020788598,0.0184514122738,0.491756473706,False,7,1.70000004768,0.837
3mzb ACT 508 A,SO4,ACT,0.57345216497,0.0349090277131,0.538543137257,False,4,1.70000004768,0.921
3mzb ACT 506 A,EDO,ACT,0.456158949502,0.012423872255,0.443735077247,False,5,1.70000004768,0.627
3mzb ACT 505 A,SO4,ACT,0.430637683223,0.0598249130435,0.370812770179,False,4,1.70000004768,0.909
3mzb ACT 503 B,EDO,ACT,0.386976328608,0.147576755194,0.239399573415,False,2,1.70000004768,0.827
3mz9 GOL 521 A,SO4,GOL,0.174439289111,0.0694367874496,0.105002501661,False,4,1.79999995232,0.801
3mz9 GOL 520 A,EDO,GOL,0.560618115712,0.330599032025,0.230019083687,False,2,1.79999995232,0.808
3mz9 GOL 519 A,SO4,GOL,0.914996229034,0.0167930188179,0.898203210216,False,3,1.79999995232,0.876
3mz9 GOL 508 A,GOL,GOL,0.5286243646,0.5286243646,0.0,True,1,1.79999995232,0.804
3mz9 ACT 516 A,EDO,ACT,0.532168188083,0.0478349617494,0.484333226334,False,3,1.79999995232,0.845
3mz9 ACT 514 A,GOL,ACT,0.469509485177,0.00456868364056,0.464940801537,False,5,1.79999995232,0.729
3mz9 ACT 513 A,SO4,ACT,0.477483179468,0.0724189027727,0.405064276695,False,4,1.79999995232,0.907
3mz9 ACT 508 B,EDO,ACT,0.424745029561,0.0759542453023,0.348790784259,False,3,1.79999995232,0.84
3mz9 ACT 507 B,GOL,ACT,0.678074402022,0.0633673466903,0.614707055332,False,2,1.79999995232,0.904
3mz4 GOL 706 B,GOL,GOL,0.391074103567,0.391074103567,0.0,True,1,1.79999995232,0.674
3mz4 GOL 705 A,GOL,GOL,0.393069027635,0.393069027635,0.0,True,1,1.79999995232,0.783
3mz2 PG4 19 A,PEG,PG4,0.360008136979,0.0409100367504,0.319098100229,False,5,1.60000002384,0.63
3mz2 PG4 15 B,EDO,PG4,0.430361925985,0.0162297046271,0.414132221358,False,6,1.60000002384,0.825
3mz0 PGE 5808 A,PGE,PGE,0.246518959743,0.246518959743,0.0,True,1,1.5,0.879
3myz ACT 1428 B,EDO,ACT,0.4948439352,0.0866976111376,0.408146324062,False,3,1.60000002384,0.944
3myz ACT 1428 A,EDO,ACT,0.610964268011,0.0760373148216,0.534926953189,False,2,1.60000002384,0.771
3myy GOL 507 B,EDO,GOL,0.585952719959,0.0982746091,0.487678110859,False,2,2.0,0.906
3myy GOL 506 B,SO4,GOL,0.810713559796,0.0243410833732,0.786372476423,False,3,2.0,0.752
3myy GOL 505 A,GOL,GOL,0.43284057954,0.43284057954,0.0,True,1,2.0,0.909
3myy GOL 504 A,SO4,GOL,0.437454858399,0.298165041159,0.13928981724,False,2,2.0,0.912
3myy GOL 501 A,GOL,GOL,0.763485308638,0.763485308638,0.0,True,1,2.0,0.958
3myu ACT 2 A,SO4,ACT,0.959643898438,0.000906446673654,0.958737451765,False,8,2.0,0.924
3myu ACT 1 A,SO4,ACT,0.622901114507,0.010101967779,0.612799146728,False,6,2.0,0.9
3myt GOL 128 A,GOL,GOL,0.811268500316,0.811268500316,0.0,True,1,2.0,0.832
3myr IMD 3002 A,IMD,IMD,0.725268370458,0.725268370458,0.0,True,1,2.09999990463,0.926
3myr IMD 3001 G,DMS,IMD,0.196148430948,0.078544356705,0.117604074243,False,5,2.09999990463,0.935
3myj GOL 276 A,GOL,GOL,0.834068764931,0.834068764931,0.0,True,1,1.89999997616,0.872
3myg PG4 4 A,NAG,PG4,0.108113029417,0.0597820898878,0.0483309395296,False,2,2.40000009537,0.775
3myb GOL 301 C,GOL,GOL,0.53716866675,0.53716866675,0.0,True,1,1.60000002384,0.871
3myb GOL 300 C,GOL,GOL,0.636728019773,0.636728019773,0.0,True,1,1.60000002384,0.919
3myb GOL 300 B,EDO,GOL,0.63982000569,0.255365106044,0.384454899646,False,2,1.60000002384,0.864
3myb GOL 300 A,GOL,GOL,0.96862351633,0.96862351633,0.0,True,1,1.60000002384,0.965
3my9 GOL 379 A,GOL,GOL,0.672252782318,0.672252782318,0.0,True,1,2.20000004768,0.916
3my6 NAG 301 A,NAG_NAG,NAG,0.404057287132,0.325663180099,0.0783941070324,False,2,2.70000004768,0.812
3my5 TPO 160 C,TPO,TPO,0.967486046129,0.967486046129,0.0,True,1,2.09999990463,0.974
3my5 TPO 160 A,TPO,TPO,0.936193703557,0.936193703557,0.0,True,1,2.09999990463,0.985
3my1 TPO 186 A,TPO,TPO,0.57257720328,0.57257720328,0.0,True,1,2.79999995232,0.975
3my1 GOL 333 A,SO4,GOL,0.311515344144,0.189345746667,0.122169597477,False,2,2.79999995232,0.868
3my1 GOL 265 B,GOL,GOL,0.350111686813,0.350111686813,0.0,True,1,2.79999995232,0.874
3my1 GOL 263 B,GOL,GOL,0.684786956768,0.684786956768,0.0,True,1,2.79999995232,0.786
3my1 GOL 262 B,SO4,GOL,0.35745037682,0.260816114768,0.0966342620519,False,2,2.79999995232,0.873
3my1 GOL 261 B,SO4,GOL,0.301374602436,0.247195394609,0.0541792078265,False,2,2.79999995232,0.879
3mxt GOL 287 A,GOL,GOL,0.948606477895,0.948606477895,0.0,True,1,1.79999995232,0.983
3mxh C2E 1 R,C2E,C2E,0.656342876398,0.656342876398,0.0,True,1,2.29999995232,0.949
3mxe ACT 502 B,SO4,ACT,0.682621468415,0.0252913220735,0.657330146341,False,3,1.79999995232,0.896
3mxd ACT 505 A,SO4,ACT,0.573034269154,0.134042246584,0.43899202257,False,2,1.89999997616,0.915
3mxc PTR 682 L,PTR,PTR,0.933452560248,0.933452560248,0.0,True,1,2.0,0.908
3mxa 1PE 339 C,1PE,1PE,0.195662040807,0.195662040807,0.0,True,1,2.29999995232,0.818
3mx0 NAG 501 C,NAG,NAG,0.755950451003,0.755950451003,0.0,True,1,3.5,0.72
3mx0 NAG 501 A,NAG_NAG,NAG,0.308582096766,0.229369702896,0.0792123938708,False,3,3.5,0.849
3mx0 NAG 401 D,NAG_NAG,NAG_NAG,0.729841003685,0.729841003685,0.0,True,1,3.5,0.934
3mx0 NAG 401 B,NAG_NAG,NAG_NAG,0.362085496145,0.362085496145,0.0,True,1,3.5,0.909
3mwx GOL 369 B,EDO,GOL,0.415929744963,0.132643218202,0.283286526762,False,3,1.5,0.871
3mwx GOL 367 B,GOL,GOL,0.799608995775,0.799608995775,0.0,True,1,1.5,0.888
3mwx GOL 365 A,GOL,GOL,0.506045992395,0.506045992395,0.0,True,1,1.5,0.837
3mwx GOL 363 A,GOL,GOL,0.761435183333,0.761435183333,0.0,True,1,1.5,0.788
3mwx GOL 362 A,GOL,GOL,0.410374051506,0.410374051506,0.0,True,1,1.5,0.819
3mwx GOL 361 A,SO4,GOL,0.256541906298,0.252527538473,0.00401436782468,False,2,1.5,0.882
3mwx GOL 360 A,GOL,GOL,0.518561225654,0.518561225654,0.0,True,1,1.5,0.868
3mwx GOL 359 B,EDO,GOL,0.774975663114,0.0837978705804,0.691177792533,False,2,1.5,0.913
3mwx GOL 358 A,GOL,GOL,0.962162940255,0.962162940255,0.0,True,1,1.5,0.83
3mwx GOL 357 B,EDO,GOL,0.752020536272,0.163024481929,0.588996054344,False,2,1.5,0.963
3mwx GOL 356 A,GOL,GOL,0.665142343884,0.665142343884,0.0,True,1,1.5,0.956
3mwx GOL 355 A,EDO,GOL,0.806847351133,0.101130348838,0.705717002294,False,2,1.5,0.967
3mwx GOL 354 B,GOL,GOL,0.902963459818,0.902963459818,0.0,True,1,1.5,0.923
3mwx GOL 353 B,GOL,GOL,0.836436536974,0.836436536974,0.0,True,1,1.5,0.856
3mwx GOL 352 B,GOL,GOL,0.991817091701,0.991817091701,0.0,True,1,1.5,0.981
3mwq GOL 263 A,SO4,GOL,0.394844610176,0.0828185067624,0.312026103413,False,2,1.70000004768,0.852
3mwh GOL 111 A,MLY,GOL,0.171647469083,0.00169266148278,0.1699548076,False,62,2.09999990463,0.753
3mwe TLA 427 A,TLA,TLA,0.68729049891,0.68729049891,0.0,True,1,2.20000004768,0.948
3mw6 GOL 142 C,GOL,GOL,0.471821349247,0.471821349247,0.0,True,1,2.20000004768,0.766
3mw4 NAG 302 B,GOL,NAG,0.352438819411,0.0386371338173,0.313801685594,False,4,1.89999997616,0.79
3mw4 NAG 301 C,NAG,NAG,0.766464239536,0.766464239536,0.0,True,1,1.89999997616,0.728
3mw4 NAG 301 B,FUC_NAG,NAG,0.715319023703,0.123188154984,0.592130868719,False,2,1.89999997616,0.871
3mw4 BMA 303 C,MAN,BMA,0.11594447169,0.0403309269848,0.0756135447055,False,7,1.89999997616,0.756
3mw2 NAG 291 B,NAG,NAG,0.586211807273,0.586211807273,0.0,True,1,2.5,0.957
3mvz GOL 521 A,EDO,GOL,0.356491433391,0.325922740277,0.0305686931131,False,2,1.70000004768,0.897
3mvz GOL 519 A,EDO,GOL,0.664072051529,0.224675618869,0.439396432659,False,2,1.70000004768,0.791
3mvz GOL 514 A,GOL,GOL,0.680633206835,0.680633206835,0.0,True,1,1.70000004768,0.904
3mvz GOL 511 B,EDO,GOL,0.649431959612,0.279237343631,0.370194615982,False,2,1.70000004768,0.875
3mvz GOL 509 B,MPD,GOL,0.293416883165,0.287389820715,0.00602706244939,False,2,1.70000004768,0.93
3mvz GOL 509 A,SO4,GOL,0.864200404658,0.0137637156232,0.850436689035,False,3,1.70000004768,0.716
3mvz GOL 505 B,GOL,GOL,0.989918349659,0.989918349659,0.0,True,1,1.70000004768,0.866
3mvz ACT 523 A,SO4,ACT,0.344501485631,0.116901295448,0.227600190183,False,3,1.70000004768,0.769
3mvz ACT 522 A,SO4,ACT,0.519831403788,0.0173417838287,0.502489619959,False,5,1.70000004768,0.83
3mvz ACT 520 A,DMS,ACT,0.399642796388,0.0125500747037,0.387092721685,False,6,1.70000004768,0.877
3mvz ACT 505 A,EDO,ACT,0.34721776087,0.00966083998982,0.33755692088,False,6,1.70000004768,0.642
3mvz ACT 504 A,SO4,ACT,0.701189092853,0.0466277353599,0.654561357494,False,3,1.70000004768,0.914
3mvz ACT 503 B,EDO,ACT,0.830695311717,0.0239692891456,0.806726022572,False,3,1.70000004768,0.882
3mvy GOL 516 A,GOL,GOL,0.282038617463,0.282038617463,0.0,True,1,2.5,0.963
3mvy GOL 515 A,GOL,GOL,0.950814409351,0.950814409351,0.0,True,1,2.5,0.905
3mvy GOL 510 B,GOL,GOL,0.508190459573,0.508190459573,0.0,True,1,2.5,0.87
3mvy GOL 508 A,SO4,GOL,0.806502949431,0.0184269703407,0.78807597909,False,3,2.5,0.835
3mvy GOL 505 B,SO4,GOL,0.531837686503,0.212492981477,0.319344705026,False,2,2.5,0.891
3mvy ACT 517 A,GOL,ACT,0.552089252985,0.024342247951,0.527747005034,False,4,2.5,0.788
3mvy ACT 509 B,SO4,ACT,0.747564015778,0.00767018588179,0.739893829896,False,5,2.5,0.964
3mvy ACT 505 A,EDO,ACT,0.275875881308,0.0194394094684,0.25643647184,False,5,2.5,0.905
3mvy ACT 504 A,SO4,ACT,0.4128290368,0.0679337781665,0.344895258634,False,3,2.5,0.951
3mvy ACT 503 B,EDO,ACT,0.452594066952,0.0221977100852,0.430396356867,False,7,2.5,0.934
3mvx GOL 516 A,EDO,GOL,0.46294736319,0.335412080108,0.127535283082,False,2,1.70000004768,0.926
3mvx GOL 509 B,GOL,GOL,0.614887882366,0.614887882366,0.0,True,1,1.70000004768,0.827
3mvx GOL 508 B,GOL,GOL,0.95862990836,0.95862990836,0.0,True,1,1.70000004768,0.863
3mvx ACT 517 A,SO4,ACT,0.362260263768,0.00349135262622,0.358768911141,False,6,1.70000004768,0.913
3mvx ACT 507 A,EDO,ACT,0.598032675902,0.0371134478152,0.560919228086,False,4,1.70000004768,0.678
3mvx ACT 506 A,SO4,ACT,0.570848384339,0.0448661529354,0.525982231403,False,4,1.70000004768,0.853
3mvw GOL 515 A,GOL,GOL,0.302749154895,0.302749154895,0.0,True,1,1.79999995232,0.83
3mvw GOL 514 A,GOL,GOL,0.330020644921,0.330020644921,0.0,True,1,1.79999995232,0.908
3mvw GOL 513 A,GOL,GOL,0.988082033202,0.988082033202,0.0,True,1,1.79999995232,0.962
3mvw GOL 508 B,GOL,GOL,0.984075090873,0.984075090873,0.0,True,1,1.79999995232,0.94
3mvw GOL 507 B,GOL,GOL,0.543369610405,0.543369610405,0.0,True,1,1.79999995232,0.813
3mvw ACT 507 A,DMS,ACT,0.26179112715,0.0406352085422,0.221155918608,False,6,1.79999995232,0.676
3mvw ACT 506 A,SO4,ACT,0.578702515459,0.0136949824825,0.565007532977,False,6,1.79999995232,0.885
3mvu IMD 226 A,IMD,IMD,0.871543463011,0.871543463011,0.0,True,1,1.79999995232,0.974
3mvt GOL 902 C,GOL,GOL,0.837387412257,0.837387412257,0.0,True,1,2.20000004768,0.932
3mvt GOL 902 A,GOL,GOL,0.613700634342,0.613700634342,0.0,True,1,2.20000004768,0.917
3mvk PGE 152 E,PGE,PGE,0.433746458425,0.433746458425,0.0,True,1,1.60000002384,0.844
3mvk PGE 151 J,PEG,PGE,0.239301553652,0.108705446333,0.130596107319,False,3,1.60000002384,0.92
3mvk PGE 151 H,PG4,PGE,0.211131144552,0.181914041046,0.0292171035061,False,2,1.60000002384,0.779
3mvk PGE 151 F,GOL,PGE,0.278579330948,0.079763532484,0.198815798464,False,5,1.60000002384,0.89
3mvk PGE 151 E,PGE,PGE,0.420407425892,0.420407425892,0.0,True,1,1.60000002384,0.873
3mvk PGE 151 B,PGE,PGE,0.525585949459,0.525585949459,0.0,True,1,1.60000002384,0.847
3mvk PGE 151 A,1PE,PGE,0.487243989168,0.16599500756,0.321248981608,False,2,1.60000002384,0.845
3mvk PGE 150 G,PGE,PGE,0.415034789855,0.415034789855,0.0,True,1,1.60000002384,0.889
3mvk PGE 150 C,PGE,PGE,0.21624209051,0.21624209051,0.0,True,1,1.60000002384,0.828
3mvk GOL 152 F,GOL,GOL,0.415194333905,0.415194333905,0.0,True,1,1.60000002384,0.787
3mvk GOL 152 A,GOL,GOL,0.648312913809,0.648312913809,0.0,True,1,1.60000002384,0.856
3mvk GOL 151 G,GOL,GOL,0.971594437607,0.971594437607,0.0,True,1,1.60000002384,0.948
3mvj TPO 197 E,TPO,TPO,0.969118470022,0.969118470022,0.0,True,1,2.5,0.972
3mvj TPO 197 B,TPO,TPO,0.859592916496,0.859592916496,0.0,True,1,2.5,0.972
3mvj TPO 197 A,TPO,TPO,0.981003648077,0.981003648077,0.0,True,1,2.5,0.977
3mvj SEP 338 E,SEP,SEP,0.848341897818,0.848341897818,0.0,True,1,2.5,0.959
3mvj SEP 338 B,SEP,SEP,0.757889384051,0.757889384051,0.0,True,1,2.5,0.946
3mvj SEP 338 A,CSO,SEP,0.369929644657,0.0164392320088,0.353490412648,False,7,2.5,0.937
3mvi GOL 902 B,GOL,GOL,0.97085860854,0.97085860854,0.0,True,1,1.60000002384,0.934
3mvi GOL 902 A,GOL,GOL,0.848194673096,0.848194673096,0.0,True,1,1.60000002384,0.856
3mvh TPO 308 A,SEP,TPO,0.479671116155,0.457967374209,0.0217037419462,False,2,2.0,0.976
3mvg GOL 282 B,ACT,GOL,0.287968240022,0.0557121191949,0.232256120827,False,3,1.20000004768,0.792
3mvg GOL 279 A,GOL,GOL,0.393168845672,0.393168845672,0.0,True,1,1.20000004768,0.803
3mv6 GOL 203 A,GOL,GOL,0.299857619741,0.299857619741,0.0,True,1,1.89999997616,0.882
3mv5 TPO 308 A,TPO,TPO,0.88381469392,0.88381469392,0.0,True,1,2.5,0.957
3mv4 GOL 202 C,GOL,GOL,0.487724160124,0.487724160124,0.0,True,1,1.60000002384,0.855
3mv4 GOL 202 B,GOL,GOL,0.802347791382,0.802347791382,0.0,True,1,1.60000002384,0.626
3mv4 GOL 2 M,SO4,GOL,0.265291495941,0.0323334705608,0.232958025381,False,5,1.60000002384,0.729
3mv4 GOL 0 A,SO4,GOL,0.759443940555,0.0144229818307,0.745020958725,False,5,1.60000002384,0.808
3mv0 DMS 5003 1,SO4,DMS,0.400849792495,0.387412514919,0.0134372775764,False,2,2.20000004768,0.977
3mv0 DMS 5002 4,DMS,DMS,0.486688029116,0.486688029116,0.0,True,1,2.20000004768,0.97
3mv0 DMS 5002 3,DMS,DMS,0.719438152202,0.719438152202,0.0,True,1,2.20000004768,0.959
3mv0 DMS 5002 2,DMS,DMS,0.317434844427,0.317434844427,0.0,True,1,2.20000004768,0.978
3mv0 DMS 5002 1,DMS,DMS,0.460576755792,0.460576755792,0.0,True,1,2.20000004768,0.947
3mv0 DMS 5001 4,DMS,DMS,0.929558608977,0.929558608977,0.0,True,1,2.20000004768,0.985
3mv0 DMS 5001 3,DMS,DMS,0.845040350968,0.845040350968,0.0,True,1,2.20000004768,0.977
3mv0 DMS 5001 2,DMS,DMS,0.671666902979,0.671666902979,0.0,True,1,2.20000004768,0.971
3mv0 DMS 5001 1,DMS,DMS,0.892226373488,0.892226373488,0.0,True,1,2.20000004768,0.991
3mv0 DMS 1024 3,DMS,DMS,0.643515746211,0.643515746211,0.0,True,1,2.20000004768,0.914
3mv0 DMS 1024 2,SO4,DMS,0.23751228599,0.140668763068,0.0968435229221,False,4,2.20000004768,0.953
3muz DMS 6043 2,GOL,DMS,0.669970681067,0.0221872078605,0.647783473206,False,5,1.89999997616,0.889
3muz DMS 6041 3,SO4,DMS,0.233940476846,0.226909838556,0.0070306382905,False,2,1.89999997616,0.669
3muz DMS 6039 3,DMS,DMS,0.215368216729,0.215368216729,0.0,True,1,1.89999997616,0.846
3muz DMS 6039 2,DMS,DMS,0.564868481203,0.564868481203,0.0,True,1,1.89999997616,0.834
3muz DMS 6038 3,DMS,DMS,0.483758010709,0.483758010709,0.0,True,1,1.89999997616,0.76
3muz DMS 6038 2,EDO,DMS,0.502576590426,0.142881406908,0.359695183518,False,2,1.89999997616,0.74
3muz DMS 6037 3,DMS,DMS,0.283097677404,0.283097677404,0.0,True,1,1.89999997616,0.755
3muz DMS 6037 2,SO4,DMS,0.280781142976,0.180026009211,0.100755133765,False,2,1.89999997616,0.852
3muz DMS 6036 2,SO4,DMS,0.51189351852,0.245850497844,0.266043020676,False,2,1.89999997616,0.886
3muz DMS 6035 2,EDO,DMS,0.656252593583,0.0184301683084,0.637822425274,False,4,1.89999997616,0.604
3muz DMS 6032 2,EDO,DMS,0.39878325201,0.0226586701919,0.376124581818,False,6,1.89999997616,0.895
3muz DMS 6031 3,EDO,DMS,0.411355607266,0.111460467794,0.299895139472,False,4,1.89999997616,0.746
3muz DMS 6031 1,DMS,DMS,0.604099470641,0.604099470641,0.0,True,1,1.89999997616,0.791
3muz DMS 6030 3,EDO,DMS,0.495721147767,0.0161982461508,0.479522901617,False,7,1.89999997616,0.883
3muz DMS 6030 2,SO4,DMS,0.385405193416,0.221676764827,0.163728428589,False,2,1.89999997616,0.874
3muz DMS 6029 3,DMS,DMS,0.29657761164,0.29657761164,0.0,True,1,1.89999997616,0.886
3muz DMS 6028 3,DMS,DMS,0.519024267576,0.519024267576,0.0,True,1,1.89999997616,0.95
3muz DMS 6028 2,EDO,DMS,0.83526916604,0.0116899596335,0.823579206407,False,4,1.89999997616,0.746
3muz DMS 6028 1,EDO,DMS,0.845997432204,0.00464189134915,0.841355540855,False,9,1.89999997616,0.745
3muz DMS 6027 3,EDO,DMS,0.78363004984,0.00255242282598,0.781077627014,False,6,1.89999997616,0.889
3muz DMS 6027 2,DMS,DMS,0.475448904667,0.475448904667,0.0,True,1,1.89999997616,0.968
3muz DMS 6027 1,DMS,DMS,0.298004871277,0.298004871277,0.0,True,1,1.89999997616,0.85
3muz DMS 6026 1,EDO,DMS,0.418034439439,0.0402880471122,0.377746392327,False,4,1.89999997616,0.856
3muz DMS 6025 4,EDO,DMS,0.494853059817,0.139913096022,0.354939963795,False,2,1.89999997616,0.819
3muz DMS 6025 3,EDO,DMS,0.227187406292,0.185533136611,0.0416542696813,False,2,1.89999997616,0.8
3muz DMS 6025 2,SO4,DMS,0.353848834697,0.115434567951,0.238414266746,False,3,1.89999997616,0.823
3muz DMS 6024 4,DMS,DMS,0.626039295679,0.626039295679,0.0,True,1,1.89999997616,0.764
3muz DMS 6024 3,MPD,DMS,0.271039429135,0.048929941826,0.222109487309,False,4,1.89999997616,0.938
3muz DMS 6024 2,DMS,DMS,0.920335412851,0.920335412851,0.0,True,1,1.89999997616,0.942
3muz DMS 6024 1,SO4,DMS,0.310973370296,0.27026856034,0.0407048099567,False,2,1.89999997616,0.731
3muz DMS 6023 4,DMS,DMS,0.704400708304,0.704400708304,0.0,True,1,1.89999997616,0.97
3muz DMS 6023 3,DMS,DMS,0.428169834107,0.428169834107,0.0,True,1,1.89999997616,0.903
3muz DMS 6023 2,SO4,DMS,0.375789679626,0.281467090742,0.0943225888837,False,2,1.89999997616,0.902
3muz DMS 6022 4,SO4,DMS,0.463543482131,0.116778507439,0.346764974691,False,3,1.89999997616,0.821
3muz DMS 6022 1,DMS,DMS,0.479704986182,0.479704986182,0.0,True,1,1.89999997616,0.902
3muz DMS 6021 3,DMS,DMS,0.479700971177,0.479700971177,0.0,True,1,1.89999997616,0.944
3muz DMS 6021 2,SO4,DMS,0.333526101781,0.264833454889,0.0686926468921,False,2,1.89999997616,0.953
3muz DMS 6021 1,SO4,DMS,0.390324212101,0.119853525462,0.27047068664,False,3,1.89999997616,0.926
3muz DMS 6020 4,EDO,DMS,0.324498729921,0.115689437636,0.208809292285,False,3,1.89999997616,0.93
3muz DMS 6020 2,GOL,DMS,0.388275297488,0.0986368786521,0.289638418836,False,4,1.89999997616,0.901
3muz DMS 6020 1,DMS,DMS,0.456466537727,0.456466537727,0.0,True,1,1.89999997616,0.871
3muz DMS 6019 4,SO4,DMS,0.780672486589,0.0725492664455,0.708123220144,False,2,1.89999997616,0.863
3muz DMS 6019 3,GOL,DMS,0.514083204089,0.0507534533591,0.463329750729,False,3,1.89999997616,0.85
3muz DMS 6019 2,SO4,DMS,0.481675363521,0.176747739383,0.304927624138,False,2,1.89999997616,0.885
3muz DMS 6018 2,EDO,DMS,0.27226583871,0.136478639386,0.135787199323,False,4,1.89999997616,0.874
3muz DMS 6017 3,DMS,DMS,0.809957125196,0.809957125196,0.0,True,1,1.89999997616,0.856
3muz DMS 6017 2,SO4,DMS,0.68818688523,0.0251120804662,0.663074804764,False,5,1.89999997616,0.959
3muz DMS 6017 1,DMS,DMS,0.326884436195,0.326884436195,0.0,True,1,1.89999997616,0.851
3muz DMS 6016 1,EDO,DMS,0.482799787316,0.126585181997,0.356214605319,False,2,1.89999997616,0.951
3muz DMS 6015 4,SO4,DMS,0.503099540034,0.165647943595,0.337451596439,False,2,1.89999997616,0.904
3muz DMS 6015 3,DMS,DMS,0.815975288384,0.815975288384,0.0,True,1,1.89999997616,0.78
3muz DMS 6015 1,DMS,DMS,0.643833276834,0.643833276834,0.0,True,1,1.89999997616,0.939
3muz DMS 6014 3,SO4,DMS,0.335578679582,0.325003727351,0.0105749522303,False,2,1.89999997616,0.789
3muz DMS 6014 2,DMS,DMS,0.576224054786,0.576224054786,0.0,True,1,1.89999997616,0.963
3muz DMS 6013 4,DMS,DMS,0.296790807415,0.296790807415,0.0,True,1,1.89999997616,0.837
3muz DMS 6013 3,DMS,DMS,0.742758339354,0.742758339354,0.0,True,1,1.89999997616,0.934
3muz DMS 6013 2,DMS,DMS,0.502201324515,0.502201324515,0.0,True,1,1.89999997616,0.97
3muz DMS 6013 1,EDO,DMS,0.426375609356,0.135420983933,0.290954625423,False,2,1.89999997616,0.89
3muz DMS 6012 3,SO4,DMS,0.67937155071,0.00531572666465,0.674055824046,False,7,1.89999997616,0.882
3muz DMS 6012 1,SO4,DMS,0.322859591567,0.300051112854,0.0228084787124,False,2,1.89999997616,0.879
3muz DMS 6011 4,GOL,DMS,0.38815290916,0.0252493805987,0.362903528562,False,6,1.89999997616,0.84
3muz DMS 6011 3,DMS,DMS,0.280601335447,0.280601335447,0.0,True,1,1.89999997616,0.906
3muz DMS 6011 2,SO4,DMS,0.313673336737,0.180935058142,0.132738278595,False,2,1.89999997616,0.928
3muz DMS 6010 4,NO3,DMS,0.290380879139,0.0592111681397,0.231169711,False,5,1.89999997616,0.963
3muz DMS 6010 3,DMS,DMS,0.513421863856,0.513421863856,0.0,True,1,1.89999997616,0.947
3muz DMS 6010 2,DMS,DMS,0.292219449652,0.292219449652,0.0,True,1,1.89999997616,0.913
3muz DMS 6010 1,EDO,DMS,0.328373418902,0.0138789303023,0.3144944886,False,8,1.89999997616,0.857
3muz DMS 6009 4,SO4,DMS,0.586659679136,0.0922940032853,0.494365675851,False,2,1.89999997616,0.907
3muz DMS 6009 3,SO4,DMS,0.411564299566,0.26937953175,0.142184767815,False,2,1.89999997616,0.962
3muz DMS 6009 2,DMS,DMS,0.515007336613,0.515007336613,0.0,True,1,1.89999997616,0.964
3muz DMS 6009 1,DMS,DMS,0.450841407724,0.450841407724,0.0,True,1,1.89999997616,0.912
3muz DMS 6008 4,DMS,DMS,0.555484132549,0.555484132549,0.0,True,1,1.89999997616,0.958
3muz DMS 6008 3,DMS,DMS,0.925613751284,0.925613751284,0.0,True,1,1.89999997616,0.992
3muz DMS 6008 2,DMS,DMS,0.753397032925,0.753397032925,0.0,True,1,1.89999997616,0.981
3muz DMS 6008 1,NO3,DMS,0.467021390349,0.0790011160598,0.388020274289,False,3,1.89999997616,0.969
3muz DMS 6007 4,EDO,DMS,0.433049091845,0.107425806817,0.325623285029,False,2,1.89999997616,0.851
3muz DMS 6007 3,SO4,DMS,0.29551774705,0.14049316547,0.15502458158,False,2,1.89999997616,0.892
3muz DMS 6007 2,EDO,DMS,0.390043948456,0.109932758602,0.280111189855,False,2,1.89999997616,0.913
3muz DMS 6007 1,DMS,DMS,0.339998717825,0.339998717825,0.0,True,1,1.89999997616,0.869
3muz DMS 6006 4,DMS,DMS,0.422984870339,0.422984870339,0.0,True,1,1.89999997616,0.925
3muz DMS 6006 3,DMS,DMS,0.650140917091,0.650140917091,0.0,True,1,1.89999997616,0.925
3muz DMS 6006 2,GOL,DMS,0.351425944905,0.0323568115218,0.319069133383,False,4,1.89999997616,0.892
3muz DMS 6006 1,EDO,DMS,0.312600003396,0.159932775776,0.152667227621,False,2,1.89999997616,0.833
3muz DMS 6005 4,SO4,DMS,0.257138248889,0.159706131484,0.0974321174048,False,2,1.89999997616,0.912
3muz DMS 6005 3,GOL,DMS,0.367877504652,0.0184799675523,0.3493975371,False,8,1.89999997616,0.797
3muz DMS 6005 2,SO4,DMS,0.766465116351,0.13054667063,0.635918445722,False,2,1.89999997616,0.918
3muz DMS 6005 1,EDO,DMS,0.224839981629,0.065081339789,0.159758641841,False,5,1.89999997616,0.945
3muz DMS 6004 4,DMS,DMS,0.940657945394,0.940657945394,0.0,True,1,1.89999997616,0.987
3muz DMS 6004 3,DMS,DMS,0.971832307442,0.971832307442,0.0,True,1,1.89999997616,0.977
3muz DMS 6004 2,DMS,DMS,0.507559411918,0.507559411918,0.0,True,1,1.89999997616,0.98
3muz DMS 6004 1,DMS,DMS,0.865122743682,0.865122743682,0.0,True,1,1.89999997616,0.988
3muz DMS 6003 4,DMS,DMS,0.484465029041,0.484465029041,0.0,True,1,1.89999997616,0.956
3muz DMS 6003 3,DMS,DMS,0.73011900697,0.73011900697,0.0,True,1,1.89999997616,0.951
3muz DMS 6003 2,DMS,DMS,0.884055455562,0.884055455562,0.0,True,1,1.89999997616,0.955
3muz DMS 6003 1,DMS,DMS,0.661045895903,0.661045895903,0.0,True,1,1.89999997616,0.898
3muz DMS 6002 4,DMS,DMS,0.393702564177,0.393702564177,0.0,True,1,1.89999997616,0.866
3muz DMS 6002 3,DMS,DMS,0.558537134062,0.558537134062,0.0,True,1,1.89999997616,0.978
3muz DMS 6002 2,DMS,DMS,0.663194894691,0.663194894691,0.0,True,1,1.89999997616,0.965
3muz DMS 6002 1,SO4,DMS,0.287405584524,0.270540797193,0.0168647873305,False,2,1.89999997616,0.937
3muz DMS 6001 4,DMS,DMS,0.300366368207,0.300366368207,0.0,True,1,1.89999997616,0.92
3muz DMS 6001 3,DMS,DMS,0.747698145025,0.747698145025,0.0,True,1,1.89999997616,0.9
3muz DMS 6001 2,DMS,DMS,0.946105475304,0.946105475304,0.0,True,1,1.89999997616,0.928
3muz DMS 6001 1,DMS,DMS,0.748295355551,0.748295355551,0.0,True,1,1.89999997616,0.939
3muz DMS 6000 4,EDO,DMS,0.185831014524,0.155998762699,0.0298322518244,False,3,1.89999997616,0.975
3muz DMS 6000 3,DMS,DMS,0.866784431681,0.866784431681,0.0,True,1,1.89999997616,0.982
3muz DMS 6000 2,DMS,DMS,0.855297319046,0.855297319046,0.0,True,1,1.89999997616,0.963
3muz DMS 6000 1,DMS,DMS,0.94474559151,0.94474559151,0.0,True,1,1.89999997616,0.985
3muz DMS 1024 3,SO4,DMS,0.347061224349,0.225235964762,0.121825259586,False,2,1.89999997616,0.936
3muy DMS 8705 4,EDO,DMS,0.396520184159,0.0832938182991,0.313226365859,False,4,2.5,0.962
3muy DMS 8703 4,GOL,DMS,0.448708199884,0.00917967014052,0.439528529744,False,7,2.5,0.95
3muy DMS 8701 4,DMS,DMS,0.792951675369,0.792951675369,0.0,True,1,2.5,0.975
3muy DMS 8618 4,EDO,DMS,0.354122600366,0.0482867015508,0.305835898815,False,4,2.5,0.892
3muy DMS 8617 4,EDO,DMS,0.550915370136,0.0170786519843,0.533836718152,False,7,2.5,0.957
3muy DMS 8615 4,DMS,DMS,0.358523657641,0.358523657641,0.0,True,1,2.5,0.919
3muy DMS 8614 4,EDO,DMS,0.434444059338,0.00539356118461,0.429050498153,False,14,2.5,0.865
3muy DMS 8613 4,SO4,DMS,0.539280574293,0.0560598325428,0.483220741751,False,4,2.5,0.88
3muy DMS 8613 3,SO4,DMS,0.543814616558,0.0457334566216,0.498081159937,False,4,2.5,0.943
3muy DMS 8613 2,SO4,DMS,0.360803246007,0.184310376527,0.17649286948,False,2,2.5,0.918
3muy DMS 8612 3,SO4,DMS,0.543195291957,0.100914182433,0.442281109524,False,2,2.5,0.943
3muy DMS 8612 2,EDO,DMS,0.243901731034,0.141494029959,0.102407701075,False,2,2.5,0.93
3muy DMS 8611 4,GOL,DMS,0.255521863887,0.0156369592193,0.239884904668,False,6,2.5,0.943
3muy DMS 8611 3,SO4,DMS,0.890290940553,0.0282008143447,0.862090126208,False,2,2.5,0.942
3muy DMS 8611 2,SO4,DMS,0.584728790129,0.0462515194466,0.538477270682,False,5,2.5,0.957
3muy DMS 8610 4,SO4,DMS,0.675474106528,0.0949832622722,0.580490844256,False,2,2.5,0.944
3muy DMS 8610 3,GOL,DMS,0.380402739881,0.00616125730457,0.374241482577,False,10,2.5,0.932
3muy DMS 8610 2,SO4,DMS,0.639904898264,0.0640757311283,0.575829167136,False,3,2.5,0.938
3muy DMS 8609 3,SO4,DMS,0.355227931791,0.0333792229839,0.321848708807,False,5,2.5,0.894
3muy DMS 8609 2,GOL,DMS,0.461204395859,0.00919441968718,0.452009976172,False,8,2.5,0.894
3muy DMS 8609 1,SO4,DMS,0.460535128112,0.0148997450915,0.445635383021,False,9,2.5,0.922
3muy DMS 8608 4,SO4,DMS,0.479055160165,0.0235405644636,0.455514595701,False,5,2.5,0.962
3muy DMS 8608 3,SO4,DMS,0.329477257766,0.0199324386314,0.309544819134,False,6,2.5,0.908
3muy DMS 8608 2,SO4,DMS,0.309624350186,0.0169483435959,0.29267600659,False,6,2.5,0.938
3muy DMS 8607 4,SO4,DMS,0.525683053669,0.054711907823,0.470971145846,False,3,2.5,0.956
3muy DMS 8607 3,SO4,DMS,0.617966798059,0.101955833004,0.516010965055,False,2,2.5,0.941
3muy DMS 8607 2,SO4,DMS,0.650087908676,0.126804251331,0.523283657346,False,2,2.5,0.978
3muy DMS 8607 1,SO4,DMS,0.450764406489,0.078260104097,0.372504302392,False,3,2.5,0.97
3muy DMS 8606 3,DMS,DMS,0.263262933958,0.263262933958,0.0,True,1,2.5,0.928
3muy DMS 8606 2,SO4,DMS,0.684804902754,0.0479431172137,0.63686178554,False,2,2.5,0.945
3muy DMS 8606 1,DMS,DMS,0.448120865414,0.448120865414,0.0,True,1,2.5,0.976
3muy DMS 8605 3,SO4,DMS,0.307930111756,0.128895668519,0.179034443237,False,4,2.5,0.946
3muy DMS 8605 2,SO4,DMS,0.466767332375,0.036278891432,0.430488440943,False,5,2.5,0.948
3muy DMS 8604 3,GOL,DMS,0.372800578584,0.0290060579619,0.343794520622,False,5,2.5,0.976
3muy DMS 8604 2,GOL,DMS,0.251464684095,0.137540854552,0.113923829543,False,3,2.5,0.948
3muy DMS 8604 1,SO4,DMS,0.414986201019,0.0194484134571,0.395537787562,False,7,2.5,0.907
3muy DMS 8603 3,SO4,DMS,0.32559010328,0.0780425554782,0.247547547802,False,5,2.5,0.957
3muy DMS 8603 1,SO4,DMS,0.520181727198,0.138469696754,0.381712030444,False,2,2.5,0.976
3muy DMS 8602 3,SO4,DMS,0.527152999774,0.0278534419041,0.49929955787,False,6,2.5,0.966
3muy DMS 8602 2,SO4,DMS,0.492131371428,0.0371629520066,0.454968419421,False,4,2.5,0.926
3muy DMS 8602 1,SO4,DMS,0.375226086056,0.101666296387,0.273559789669,False,3,2.5,0.934
3muy DMS 8601 3,SO4,DMS,0.364571138674,0.123679557936,0.240891580737,False,3,2.5,0.938
3muy DMS 8601 2,SO4,DMS,0.649878537543,0.0441158682451,0.605762669298,False,4,2.5,0.892
3muy DMS 8508 4,EDO,DMS,0.332782112205,0.0445793616421,0.288202750562,False,6,2.5,0.953
3muy DMS 8504 2,SO4,DMS,0.638875508772,0.0130047853025,0.62587072347,False,7,2.5,0.984
3muy DMS 8504 1,SO4,DMS,0.771177168938,0.0088795260598,0.762297642878,False,6,2.5,0.963
3muy DMS 8503 1,SO4,DMS,0.280235350741,0.147374652859,0.132860697881,False,3,2.5,0.963
3muy DMS 8502 2,SO4,DMS,0.589713140237,0.0151068335266,0.57460630671,False,7,2.5,0.959
3muy DMS 8501 4,SO4,DMS,0.584704345357,0.16949704546,0.415207299896,False,2,2.5,0.971
3muy DMS 8501 3,MES,DMS,0.312657256671,0.0154938089919,0.297163447679,False,7,2.5,0.974
3muy DMS 8501 1,SO4,DMS,0.431763457405,0.318542326416,0.113221130989,False,2,2.5,0.947
3muy DMS 8425 3,SO4,DMS,0.673501811781,0.0132408113069,0.660261000475,False,6,2.5,0.937
3muy DMS 8423 4,EDO,DMS,0.383002810207,0.0370196208517,0.345983189355,False,4,2.5,0.962
3muy DMS 8423 3,DMS,DMS,0.279601500091,0.279601500091,0.0,True,1,2.5,0.961
3muy DMS 8423 2,SO4,DMS,0.230489714159,0.0690664367311,0.161423277428,False,4,2.5,0.924
3muy DMS 8421 4,SO4,DMS,0.479076524209,0.0357886005038,0.443287923705,False,5,2.5,0.943
3muy DMS 8421 3,SO4,DMS,0.340986604384,0.111505293015,0.22948131137,False,3,2.5,0.946
3muy DMS 8421 2,SO4,DMS,0.402901875681,0.0828257892988,0.320076086383,False,4,2.5,0.978
3muy DMS 8421 1,DMS,DMS,0.353716126064,0.353716126064,0.0,True,1,2.5,0.944
3muy DMS 8420 3,DMS,DMS,0.384950992332,0.384950992332,0.0,True,1,2.5,0.861
3muy DMS 8420 2,SO4,DMS,0.331033893457,0.309383147952,0.0216507455045,False,2,2.5,0.93
3muy DMS 8419 4,GOL,DMS,0.473849118219,0.0333660631044,0.440483055115,False,4,2.5,0.956
3muy DMS 8419 1,SO4,DMS,0.283169790853,0.064624762509,0.218545028344,False,4,2.5,0.918
3muy DMS 8417 3,GOL,DMS,0.256382172667,0.0365307480462,0.219851424621,False,5,2.5,0.941
3muy DMS 8417 2,DMS,DMS,0.381435459634,0.381435459634,0.0,True,1,2.5,0.865
3muy DMS 8416 4,DMS,DMS,0.350176812129,0.350176812129,0.0,True,1,2.5,0.962
3muy DMS 8416 3,EDO,DMS,0.284245653164,0.165439122739,0.118806530425,False,2,2.5,0.929
3muy DMS 8416 2,SO4,DMS,0.597150855728,0.0433860933629,0.553764762366,False,4,2.5,0.981
3muy DMS 8416 1,EDO,DMS,0.524977151036,0.0157980036708,0.509179147365,False,8,2.5,0.919
3muy DMS 8415 3,EDO,DMS,0.563880509775,0.0124904321801,0.551390077595,False,7,2.5,0.903
3muy DMS 8414 4,SO4,DMS,0.732157651741,0.0324009828686,0.699756668872,False,3,2.5,0.937
3muy DMS 8414 3,SO4,DMS,0.77056260332,0.000816980188484,0.769745623132,False,34,2.5,0.971
3muy DMS 8414 2,SO4,DMS,0.634305503306,0.0433900237339,0.590915479572,False,4,2.5,0.976
3muy DMS 8414 1,SO4,DMS,0.839556958639,0.00981245840861,0.829744500231,False,5,2.5,0.926
3muy DMS 8412 4,DMS,DMS,0.781892664557,0.781892664557,0.0,True,1,2.5,0.99
3muy DMS 8412 3,SO4,DMS,0.647718049383,0.10497587446,0.542742174923,False,2,2.5,0.959
3muy DMS 8412 2,SO4,DMS,0.686480988566,0.0187098454984,0.667771143067,False,5,2.5,0.968
3muy DMS 8412 1,SO4,DMS,0.595050142639,0.122815933788,0.472234208851,False,2,2.5,0.963
3muy DMS 8411 4,SO4,DMS,0.489717406761,0.222005619335,0.267711787426,False,2,2.5,0.955
3muy DMS 8411 3,SO4,DMS,0.647205108944,0.0108679871131,0.636337121831,False,3,2.5,0.988
3muy DMS 8411 2,SO4,DMS,0.791616216141,0.0238104527062,0.767805763434,False,3,2.5,0.959
3muy DMS 8411 1,SO4,DMS,0.820665715851,0.00533910449643,0.815326611355,False,4,2.5,0.979
3muy DMS 8410 4,DMS,DMS,0.418235411198,0.418235411198,0.0,True,1,2.5,0.95
3muy DMS 8410 3,EDO,DMS,0.27435446982,0.101892443079,0.172462026741,False,3,2.5,0.912
3muy DMS 8409 4,DMS,DMS,0.553920449962,0.553920449962,0.0,True,1,2.5,0.963
3muy DMS 8409 3,SO4,DMS,0.454934282191,0.342025155841,0.112909126351,False,2,2.5,0.961
3muy DMS 8409 2,DMS,DMS,0.449952086506,0.449952086506,0.0,True,1,2.5,0.928
3muy DMS 8409 1,SO4,DMS,0.543324832749,0.172884400134,0.370440432615,False,2,2.5,0.957
3muy DMS 8408 4,SO4,DMS,0.569549836306,0.173466986747,0.396082849559,False,2,2.5,0.973
3muy DMS 8408 3,PO4,DMS,0.209350415444,0.128092263932,0.0812581515117,False,3,2.5,0.966
3muy DMS 8408 2,DMS,DMS,0.424267201076,0.424267201076,0.0,True,1,2.5,0.965
3muy DMS 8408 1,SO4,DMS,0.436412747462,0.251440843336,0.184971904125,False,2,2.5,0.957
3muy DMS 8407 3,EDO,DMS,0.223286492758,0.152542723643,0.0707437691149,False,3,2.5,0.922
3muy DMS 8407 1,EDO,DMS,0.267378388331,0.0191351004179,0.248243287914,False,6,2.5,0.894
3muy DMS 8406 4,DMS,DMS,0.573096947086,0.573096947086,0.0,True,1,2.5,0.961
3muy DMS 8406 2,SO4,DMS,0.28658919934,0.0874187839979,0.199170415343,False,4,2.5,0.958
3muy DMS 8406 1,SO4,DMS,0.343715162727,0.200780977516,0.142934185211,False,2,2.5,0.959
3muy DMS 8405 4,SO4,DMS,0.567297229443,0.288643249786,0.278653979657,False,2,2.5,0.974
3muy DMS 8405 3,SO4,DMS,0.657660918795,0.0535345614452,0.60412635735,False,3,2.5,0.984
3muy DMS 8405 2,SO4,DMS,0.680028413484,0.149866849255,0.530161564229,False,2,2.5,0.983
3muy DMS 8405 1,SO4,DMS,0.824718405518,0.0417733076187,0.782945097899,False,3,2.5,0.983
3muy DMS 8404 4,SO4,DMS,0.603987757086,0.164921174146,0.43906658294,False,2,2.5,0.977
3muy DMS 8404 3,DMS,DMS,0.401460436908,0.401460436908,0.0,True,1,2.5,0.97
3muy DMS 8404 2,SO4,DMS,0.338042458406,0.0195014602879,0.318540998118,False,5,2.5,0.973
3muy DMS 8404 1,SO4,DMS,0.605275444166,0.154084518242,0.451190925924,False,2,2.5,0.977
3muy DMS 8403 4,DMS,DMS,0.658390601058,0.658390601058,0.0,True,1,2.5,0.983
3muy DMS 8403 3,DMS,DMS,0.573497689315,0.573497689315,0.0,True,1,2.5,0.98
3muy DMS 8403 2,DMS,DMS,0.497352847198,0.497352847198,0.0,True,1,2.5,0.982
3muy DMS 8403 1,DMS,DMS,0.45493167047,0.45493167047,0.0,True,1,2.5,0.993
3muy DMS 8402 4,DMS,DMS,0.519678531031,0.519678531031,0.0,True,1,2.5,0.976
3muy DMS 8402 3,DMS,DMS,0.423020443082,0.423020443082,0.0,True,1,2.5,0.969
3muy DMS 8402 2,PO4,DMS,0.613136743154,0.0068719190973,0.606264824056,False,4,2.5,0.962
3muy DMS 8402 1,DMS,DMS,0.407025759648,0.407025759648,0.0,True,1,2.5,0.969
3muy DMS 8401 4,DMS,DMS,0.750744798985,0.750744798985,0.0,True,1,2.5,0.987
3muy DMS 8401 3,SO4,DMS,0.708783612287,0.0213127510863,0.687470861201,False,4,2.5,0.987
3muy DMS 8401 2,SO4,DMS,0.655175202823,0.184695170269,0.470480032554,False,2,2.5,0.992
3muy DMS 8401 1,DMS,DMS,0.732420322943,0.732420322943,0.0,True,1,2.5,0.993
3muy DMS 1024 4,EDO,DMS,0.390102489445,0.0662267021467,0.323875787299,False,3,2.5,0.87
3muy DMS 1024 3,SO4,DMS,0.554572784974,0.0537560492309,0.500816735743,False,3,2.5,0.955
3muu NAG 761 F,NAG,NAG,0.892756955706,0.892756955706,0.0,True,1,3.29999995232,0.874
3muu NAG 761 D,NAG,NAG,0.913358907709,0.913358907709,0.0,True,1,3.29999995232,0.816
3muu NAG 761 C,NAG,NAG,0.850402819226,0.850402819226,0.0,True,1,3.29999995232,0.844
3muu NAG 761 B,NAG,NAG,0.956304802042,0.956304802042,0.0,True,1,3.29999995232,0.82
3muu NAG 761 A,NAG,NAG,0.929825659277,0.929825659277,0.0,True,1,3.29999995232,0.907
3muu NAG 751 F,NAG_NAG,NAG_NAG,0.906919281961,0.906919281961,0.0,True,1,3.29999995232,0.88
3muu NAG 751 E,NAG_NAG,NAG_NAG,0.918749500746,0.918749500746,0.0,True,1,3.29999995232,0.904
3muu NAG 751 D,NAG_NAG,NAG_NAG,0.57603470034,0.57603470034,0.0,True,1,3.29999995232,0.914
3muu NAG 751 B,NAG_NAG,NAG_NAG,0.909965987863,0.909965987863,0.0,True,1,3.29999995232,0.918
3muu NAG 751 A,NAG_NAG,NAG_NAG,0.87541197654,0.87541197654,0.0,True,1,3.29999995232,0.918
3muu BMA 763 F,NAG,BMA,0.211920028628,0.0522115361428,0.159708492485,False,4,3.29999995232,0.769
3muu BMA 763 D,BMA,BMA,0.348118519927,0.348118519927,0.0,True,1,3.29999995232,0.749
3muu BMA 763 B,NAG,BMA,0.366157781288,0.219273000294,0.146884780994,False,2,3.29999995232,0.8
3muu BMA 763 A,MAN,BMA,0.47529183905,0.0652450492261,0.410046789824,False,3,3.29999995232,0.632
3mut GTP 8 R,ADP,GTP,0.240730283529,0.193777255692,0.0469530278373,False,2,3.0,0.865
3mut C2E 1 R,C2E,C2E,0.153750386469,0.153750386469,0.0,True,1,3.0,0.934
3mur GTP 8 R,GTP,GTP,0.202409144669,0.202409144669,0.0,True,1,3.0,0.835
3muo GOL 903 A,GOL,GOL,0.505966398455,0.505966398455,0.0,True,1,2.0,0.779
3muo GOL 902 A,SO4,GOL,0.754334675884,0.0645184199517,0.689816255932,False,2,2.0,0.894
3mun GOL 808 A,EDO,GOL,0.497951412474,0.337540752029,0.160410660445,False,2,2.09999990463,0.767
3mun GOL 807 A,SO4,GOL,0.674385889845,0.0601805880721,0.614205301773,False,3,2.09999990463,0.885
3mum GTP 8 R,GTP,GTP,0.232864726811,0.232864726811,0.0,True,1,2.90000009537,0.893
3mui GOL 483 A,GOL,GOL,0.414919163751,0.414919163751,0.0,True,1,1.79999995232,0.804
3mui GOL 481 A,GOL,GOL,0.455924422606,0.455924422606,0.0,True,1,1.79999995232,0.812
3mui GOL 480 B,EDO,GOL,0.312635277175,0.177848727884,0.134786549291,False,2,1.79999995232,0.861
3muh NAG 500 L,NAG_NAG,NAG_NAG,0.722528252677,0.722528252677,0.0,True,1,2.70000004768,0.884
3mug NAG 501 I,BOG,NAG,0.20450054341,0.0733524524731,0.131148090937,False,3,2.5,0.861
3mug NAG 500 I,NAG,NAG,0.977183841823,0.977183841823,0.0,True,1,2.5,0.913
3mug NAG 500 C,NAG,NAG,0.944079993828,0.944079993828,0.0,True,1,2.5,0.782
3mue GOL 296 C,EDO,GOL,0.304711183738,0.139136957265,0.165574226473,False,3,2.70000004768,0.823
3mue GOL 296 B,SO4,GOL,0.310555056564,0.187370466641,0.123184589923,False,2,2.70000004768,0.754
3mue GOL 295 B,GOL,GOL,0.489940825616,0.489940825616,0.0,True,1,2.70000004768,0.781
3mue GOL 294 B,GOL,GOL,0.335762480701,0.335762480701,0.0,True,1,2.70000004768,0.916
3mue GOL 294 A,EDO,GOL,0.289811062417,0.230145598985,0.0596654634318,False,2,2.70000004768,0.837
3mue GOL 293 D,GOL,GOL,0.777529231119,0.777529231119,0.0,True,1,2.70000004768,0.922
3mue GOL 293 C,EDO,GOL,0.336847218037,0.234329786883,0.102517431154,False,2,2.70000004768,0.85
3mue GOL 293 B,NAG,GOL,0.336942708393,0.298106667014,0.0388360413792,False,2,2.70000004768,0.7
3mue GOL 292 D,GOL,GOL,0.476644503436,0.476644503436,0.0,True,1,2.70000004768,0.928
3mue GOL 292 C,GOL,GOL,0.637250367881,0.637250367881,0.0,True,1,2.70000004768,0.962
3mue GOL 292 B,GOL,GOL,0.731428778464,0.731428778464,0.0,True,1,2.70000004768,0.975
3mue GOL 291 D,GOL,GOL,0.574790945516,0.574790945516,0.0,True,1,2.70000004768,0.88
3mue GOL 291 B,EDO,GOL,0.321305208947,0.0513185362898,0.269986672657,False,4,2.70000004768,0.935
3mue GOL 291 A,GOL,GOL,0.830814042629,0.830814042629,0.0,True,1,2.70000004768,0.971
3mua GOL 473 A,EDO,GOL,0.292996037384,0.275197886034,0.0177981513501,False,2,1.5,0.729
3mua GOL 471 A,EDO,GOL,0.327094335024,0.314887052196,0.0122072828284,False,2,1.5,0.766
3mua ACT 338 B,EDO,ACT,0.426017216319,0.0532566934893,0.37276052283,False,4,1.5,0.881
3mua ACT 337 A,ACT,ACT,0.723958944291,0.723958944291,0.0,True,1,1.5,0.917
3mu3 GOL 1 B,SO4,GOL,0.356100505828,0.24460154504,0.111498960788,False,2,2.40000009537,0.823
3mtx PGE 1 A,GOL,PGE,0.4494794771,0.000940945917069,0.448538531183,False,74,2.0,0.71
3mtw GOL 437 A,SO4,GOL,0.607543343616,0.0637366696251,0.543806673991,False,3,1.70000004768,0.718
3mtw GOL 436 A,GOL,GOL,0.824717409913,0.824717409913,0.0,True,1,1.70000004768,0.823
3mtw GOL 434 A,GOL,GOL,0.329032115544,0.329032115544,0.0,True,1,1.70000004768,0.842
3mtw GOL 433 A,GOL,GOL,0.911123531546,0.911123531546,0.0,True,1,1.70000004768,0.773
3mtw GOL 3 A,GOL,GOL,0.77960239926,0.77960239926,0.0,True,1,1.70000004768,0.895
3mtn GOL 3 C,SO4,GOL,0.303867601016,0.175677866889,0.128189734127,False,2,2.70000004768,0.872
3mtn GOL 2 A,SO4,GOL,0.343152000744,0.29462230141,0.0485296993349,False,2,2.70000004768,0.922
3mtc GOL 574 A,GOL,GOL,0.521398315319,0.521398315319,0.0,True,1,2.40000009537,0.839
3mtc GOL 1 A,GOL,GOL,0.403842453067,0.403842453067,0.0,True,1,2.40000009537,0.896
3mt8 LLP 680 A,LLP,LLP,0.995613026879,0.995613026879,0.0,True,1,2.0,0.974
3mt7 LLP 680 A,LLP,LLP,0.996898531415,0.996898531415,0.0,True,1,2.0,0.982
3msz GOL 93 B,SO4,GOL,0.286093250323,0.0653172269773,0.220776023346,False,5,2.09999990463,0.862
3msr GOL 362 A,GOL,GOL,0.987214191317,0.987214191317,0.0,True,1,2.20000004768,0.974
3msn GOL 702 A,EDO,GOL,0.347830708217,0.202897390925,0.144933317292,False,2,2.0,0.95
3msk GOL 394 A,SO4,GOL,0.908135283409,0.00535467879212,0.902780604617,False,3,2.0,0.933
3msj GOL 401 B,EDO,GOL,0.337416405491,0.215370785696,0.122045619796,False,2,1.79999995232,0.778
3msj GOL 397 A,EDO,GOL,0.36464055551,0.208124418967,0.156516136543,False,2,1.79999995232,0.841
3msj GOL 396 B,EDO,GOL,0.374967131422,0.320895955625,0.0540711757973,False,2,1.79999995232,0.873
3msh PG4 106 A,EDO,PG4,0.573170395293,0.00529591855844,0.567874476735,False,8,1.5,0.718
3msg GOL 473 A,GOL,GOL,0.273669797176,0.273669797176,0.0,True,1,1.5,0.729
3msg GOL 471 A,GOL,GOL,0.339482126035,0.339482126035,0.0,True,1,1.5,0.766
3msg ACT 338 B,EDO,ACT,0.455423329277,0.0778934407293,0.377529888548,False,3,1.5,0.881
3msg ACT 337 A,ACT,ACT,0.643710767298,0.643710767298,0.0,True,1,1.5,0.917
3msf GOL 802 A,GOL,GOL,0.604894654614,0.604894654614,0.0,True,1,2.09999990463,0.829
3msd GOL 482 A,EDO,GOL,0.427003902062,0.160091593083,0.266912308979,False,3,1.60000002384,0.691
3msd ACT 337 A,ACT,ACT,0.454146649426,0.454146649426,0.0,True,1,1.60000002384,0.913
3msc LLP 680 A,LLP,LLP,0.985890238408,0.985890238408,0.0,True,1,2.0,0.982
3ms8 GOL 474 A,GOL,GOL,0.679011121583,0.679011121583,0.0,True,1,1.70000004768,0.722
3ms8 GOL 473 A,GOL,GOL,0.584467457194,0.584467457194,0.0,True,1,1.70000004768,0.887
3ms8 GOL 472 B,EDO,GOL,0.904404827566,0.0622452657231,0.842159561843,False,2,1.70000004768,0.842
3ms8 GOL 471 B,GOL,GOL,0.902381254457,0.902381254457,0.0,True,1,1.70000004768,0.814
3ms8 GOL 470 A,EDO,GOL,0.57677288315,0.232348804155,0.344424078994,False,2,1.70000004768,0.812
3ms7 LLP 680 A,LLP,LLP,0.980723090383,0.980723090383,0.0,True,1,2.0,0.982
3ms4 LLP 680 A,LLP,LLP,0.98693331358,0.98693331358,0.0,True,1,2.09999990463,0.975
3ms3 GOL 805 A,GOL,GOL,0.914138963798,0.914138963798,0.0,True,1,1.5,0.925
3ms3 DMS 901 A,SO4,DMS,0.495286746115,0.305990784447,0.189295961668,False,2,1.5,0.938
3ms2 LLP 680 A,LLP,LLP,0.988775680987,0.988775680987,0.0,True,1,2.09999990463,0.979
3mry NAG 249 A,NAG,NAG,0.994779530063,0.994779530063,0.0,True,1,2.0,0.705
3mry GOL 248 A,GOL,GOL,0.914885686378,0.914885686378,0.0,True,1,2.0,0.93
3mry ADE 247 A,ADE,ADE,0.478075169045,0.478075169045,0.0,True,1,2.0,0.942
3mrx LLP 680 A,LLP,LLP,0.994190955399,0.994190955399,0.0,True,1,2.0,0.978
3mrw NAG 247 A,NAG,NAG,0.996452434921,0.996452434921,0.0,True,1,1.70000004768,0.732
3mrw GOL 249 A,GOL,GOL,0.980068492198,0.980068492198,0.0,True,1,1.70000004768,0.919
3mrv LLP 680 A,LLP,LLP,0.992563653672,0.992563653672,0.0,True,1,1.89999997616,0.979
3mrv DMS 843 A,SO4,DMS,0.833510039179,9.6108206273e-05,0.833413930973,False,46,1.89999997616,0.965
3mrt LLP 680 A,LLP,LLP,0.99422826398,0.99422826398,0.0,True,1,2.0,0.98
3mr5 GOL 436 A,GOL,GOL,0.958723249163,0.958723249163,0.0,True,1,1.79999995232,0.859
3mr3 GOL 436 A,EDO,GOL,0.949400915834,0.028728779687,0.920672136147,False,2,1.79999995232,0.829
3mr2 GOL 436 A,EDO,GOL,0.905266459343,0.0475927373651,0.857673721978,False,2,1.79999995232,0.905
3mr0 GOL 144 B,GOL,GOL,0.289666454368,0.289666454368,0.0,True,1,1.5,0.906
3mr0 GOL 144 A,SO4,GOL,0.359954010022,0.171486649291,0.188467360731,False,2,1.5,0.915
3mqw GOL 145 F,GOL,GOL,0.876664178335,0.876664178335,0.0,True,1,1.79999995232,0.802
3mqw GOL 145 E,GOL,GOL,0.841504583022,0.841504583022,0.0,True,1,1.79999995232,0.926
3mqw GOL 145 D,EDO,GOL,0.662795097342,0.192341351126,0.470453746216,False,2,1.79999995232,0.927
3mqw GOL 145 C,GOL,GOL,0.695910065573,0.695910065573,0.0,True,1,1.79999995232,0.934
3mqw GOL 145 B,GOL,GOL,0.769655649854,0.769655649854,0.0,True,1,1.79999995232,0.892
3mqw GOL 145 A,EDO,GOL,0.716380962786,0.103968165676,0.612412797109,False,2,1.79999995232,0.901
3mql NAG 525 A,NAG,NAG,0.684591350555,0.684591350555,0.0,True,1,3.0,0.888
3mqf LLP 680 A,LLP,LLP,0.987670920836,0.987670920836,0.0,True,1,2.0,0.986
3mqe NAG 681 D,SO4,NAG,0.358318099567,0.125527427116,0.232790672451,False,2,2.79999995232,0.889
3mqe NAG 681 B,NAG,NAG,0.948153640018,0.948153640018,0.0,True,1,2.79999995232,0.909
3mqe NAG 671 D,NAG_NAG,NAG_NAG,0.332085690563,0.332085690563,0.0,True,1,2.79999995232,0.925
3mqe NAG 671 C,NAG,NAG_NAG,0.648387430915,0.230190677524,0.41819675339,False,2,2.79999995232,0.914
3mqe NAG 671 B,NAG_NAG,NAG_NAG,0.808043197397,0.808043197397,0.0,True,1,2.79999995232,0.936
3mqe NAG 671 A,NAG_NAG,NAG_NAG,0.695817860347,0.695817860347,0.0,True,1,2.79999995232,0.901
3mqe NAG 661 D,NAG,NAG,0.935191256462,0.935191256462,0.0,True,1,2.79999995232,0.832
3mqe NAG 661 C,GOL,NAG,0.308248431754,0.289257614254,0.0189908175001,False,2,2.79999995232,0.881
3mqe NAG 661 B,NAG,NAG,0.448255973159,0.448255973159,0.0,True,1,2.79999995232,0.836
3mqe NAG 661 A,NAG,NAG,0.857943642537,0.857943642537,0.0,True,1,2.79999995232,0.814
3mpt GOL 364 A,GOL,GOL,0.241955986908,0.241955986908,0.0,True,1,1.89999997616,0.844
3mpt GOL 362 A,SO4,GOL,0.774969532023,0.0672024493503,0.707767082672,False,2,1.89999997616,0.938
3mpk GOL 544 A,GOL,GOL,0.780391384237,0.780391384237,0.0,True,1,2.0,0.951
3mpk GOL 1 A,GOL,GOL,0.683109759188,0.683109759188,0.0,True,1,2.0,0.983
3mpk ACT 543 A,ACT,ACT,0.445433151792,0.445433151792,0.0,True,1,2.0,0.983
3mpk ACT 2 A,ACT,ACT,0.503373489019,0.503373489019,0.0,True,1,2.0,0.991
3mph NAG 7451 B,NAG,NAG,0.995068192348,0.995068192348,0.0,True,1,2.0,0.862
3mph NAG 7451 A,NAG,NAG,0.995709362109,0.995709362109,0.0,True,1,2.0,0.861
3mph NAG 5381 B,NAG,NAG,0.825698257483,0.825698257483,0.0,True,1,2.0,0.895
3mph NAG 5381 A,NAG,NAG,0.969354540702,0.969354540702,0.0,True,1,2.0,0.927
3mph NAG 1101 B,NAG_NAG,NAG_NAG,0.87473432411,0.87473432411,0.0,True,1,2.0,0.913
3mpb GOL 230 A,GOL,GOL,0.527519581905,0.527519581905,0.0,True,1,1.89999997616,0.632
3mpb ACT 229 B,GOL,ACT,0.316188815785,0.00201365464996,0.314175161135,False,65,1.89999997616,0.88
3mpb ACT 228 A,EDO,ACT,0.368967014336,0.160114648501,0.208852365834,False,3,1.89999997616,0.713
3mp8 MAL 1 A,MAL,MAL,0.956696169147,0.956696169147,0.0,True,1,1.89999997616,0.951
3mp8 GOL 7 A,GOL,GOL,0.605930136177,0.605930136177,0.0,True,1,1.89999997616,0.78
3mp8 GOL 6 A,SO4,GOL,0.516161871591,0.0143755508385,0.501786320753,False,8,1.89999997616,0.692
3mp8 GOL 3 A,GOL,GOL,0.391715195378,0.391715195378,0.0,True,1,1.89999997616,0.789
3mp6 MLY 4 P,HYP,MLY,0.143038726061,0.0179251150648,0.125113610996,False,7,1.5,0.789
3mp6 MAL 600 A,MAL,MAL,0.816041013195,0.816041013195,0.0,True,1,1.5,0.97
3mp1 MAL 600 A,MAL,MAL,0.908077265837,0.908077265837,0.0,True,1,2.59999990463,0.943
3mp1 ACT 1 A,SO4,ACT,0.445857237031,0.0281761665138,0.417681070517,False,4,2.59999990463,0.813
3moz GOL 1007 A,EDO,GOL,0.513314721633,0.31325096115,0.200063760483,False,2,1.5,0.784
3moz GOL 1004 A,EDO,GOL,0.845687611804,0.112722897432,0.732964714372,False,2,1.5,0.904
3moz GOL 1003 B,GOL,GOL,0.2625970983,0.2625970983,0.0,True,1,1.5,0.776
3moz GOL 1001 A,GOL,GOL,0.975367908614,0.975367908614,0.0,True,1,1.5,0.965
3moz GOL 1000 B,GOL,GOL,0.967577145815,0.967577145815,0.0,True,1,1.5,0.953
3moz ACT 1008 B,ACT,ACT,0.659116018277,0.659116018277,0.0,True,1,1.5,0.85
3mor NAG 1216 A,NAG,NAG,0.982501519487,0.982501519487,0.0,True,1,2.59999990463,0.902
3mor GOL 5 B,EDO,GOL,0.486362143117,0.329155767213,0.157206375903,False,2,2.59999990463,0.69
3mor GOL 3 A,GOL,GOL,0.467060484819,0.467060484819,0.0,True,1,2.59999990463,0.837
3mor GOL 2 B,GOL,GOL,0.165676898572,0.165676898572,0.0,True,1,2.59999990463,0.854
3mor GOL 1 B,GOL,GOL,0.752657761858,0.752657761858,0.0,True,1,2.59999990463,0.922
3mom IMD 186 B,EDO,IMD,0.334594055405,0.000568955933352,0.334025099472,False,190,2.29999995232,0.962
3mog GOL 485 C,EDO,GOL,0.278852023213,0.168761618353,0.11009040486,False,2,2.20000004768,0.927
3mog GOL 485 B,NAG,GOL,0.380323870986,0.231708424713,0.148615446273,False,2,2.20000004768,0.839
3mof 1PE 1201 A,PEG,1PE,0.706520781606,0.0128621228592,0.693658658747,False,7,1.70000004768,0.896
3mof 1PE 1200 A,P6G,1PE,0.320407924517,0.0252729476858,0.295134976832,False,6,1.70000004768,0.855
3mo1 ACT 232 B,EDO,ACT,0.606633158495,0.0324326270417,0.574200531454,False,4,1.79999995232,0.925
3mo1 ACT 231 B,SO4,ACT,0.364114022136,0.0978064532541,0.266307568882,False,4,1.79999995232,0.934
3mo1 ACT 218 A,SO4,ACT,0.762983139041,0.0133586066402,0.749624532401,False,5,1.79999995232,0.948
3mo1 ACT 217 A,SO4,ACT,0.603018124553,0.0665161085528,0.536502016,False,4,1.79999995232,0.79
3mnu GOL 264 A,GOL,GOL,0.667673840865,0.667673840865,0.0,True,1,1.79999995232,0.917
3mnp GOL 786 A,EDO,GOL,0.5601871065,0.340446052817,0.219741053683,False,2,1.5,0.84
3mnp GOL 1 A,GOL,GOL,0.963668306156,0.963668306156,0.0,True,1,1.5,0.981
3mno GOL 786 A,EDO,GOL,0.666174134582,0.201833746563,0.464340388019,False,2,1.60000002384,0.841
3mno GOL 1 A,GOL,GOL,0.928505579819,0.928505579819,0.0,True,1,1.60000002384,0.969
3mnm MLY 560 C,CSO,MLY,0.370736591981,0.150565360732,0.22017123125,False,2,1.70000004768,0.892
3mnm MLY 560 B,CSO,MLY,0.372627638332,0.0263933043887,0.346234333944,False,5,1.70000004768,0.954
3mnm MLY 560 A,ABA,MLY,0.53909346283,0.154725727498,0.384367735333,False,2,1.70000004768,0.912
3mnm MLY 525 C,MLZ,MLY,0.275903910817,0.239258983648,0.0366449271692,False,2,1.70000004768,0.949
3mnm MLY 525 B,MLY,MLY,0.341528216492,0.341528216492,0.0,True,1,1.70000004768,0.926
3mnm MLY 525 A,CSX,MLY,0.189338692831,0.0485660143261,0.140772678505,False,5,1.70000004768,0.947
3mnm MLY 498 C,MLY,MLY,0.833212328479,0.833212328479,0.0,True,1,1.70000004768,0.973
3mnm MLY 498 B,M3L,MLY,0.502990504748,0.339474012081,0.163516492667,False,2,1.70000004768,0.955
3mnm MLY 498 A,MLY,MLY,0.328524741685,0.328524741685,0.0,True,1,1.70000004768,0.946
3mnm GOL 4 B,GOL,GOL,0.122591099062,0.122591099062,0.0,True,1,1.70000004768,0.877
3mnm GOL 2 C,EDO,GOL,0.53643790042,0.249710998744,0.286726901677,False,2,1.70000004768,0.915
3mnm GOL 1 A,GOL,GOL,0.800237349562,0.800237349562,0.0,True,1,1.70000004768,0.927
3mnl PGE 201 B,EDO,PGE,0.471576975416,0.00224931165336,0.469327663763,False,19,1.79999995232,0.82
3mnl PGE 200 B,GOL,PGE,0.3599653264,0.000187456943623,0.359777869456,False,200,1.79999995232,0.801
3mnl PGE 200 A,PEG,PGE,0.225396877224,0.126012987786,0.0993838894379,False,2,1.79999995232,0.884
3mng GOL 401 A,DMS,GOL,0.143767945436,0.0307443226878,0.113023622748,False,7,1.5,0.93
3mne GOL 785 A,GOL,GOL,0.761939093531,0.761939093531,0.0,True,1,2.0,0.874
3mne GOL 1 A,GOL,GOL,0.946257550238,0.946257550238,0.0,True,1,2.0,0.977
3mnd GOL 156 A,SO4,GOL,0.412100129674,0.0248491535729,0.387250976101,False,6,2.20000004768,0.92
3mna GOL 401 A,GOL,GOL,0.950591563008,0.950591563008,0.0,True,1,1.5,0.965
3mn8 NAG 501 C,NAG,NAG,0.937264711006,0.937264711006,0.0,True,1,2.70000004768,0.843
3mn8 NAG 501 B,SO4,NAG,0.728540126667,0.0170748440892,0.711465282577,False,5,2.70000004768,0.9
3mn8 NAG 501 A,NAG,NAG,0.298682231103,0.298682231103,0.0,True,1,2.70000004768,0.889
3mmy MES 1001 E,SO4,MES,0.381000919882,0.0024974497076,0.378503470174,False,11,1.70000004768,0.773
3mmy MES 1001 A,EDO,MES,0.406504760719,0.000405816655855,0.406098944063,False,197,1.70000004768,0.724
3mmx DMS 193 D,DMS,DMS,0.534375623981,0.534375623981,0.0,True,1,2.59999990463,0.91
3mmx DMS 192 H,SO4,DMS,0.174136760454,0.0420352841657,0.132101476288,False,6,2.59999990463,0.955
3mmx DMS 192 F,DMS,DMS,0.439379500039,0.439379500039,0.0,True,1,2.59999990463,0.878
3mmx DMS 192 E,IMD,DMS,0.423976796763,0.00416521169628,0.419811585066,False,15,2.59999990463,0.976
3mms GOL 233 A,EDO,GOL,0.686513843316,0.0151431519812,0.671370691334,False,6,1.60000002384,0.851
3mmo HEC 1006 B,HEC,HEC,0.965023019143,0.965023019143,0.0,True,1,1.5,0.992
3mmo HEC 1006 A,HEC,HEC,0.985695996572,0.985695996572,0.0,True,1,1.5,0.988
3mmo HEC 1005 B,HEC,HEC,0.99448429036,0.99448429036,0.0,True,1,1.5,0.984
3mmo HEC 1005 A,HEC,HEC,0.979940804937,0.979940804937,0.0,True,1,1.5,0.983
3mmo HEC 1003 B,HEC,HEC,0.798671477434,0.798671477434,0.0,True,1,1.5,0.98
3mmo HEC 1003 A,HEC,HEC,0.832504455571,0.832504455571,0.0,True,1,1.5,0.98
3mmo HEC 1002 B,HEC,HEC,0.951128342862,0.951128342862,0.0,True,1,1.5,0.987
3mmo HEC 1002 A,HEC,HEC,0.984785441883,0.984785441883,0.0,True,1,1.5,0.988
3mmo HEC 1001 B,HEC,HEC,0.944030660134,0.944030660134,0.0,True,1,1.5,0.982
3mmo HEC 1001 A,HEC,HEC,0.922510066081,0.922510066081,0.0,True,1,1.5,0.982
3mmj GOL 403 B,GOL,GOL,0.652387013493,0.652387013493,0.0,True,1,1.60000002384,0.863
3mmj GOL 402 B,GOL,GOL,0.974799376975,0.974799376975,0.0,True,1,1.60000002384,0.964
3mmj GOL 400 A,GOL,GOL,0.986937789672,0.986937789672,0.0,True,1,1.60000002384,0.981
3mmh ACT 178 A,FMT,ACT,0.279348758911,0.130222138047,0.149126620863,False,3,1.20000004768,0.977
3mmf GOL 401 A,GOL,GOL,0.963215636599,0.963215636599,0.0,True,1,1.5,0.946
3mmc SRM 580 A,CMO_HEM,GOL,0.469416870909,0.000714777191583,0.468702093718,False,56,2.0,0.956
3mlj GOL 362 A,GOL,GOL,0.671253872091,0.671253872091,0.0,True,1,2.0,0.937
3mlj GOL 361 A,GOL,GOL,0.788996870929,0.788996870929,0.0,True,1,2.0,0.928
3mlj GOL 3 A,EDO,GOL,0.632726964053,0.164175800491,0.468551163562,False,2,2.0,0.881
3mlh GOL 6 A,GOL,GOL,0.503044992335,0.503044992335,0.0,True,1,2.09999990463,0.798
3mlh GOL 5 B,GOL,GOL,0.916355323837,0.916355323837,0.0,True,1,2.09999990463,0.97
3mlh GOL 4 B,GOL,GOL,0.864084555985,0.864084555985,0.0,True,1,2.09999990463,0.932
3mlh GOL 2 A,GOL,GOL,0.679998194791,0.679998194791,0.0,True,1,2.09999990463,0.899
3mlh GOL 1 A,EDO,GOL,0.744933917149,0.187404466356,0.557529450793,False,2,2.09999990463,0.93
3mla DMS 193 A,SO4,DMS,0.573838824758,0.118440563466,0.455398261292,False,2,1.70000004768,0.965
3mla DMS 191 B,SO4,DMS,0.446670059689,0.11120431581,0.33546574388,False,3,1.70000004768,0.963
3ml4 PTR 553 H,PEP,PTR,0.156721775594,0.0234262583626,0.133295517231,False,6,2.59999990463,0.951
3ml4 PTR 553 G,PTR,PTR,0.719854223543,0.719854223543,0.0,True,1,2.59999990463,0.934
3ml4 PTR 553 F,SO4,PTR,0.695651510897,0.0073472481788,0.688304262718,False,8,2.59999990463,0.95
3ml4 PTR 553 E,SEP,PTR,0.173704975747,0.0109978318326,0.162707143915,False,14,2.59999990463,0.942
3ml2 GOL 264 A,GOL,GOL,0.961733148599,0.961733148599,0.0,True,1,1.79999995232,0.889
3ml1 HEC 1129 B,HEC,HEC,0.749475238633,0.749475238633,0.0,True,1,1.5,0.99
3ml1 HEC 1128 B,HEC,HEC,0.66510462111,0.66510462111,0.0,True,1,1.5,0.983
3mks GOL 745 D,SO4,GOL,0.248347872438,0.230369568484,0.0179783039546,False,2,2.59999990463,0.922
3mki GOL 132 D,GOL,GOL,0.874576332633,0.874576332633,0.0,True,1,2.0,0.8
3mki GOL 131 C,GOL,GOL,0.953986481196,0.953986481196,0.0,True,1,2.0,0.912
3mk7 HEC 322 M,HEM,HEC,0.92921433694,0.0245313511555,0.904682985785,False,2,3.0,0.985
3mk7 HEC 322 I,HEM,HEC,0.937088220481,0.0142658400939,0.922822380387,False,2,3.0,0.977
3mk7 HEC 321 M,HEM,HEC,0.891539562875,0.0222978402809,0.869241722594,False,2,3.0,0.987
3mk7 HEC 321 C,SO4,HEC,0.645224842944,0.00116717017728,0.644057672766,False,12,3.0,0.986
3mk7 HEC 211 H,HEC,HEC,0.844004024351,0.844004024351,0.0,True,1,3.0,0.976
3mk7 HEC 211 B,HEM,HEC,0.494956460806,0.472171019337,0.0227854414688,False,2,3.0,0.984
3mk6 GOL 371 A,GOL,GOL,0.405956495939,0.405956495939,0.0,True,1,2.0,0.919
3mk6 GOL 370 D,EDO,GOL,0.600157917461,0.318295868137,0.281862049323,False,2,2.0,0.846
3mk6 GOL 369 D,GOL,GOL,0.865160288498,0.865160288498,0.0,True,1,2.0,0.913
3mk6 GOL 369 C,GOL,GOL,0.933446117968,0.933446117968,0.0,True,1,2.0,0.964
3mk6 GOL 369 B,EDO,GOL,0.663900774169,0.250813544674,0.413087229495,False,2,2.0,0.907
3mk6 GOL 369 A,GOL,GOL,0.333599740862,0.333599740862,0.0,True,1,2.0,0.951
3mk1 NAG 803 A,NAG,NAG,0.99250078037,0.99250078037,0.0,True,1,1.60000002384,0.923
3mk1 NAG 801 A,NAG,NAG,0.983103125303,0.983103125303,0.0,True,1,1.60000002384,0.89
3mk0 NAG 803 A,NAG,NAG,0.209218670134,0.209218670134,0.0,True,1,1.89999997616,0.951
3mk0 NAG 801 A,NAG,NAG,0.976534775242,0.976534775242,0.0,True,1,1.89999997616,0.914
3mjy GOL 316 A,SO4,GOL,0.741592094533,0.0113232160187,0.730268878515,False,5,2.0,0.871
3mjy GOL 315 B,GOL,GOL,0.909025040893,0.909025040893,0.0,True,1,2.0,0.921
3mjy GOL 315 A,GOL,GOL,0.796647344844,0.796647344844,0.0,True,1,2.0,0.917
3mjt GOL 477 B,GOL,GOL,0.266984205153,0.266984205153,0.0,True,1,1.60000002384,0.877
3mjs GOL 479 B,CIT,GOL,0.241259314453,0.0617499269708,0.179509387483,False,5,1.39999997616,0.833
3mjn NAG 689 A,NAG_NAG,NAG_NAG,0.990744522624,0.990744522624,0.0,True,1,2.40000009537,0.948
3mjn NAG 687 A,NAG,NAG,0.98501171385,0.98501171385,0.0,True,1,2.40000009537,0.818
3mjn NAG 1 A,NAG_NAG,NAG_NAG,0.9871865203,0.9871865203,0.0,True,1,2.40000009537,0.857
3mjh GTP 200 C,ADP_MG,GTP_MG,0.364655005687,0.006341086144,0.358313919543,False,10,2.0,0.974
3mjg NAG 6 X,NAG,NAG,0.92839236579,0.92839236579,0.0,True,1,2.20000004768,0.899
3mjg NAG 5 X,NAG,NAG,0.190328313664,0.190328313664,0.0,True,1,2.20000004768,0.924
3mjf GOL 501 A,GOL,GOL,0.97619001115,0.97619001115,0.0,True,1,1.5,0.955
3mje GOL 477 B,GOL,GOL,0.272044226314,0.272044226314,0.0,True,1,1.39999997616,0.923
3mjc GOL 476 B,EDO,GOL,0.136449326524,0.100338407672,0.0361109188518,False,2,1.5,0.948
3mj7 NAG 301 B,NAG,NAG,0.715658588727,0.715658588727,0.0,True,1,2.79999995232,0.947
3mj4 UDP 500 F,AMP,UDP,0.176320120764,0.0437458276499,0.132574293114,False,5,2.70000004768,0.943
3mj4 UDP 500 E,AMP,UDP,0.361889000731,0.00509360981588,0.356795390915,False,17,2.70000004768,0.902
3mj4 UDP 500 C,AMP,UDP,0.380321745688,0.0141633225556,0.366158423133,False,6,2.70000004768,0.956
3mj4 UDP 500 B,GOL,UDP,0.231083990133,0.00279640087487,0.228287589258,False,46,2.70000004768,0.916
3mj4 UDP 500 A,AMP,UDP,0.279838803245,0.0657751546088,0.214063648636,False,3,2.70000004768,0.949
3mj4 GOL 402 I,SO4,GOL,0.461784582243,0.131598198369,0.330186383874,False,3,2.70000004768,0.639
3mj4 GOL 401 E,EDO,GOL,0.314409409769,0.130437791688,0.183971618081,False,2,2.70000004768,0.768
3mj4 GOL 400 I,SO4,GOL,0.411095851797,0.222598445598,0.188497406199,False,2,2.70000004768,0.707
3mj4 GOL 400 F,ACT,GOL,0.331956818219,0.0439214630665,0.288035355153,False,5,2.70000004768,0.754
3mj4 GOL 400 E,NAG,GOL,0.358825606053,0.127079653028,0.231745953026,False,2,2.70000004768,0.751
3mj4 GOL 399 J,GOL,GOL,0.310874483578,0.310874483578,0.0,True,1,2.70000004768,0.77
3mj4 GOL 399 I,MAN,GOL,0.132653447832,0.0546054118627,0.0780480359694,False,4,2.70000004768,0.861
3mj4 GOL 399 H,MPD,GOL,0.0977466851211,0.0821881277737,0.0155585573474,False,2,2.70000004768,0.756
3mj4 GOL 399 G,PEG,GOL,0.220200171745,0.215349140197,0.00485103154794,False,2,2.70000004768,0.832
3mj4 GOL 399 E,OLC,GOL,0.369306736805,0.0419515626146,0.327355174191,False,3,2.70000004768,0.78
3mj4 GOL 399 C,OLA,GOL,0.27727119302,0.101409644751,0.175861548269,False,2,2.70000004768,0.816
3mj4 GOL 399 A,C8E,GOL,0.177551729298,0.0519849359502,0.125566793348,False,5,2.70000004768,0.738
3mj4 GOL 398 I,EDO,GOL,0.308152279077,0.175993692759,0.132158586318,False,2,2.70000004768,0.924
3mj4 GOL 398 H,GOL,GOL,0.359324884882,0.359324884882,0.0,True,1,2.70000004768,0.834
3mj4 GOL 398 G,GOL,GOL,0.300733774377,0.300733774377,0.0,True,1,2.70000004768,0.91
3mj4 GOL 398 F,GOL,GOL,0.518051997804,0.518051997804,0.0,True,1,2.70000004768,0.748
3mj4 GOL 398 E,GOL,GOL,0.348362677942,0.348362677942,0.0,True,1,2.70000004768,0.797
3mj4 GOL 398 D,GOL,GOL,0.387737361758,0.387737361758,0.0,True,1,2.70000004768,0.866
3mj4 GOL 398 C,NAG,GOL,0.564013341531,0.142396621344,0.421616720187,False,2,2.70000004768,0.87
3mj4 GOL 398 A,GOL,GOL,0.60270623476,0.60270623476,0.0,True,1,2.70000004768,0.819
3mio GOL 306 A,EDO,GOL,0.679089712385,0.0663245742146,0.612765138171,False,3,1.79999995232,0.758
3mil GOL 241 B,GOL,GOL,0.893723289141,0.893723289141,0.0,True,1,1.60000002384,0.944
3mii PGE 240 B,GOL,PGE,0.29295673932,0.00189382666695,0.291062912653,False,36,2.40000009537,0.789
3mii PGE 238 A,PG4,PGE,0.28728351152,0.013412856807,0.273870654713,False,6,2.40000009537,0.857
3mig GOL 2 A,GOL,GOL,0.294593602,0.294593602,0.0,True,1,2.70000004768,0.95
3mif GOL 360 A,GOL,GOL,0.297609602316,0.297609602316,0.0,True,1,2.0,0.934
3mif GOL 3 A,GOL,GOL,0.807463663378,0.807463663378,0.0,True,1,2.0,0.794
3mif GOL 2 A,GOL,GOL,0.842755889401,0.842755889401,0.0,True,1,2.0,0.959
3mie GOL 363 A,MLY,GOL,0.34560276784,0.0706692288914,0.274933538948,False,4,3.29999995232,0.929
3mie GOL 362 A,GOL,GOL,0.254352518449,0.254352518449,0.0,True,1,3.29999995232,0.881
3mid GOL 360 A,GOL,GOL,0.315286046392,0.315286046392,0.0,True,1,3.09999990463,0.945
3mid GOL 1 A,SO4,GOL,0.310563639557,0.113338480729,0.197225158828,False,3,3.09999990463,0.885
3mic GOL 363 A,GOL,GOL,0.13434947932,0.13434947932,0.0,True,1,2.40000009537,0.876
3mic GOL 362 A,GOL,GOL,0.573995205217,0.573995205217,0.0,True,1,2.40000009537,0.949
3mic GOL 3 A,EDO,GOL,0.326888874173,0.268759364599,0.0581295095743,False,2,2.40000009537,0.922
3mib GOL 361 A,GOL,GOL,0.45271019091,0.45271019091,0.0,True,1,2.29999995232,0.946
3mib GOL 360 A,GOL,GOL,0.597127128049,0.597127128049,0.0,True,1,2.29999995232,0.952
3mia TPO 186 A,TPO,TPO,0.829359480615,0.829359480615,0.0,True,1,3.0,0.978
3mi9 TPO 186 A,TPO,TPO,0.969195122817,0.969195122817,0.0,True,1,2.09999990463,0.98
3mi5 GOL 29 O,EDO,GOL,0.637528313398,0.11934384053,0.518184472868,False,2,1.79999995232,0.892
3mi5 GOL 205 B,SO4,GOL,0.456191476008,0.094887224455,0.361304251553,False,3,1.79999995232,0.936
3mi5 GOL 204 D,SO4,GOL,0.341364820805,0.0393182481463,0.302046572658,False,5,1.79999995232,0.888
3mi5 GOL 204 C,GOL,GOL,0.620858022138,0.620858022138,0.0,True,1,1.79999995232,0.948
3mi5 GOL 203 F,EDO,GOL,0.742181572353,0.149800563986,0.592381008367,False,2,1.79999995232,0.921
3mi5 GOL 203 C,GOL,GOL,0.664154323529,0.664154323529,0.0,True,1,1.79999995232,0.909
3mi5 GOL 203 A,SO4,GOL,0.64035164254,0.0143453339496,0.626006308591,False,5,1.79999995232,0.935
3mi5 GOL 202 F,GOL,GOL,0.317862646148,0.317862646148,0.0,True,1,1.79999995232,0.845
3mi5 GOL 202 E,SO4,GOL,0.424260926544,0.0886454065065,0.335615520038,False,4,1.79999995232,0.871
3mi5 GOL 17 O,GOL,GOL,0.543108209011,0.543108209011,0.0,True,1,1.79999995232,0.881
3mi1 GOL 203 C,SO4,GOL,0.729890767376,0.0972802899879,0.632610477389,False,2,1.70000004768,0.89
3mi1 GOL 203 B,SO4,GOL,0.424380319396,0.109712211446,0.31466810795,False,3,1.70000004768,0.806
3mi1 GOL 202 A,SO4,GOL,0.843067502783,0.0104671053532,0.83260039743,False,3,1.70000004768,0.886
3mi1 GOL 1 O,EDO,GOL,0.793866881792,0.0545113559197,0.739355525872,False,2,1.70000004768,0.853
3mhy MES 116 B,SO4,MES,0.690111908919,0.00135380242985,0.688758106489,False,8,1.29999995232,0.983
3mhu GOL 318 A,SO4,GOL,0.61971532224,0.0471707477275,0.572544574513,False,4,1.89999997616,0.897
3mhu GOL 317 A,SO4,GOL,0.497056131115,0.360498382852,0.136557748264,False,2,1.89999997616,0.905
3mhu GOL 315 B,GOL,GOL,0.375420534256,0.375420534256,0.0,True,1,1.89999997616,0.949
3mhu GOL 315 A,GOL,GOL,0.690911645232,0.690911645232,0.0,True,1,1.89999997616,0.951
3mhr SEP 127 P,SEP,SEP,0.329893781559,0.329893781559,0.0,True,1,1.10000002384,0.996
3mho DMS 264 A,SO4,DMS,0.78032048579,0.0908769823282,0.689443503462,False,2,1.20000004768,0.908
3mho DMS 263 A,DMS,DMS,0.888230197805,0.888230197805,0.0,True,1,1.20000004768,0.972
3mhl DMS 263 A,DMS,DMS,0.294174720005,0.294174720005,0.0,True,1,1.89999997616,0.972
3mhk GOL 5 A,MAN,GOL,0.185206273185,0.14984973855,0.0353565346344,False,2,2.29999995232,0.844
3mhk GOL 4 A,GOL,GOL,0.485456369279,0.485456369279,0.0,True,1,2.29999995232,0.931
3mhk GOL 3 A,GOL,GOL,0.606239220821,0.606239220821,0.0,True,1,2.29999995232,0.877
3mgx GOL 401 A,GOL,GOL,0.460107133609,0.460107133609,0.0,True,1,2.09999990463,0.799
3mgx GOL 399 B,GOL,GOL,0.522133265184,0.522133265184,0.0,True,1,2.09999990463,0.882
3mgx GOL 399 A,EDO,GOL,0.73016060914,0.119567120722,0.610593488418,False,2,2.09999990463,0.929
3mgx GOL 398 B,GOL,GOL,0.650427259429,0.650427259429,0.0,True,1,2.09999990463,0.916
3mgx GOL 398 A,EDO,GOL,0.494814475294,0.399988209241,0.0948262660529,False,2,2.09999990463,0.886
3mgn ACE 0 F,ACE,ACE,0.30524306102,0.30524306102,0.0,True,1,1.39999997616,0.793
3mgc IMD 289 A,ACE,IMD,0.25549950101,0.00121317238265,0.254286328628,False,30,2.90000009537,0.95
3mgc GOL 287 A,SO4,GOL,0.280380837792,0.106468049693,0.173912788099,False,3,2.90000009537,0.941
3mgc GOL 286 A,SO4,GOL,0.27636536809,0.187362564913,0.089002803177,False,2,2.90000009537,0.93
3mga GOL 409 B,SO4,GOL,0.275408641306,0.0840866081711,0.191322033135,False,4,2.40000009537,0.908
3mga GOL 408 B,SO4,GOL,0.395554323357,0.191377363504,0.204176959853,False,2,2.40000009537,0.792
3mga GOL 407 A,MLA,GOL,0.208658512636,0.176823477482,0.0318350351537,False,2,2.40000009537,0.919
3mg5 GOL 6009 C,GOL,GOL,0.921702120968,0.921702120968,0.0,True,1,1.29999995232,0.945
3mg5 GOL 6005 C,GOL,GOL,0.889435829007,0.889435829007,0.0,True,1,1.29999995232,0.947
3mg5 GOL 6004 D,GOL,GOL,0.653914239713,0.653914239713,0.0,True,1,1.29999995232,0.945
3mg5 GOL 6003 C,EDO,GOL,0.806626614188,0.0432651372292,0.763361476959,False,2,1.29999995232,0.925
3mg5 GOL 6002 B,GOL,GOL,0.936003146595,0.936003146595,0.0,True,1,1.29999995232,0.927
3mg5 GOL 6001 A,GOL,GOL,0.907135996411,0.907135996411,0.0,True,1,1.29999995232,0.961
3mg3 GOL 325 B,GOL,GOL,0.912567235721,0.912567235721,0.0,True,1,1.70000004768,0.962
3mg3 GOL 325 A,GOL,GOL,0.958064659427,0.958064659427,0.0,True,1,1.70000004768,0.972
3mg3 GOL 324 B,GOL,GOL,0.945963581993,0.945963581993,0.0,True,1,1.70000004768,0.978
3mg3 GOL 324 A,GOL,GOL,0.991922866449,0.991922866449,0.0,True,1,1.70000004768,0.976
3mg1 GOL 324 B,GOL,GOL,0.98105164785,0.98105164785,0.0,True,1,1.60000002384,0.966
3mg1 GOL 324 A,GOL,GOL,0.839120372775,0.839120372775,0.0,True,1,1.60000002384,0.953
3mfs ANP 500 A,NAD,ANP,0.287261224091,0.0204695658417,0.266791658249,False,9,2.09999990463,0.738
3mfr ANP 500 A,GOL,ANP,0.346997783197,0.0110536812317,0.335944101966,False,13,1.89999997616,0.709
3mfn ACT 301 A,EDO,ACT,0.343933531559,0.156409641563,0.187523889996,False,2,2.0,0.922
3mfl GOL 202 C,SO4,GOL,0.605960097854,0.156261568556,0.449698529298,False,2,1.79999995232,0.834
3mfl GOL 202 B,GOL,GOL,0.784590266452,0.784590266452,0.0,True,1,1.79999995232,0.86
3mfl GOL 202 A,SO4,GOL,0.62029475991,0.00635667953211,0.613938080378,False,5,1.79999995232,0.877
3mfl GOL 1 N,EDO,GOL,0.55920230081,0.175002487509,0.384199813301,False,2,1.79999995232,0.764
3mfg GOL 119 B,EDO,GOL,0.305211509466,0.236073672441,0.0691378370248,False,2,2.40000009537,0.733
3mf2 GOL 1011 A,GOL,GOL,0.330118713432,0.330118713432,0.0,True,1,2.09999990463,0.781
3mez GOL 113 A,EDO,GOL,0.477301814735,0.295962307595,0.18133950714,False,2,1.89999997616,0.862
3mez GOL 112 C,GOL,GOL,0.885440243637,0.885440243637,0.0,True,1,1.89999997616,0.964
3mez GOL 112 A,GOL,GOL,0.803164976787,0.803164976787,0.0,True,1,1.89999997616,0.956
3mev GOL 1 B,GOL,GOL,0.986964047,0.986964047,0.0,True,1,1.79999995232,0.94
3met MLY 4 D,MLY,MLY,0.454920015988,0.454920015988,0.0,True,1,2.0,0.909
3met MLY 4 C,MLY,MLY,0.770744654974,0.770744654974,0.0,True,1,2.0,0.926
3met GOL 1 B,GOL,GOL,0.938977404701,0.938977404701,0.0,True,1,2.0,0.979
3mes GOL 429 A,EDO,GOL,0.611097397659,0.0938919985884,0.51720539907,False,2,2.40000009537,0.854
3me9 GOL 1 B,GOL,GOL,0.763691413479,0.763691413479,0.0,True,1,1.39999997616,0.963
3me4 GOL 224 A,SO4,GOL,0.445994463567,0.0299847844585,0.416009679109,False,6,2.0,0.838
3me4 ACT 227 A,GOL,ACT,0.439782792032,0.00208459076616,0.437698201266,False,13,2.0,0.916
3me4 ACT 226 A,EDO,ACT,0.433082992543,0.02255273827,0.410530254273,False,3,2.0,0.834
3mdz GOL 267 A,SO4,GOL,0.385027566929,0.106726294508,0.278301272421,False,3,2.29999995232,0.747
3mdz GOL 265 A,SO4,GOL,0.807238921825,0.017659497562,0.789579424263,False,3,2.29999995232,0.799
3mdw GOL 456 C,GOL,GOL,0.865427730591,0.865427730591,0.0,True,1,1.89999997616,0.877
3mdu GOL 456 A,GOL,GOL,0.972812877403,0.972812877403,0.0,True,1,1.39999997616,0.947
3mdq GOL 323 A,GOL,GOL,0.707174177834,0.707174177834,0.0,True,1,1.5,0.702
3mdo PGE 403 B,PEG,PGE,0.738941842984,0.155361348116,0.583580494869,False,2,1.89999997616,0.786
3mdo PGE 402 B,GOL,PGE,0.328729426402,0.00451513463897,0.324214291763,False,9,1.89999997616,0.616
3mdo PGE 402 A,GOL,PGE,0.290675628199,0.0131837979086,0.27749183029,False,8,1.89999997616,0.868
3mdo PGE 401 B,EDO,PGE,0.399528704832,0.0316134062567,0.367915298575,False,5,1.89999997616,0.793
3mdo ACT 395 A,EDO,ACT,0.380951702941,0.23764967761,0.143302025331,False,2,1.89999997616,0.916
3mdl NAG 681 B,NAG,NAG,0.9889190753,0.9889190753,0.0,True,1,2.20000004768,0.855
3mdl NAG 681 A,NAG,NAG,0.985004540131,0.985004540131,0.0,True,1,2.20000004768,0.897
3mdl NAG 671 B,NAG,NAG_NAG,0.829982367503,0.136818477342,0.693163890162,False,2,2.20000004768,0.97
3mdl NAG 671 A,NAG_NAG,NAG_NAG,0.657208916492,0.657208916492,0.0,True,1,2.20000004768,0.948
3mdl NAG 661 B,NAG,NAG,0.992043099258,0.992043099258,0.0,True,1,2.20000004768,0.843
3mdl NAG 661 A,NAG,NAG,0.945917849185,0.945917849185,0.0,True,1,2.20000004768,0.874
3mdl GOL 6 B,GOL,GOL,0.254249953855,0.254249953855,0.0,True,1,2.20000004768,0.957
3mdl GOL 4 A,GOL,GOL,0.743425754831,0.743425754831,0.0,True,1,2.20000004768,0.944
3mdj NAG 6001 A,NAG,NAG,0.978754069782,0.978754069782,0.0,True,1,3.0,0.737
3mdj NAG 6000 B,NAG,NAG,0.812053219851,0.812053219851,0.0,True,1,3.0,0.741
3mdj NAG 6000 A,NAG,NAG,0.991620069269,0.991620069269,0.0,True,1,3.0,0.825
3mdj NAG 5001 B,NAG_NAG,NAG_NAG,0.858612365385,0.858612365385,0.0,True,1,3.0,0.908
3mdj BES 1001 B,SO4,ZN,0.201275446036,0.0102739189278,0.191001527108,False,12,3.0,0.88
3mdi GOL 228 B,GOL,GOL,0.72623837024,0.72623837024,0.0,True,1,2.09999990463,0.92
3mdi GOL 228 A,GOL,GOL,0.914723609649,0.914723609649,0.0,True,1,2.09999990463,0.922
3mdg GOL 229 A,GOL,GOL,0.470712233805,0.470712233805,0.0,True,1,2.20000004768,0.891
3mdg GOL 228 B,GOL,GOL,0.757436510973,0.757436510973,0.0,True,1,2.20000004768,0.91
3mdg GOL 228 A,GOL,GOL,0.701676243778,0.701676243778,0.0,True,1,2.20000004768,0.889
3md9 GOL 600 A,GOL,GOL,0.767949124052,0.767949124052,0.0,True,1,1.5,0.928
3md7 TLA 304 A,CIT,TLA,0.424593093979,0.043190654805,0.381402439174,False,3,1.29999995232,0.956
3md3 GOL 247 A,GOL,GOL,0.691892895713,0.691892895713,0.0,True,1,2.70000004768,0.937
3md3 GOL 246 A,EDO,GOL,0.353815510528,0.2030660512,0.150749459329,False,2,2.70000004768,0.818
3md3 GOL 245 A,EDO,GOL,0.483850956189,0.0956645260843,0.388186430105,False,2,2.70000004768,0.719
3md3 GOL 244 A,GOL,GOL,0.257623957829,0.257623957829,0.0,True,1,2.70000004768,0.843
3md1 GOL 1 A,EDO,GOL,0.39741810801,0.0977268167573,0.299691291253,False,3,1.60000002384,0.792
3md0 GDP 335 A,GDP,GDP,0.596048765851,0.596048765851,0.0,True,1,2.5,0.965
3mcz GOL 351 A,GOL,GOL,0.575940817641,0.575940817641,0.0,True,1,1.89999997616,0.856
3mcy GOL 183 C,SO4,GOL,0.346950503743,0.111810057117,0.235140446626,False,3,2.90000009537,0.756
3mcy GOL 183 B,GOL,GOL,0.32945000606,0.32945000606,0.0,True,1,2.90000009537,0.784
3mcy GOL 183 A,SO4,GOL,0.357735875827,0.349416034632,0.00831984119545,False,2,2.90000009537,0.882
3mcx GOL 11 A,EDO,GOL,0.800948068494,0.129922621896,0.671025446597,False,2,1.5,0.942
3mcv ACT 271 B,ACT,ACT,0.383394941849,0.383394941849,0.0,True,1,1.70000004768,0.928
3mcv ACT 270 B,ACT,ACT,0.901437996463,0.901437996463,0.0,True,1,1.70000004768,0.99
3mcs ACT 219 B,GOL,ACT,0.353415567707,0.00899067284474,0.344424894862,False,11,2.59999990463,0.778
3mcs ACT 219 A,GOL,ACT,0.244810763329,0.0298245569424,0.214986206387,False,5,2.59999990463,0.708
3mcq PGE 326 A,PEG,PGE,0.16776363342,0.00286034440539,0.164903289015,False,35,1.89999997616,0.714
3mcq PG4 327 A,PGE,PG4,0.570510554374,0.0794257546055,0.491084799768,False,4,1.89999997616,0.95
3mcp GOL 367 A,SO4,GOL,0.25236032074,0.154455220598,0.0979051001421,False,3,3.0,0.826
3mcp GOL 366 A,SO4,GOL,0.886606093093,0.0189897335387,0.867616359554,False,3,3.0,0.871
3mck ACT 1002 B,GOL,ACT,0.767263345167,0.0618608175645,0.705402527602,False,2,2.29999995232,0.829
3mck ACT 1001 H,GOL,ACT,0.204874558116,0.108608927855,0.096265630261,False,2,2.29999995232,0.863
3mcf GOL 1 B,GOL,GOL,0.973389370371,0.973389370371,0.0,True,1,2.0,0.91
3mc3 MLY 98 A,MLY,MLY,0.663141419586,0.663141419586,0.0,True,1,1.5,0.929
3mc3 MLY 89 A,GOL,MLY,0.360383798908,0.150775549436,0.209608249472,False,2,1.5,0.979
3mc3 MLY 84 A,GOL,MLY,0.472307701109,0.156483510712,0.315824190397,False,2,1.5,0.926
3mc3 MLY 70 A,ALY,MLY,0.134150772679,0.103420964652,0.0307298080272,False,3,1.5,0.956
3mc3 MLY 62 A,GOL,MLY,0.206611617099,0.0219899291557,0.184621687943,False,8,1.5,0.981
3mc3 MLY 58 A,GOL,MLY,0.434919528097,0.0361532532442,0.398766274853,False,4,1.5,0.961
3mc3 MLY 55 A,MLY,MLY,0.750601846109,0.750601846109,0.0,True,1,1.5,0.951
3mc3 MLY 16 A,PTR,MLY_MLY,0.832484113904,0.00174575233192,0.830738361572,False,19,1.5,0.959
3mc3 MLY 15 A,GOL,MLY,0.477995746893,0.000812364438184,0.477183382454,False,152,1.5,0.957
3mc3 MLY 104 A,MLY,MLY,0.700551169517,0.700551169517,0.0,True,1,1.5,0.948
3mc1 GOL 303 A,GOL,GOL,0.613524449372,0.613524449372,0.0,True,1,1.89999997616,0.917
3mc0 ACT 303 D,GOL,ACT,0.663745401451,0.024398286883,0.639347114568,False,4,2.0,0.829
3mc0 ACT 302 D,GOL,ACT,0.902608065985,0.0036175951233,0.898990470862,False,5,2.0,0.852
3mc0 ACT 302 B,GOL,ACT,0.916832436619,0.00361226627646,0.913220170342,False,4,2.0,0.654
3mc0 ACT 301 D,GOL,ACT,0.921286645679,0.0010973496782,0.920189296001,False,9,2.0,0.605
3mc0 ACT 301 B,GOL,ACT,0.971940273021,0.00222194902172,0.969718323999,False,2,2.0,0.709
3mc0 ACT 202 A,GOL,ACT,0.607258979092,0.00129264993383,0.605966329158,False,30,2.0,0.725
3mc0 ACT 201 C,GOL,ACT,0.429404834335,0.00448450107999,0.424920333255,False,14,2.0,0.724
3mc0 ACT 201 A,GOL,ACT,0.63054928753,0.0325283831209,0.598020904409,False,4,2.0,0.871
3mbq GOL 204 A,SO4,GOL,0.517481811415,0.0864967918381,0.430985019577,False,2,2.09999990463,0.828
3mbq GOL 202 C,SO4,GOL,0.407323560174,0.0674820470295,0.339841513144,False,3,2.09999990463,0.858
3mbo UDP 382 A,ANP,UDP,0.221325072539,0.0584553856485,0.162869686891,False,5,3.29999995232,0.891
3mbo GOL 386 E,SO4,GOL,0.404377412369,0.0348957387475,0.369481673622,False,6,3.29999995232,0.608
3mbo GOL 385 E,SO4,GOL,0.404376055328,0.0231347088256,0.381241346502,False,5,3.29999995232,0.673
3mbo GOL 384 D,GOL,GOL,0.269509440253,0.269509440253,0.0,True,1,3.29999995232,0.751
3mbo GOL 384 A,EDO,GOL,0.452085400897,0.0369961304847,0.415089270413,False,6,3.29999995232,0.646
3mbo GOL 383 C,SO4,GOL,0.302783936445,0.190798654639,0.111985281806,False,2,3.29999995232,0.93
3mbo GOL 383 A,HYP,GOL,0.474980135551,0.0165437795134,0.458436356037,False,5,3.29999995232,0.872
3mbo GOL 382 F,MLY,GOL,0.311106973379,0.0725733196023,0.238533653777,False,4,3.29999995232,0.805
3mbo GOL 382 D,EDO,GOL,0.410250838291,0.0957399426487,0.314510895642,False,2,3.29999995232,0.787
3mb8 GOL 283 B,EDO,GOL,0.591001762822,0.149315522311,0.441686240511,False,2,1.89999997616,0.736
3mb8 GOL 282 A,EDO,GOL,0.470296791528,0.0326718878321,0.437624903696,False,6,1.89999997616,0.6
3mb5 ACT 266 A,EDO,ACT,0.570990970299,0.0855035388206,0.485487431478,False,3,1.60000002384,0.839
3maz PTR 136 B,PTR,PTR,0.977323578197,0.977323578197,0.0,True,1,1.89999997616,0.963
3max NHE 383 A,EPE,NHE,0.726906986399,0.0236138533872,0.703293133012,False,3,2.0,0.929
3maw NAG 517 B,NAG,NAG,0.936711418395,0.936711418395,0.0,True,1,3.5,0.879
3maw NAG 517 A,NAG,NAG,0.915445128147,0.915445128147,0.0,True,1,3.5,0.874
3maw NAG 516 B,CLA,NAG_NAG,0.321219120039,0.20724472546,0.113974394579,False,2,3.5,0.773
3maf LLP 311 A,PLP,LLP,0.667543651388,0.164879159114,0.502664492274,False,2,3.0,0.972
3mae GOL 426 C,EDO,GOL,0.231932255578,0.189366185271,0.042566070307,False,2,2.5,0.871
3mae GOL 425 C,EDO,GOL,0.394909023401,0.234921714316,0.159987309085,False,2,2.5,0.734
3mae GOL 425 B,GOL,GOL,0.454473685589,0.454473685589,0.0,True,1,2.5,0.906
3mae GOL 425 A,GOL,GOL,0.538176998804,0.538176998804,0.0,True,1,2.5,0.866
3mad LLP 311 B,MLY,LLP,0.382091744223,0.118357440094,0.263734304129,False,2,2.0,0.937
3mad LLP 311 A,ABA,LLP,0.231402161465,0.0271543256174,0.204247835848,False,8,2.0,0.92
3ma7 NAG 511 A,NAG_NAG,NAG_NAG,0.266305439261,0.266305439261,0.0,True,1,2.29999995232,0.966
3ma7 NAG 501 C,NAG,NAG,0.998512838243,0.998512838243,0.0,True,1,2.29999995232,0.889
3ma7 NAG 501 A,NAG,NAG,0.944099625604,0.944099625604,0.0,True,1,2.29999995232,0.874
3ma3 SEP 261 A,SEP,SEP,0.454651327101,0.454651327101,0.0,True,1,2.29999995232,0.979
3m9v TYD 901 A,ATP,TYD,0.210219592948,0.00263453634095,0.207585056607,False,33,2.09999990463,0.936
3m9u GOL 315 D,GOL,GOL,0.404959382849,0.404959382849,0.0,True,1,1.79999995232,0.899
3m9u GOL 314 D,GOL,GOL,0.753435433523,0.753435433523,0.0,True,1,1.79999995232,0.903
3m9u GOL 314 C,SO4,GOL,0.79720353799,0.0404753311548,0.756728206835,False,3,1.79999995232,0.891
3m9u GOL 313 D,GOL,GOL,0.945188443209,0.945188443209,0.0,True,1,1.79999995232,0.954
3m9u GOL 313 C,EDO,GOL,0.294998679436,0.151095757203,0.143902922232,False,3,1.79999995232,0.883
3m9u GOL 312 A,GOL,GOL,0.705842996914,0.705842996914,0.0,True,1,1.79999995232,0.972
3m9u GOL 311 D,SO4,GOL,0.830032883689,0.0178649475687,0.81216793612,False,3,1.79999995232,0.918
3m9u GOL 311 C,EDO,GOL,0.353031110469,0.300494151284,0.0525369591844,False,2,1.79999995232,0.974
3m9u GOL 311 A,GOL,GOL,0.613011260242,0.613011260242,0.0,True,1,1.79999995232,0.961
3m9u GOL 310 D,GOL,GOL,0.834765418026,0.834765418026,0.0,True,1,1.79999995232,0.954
3m9u GOL 310 C,EDO,GOL,0.421030356069,0.412998148414,0.00803220765545,False,2,1.79999995232,0.922
3m9u GOL 310 B,GOL,GOL,0.49098311914,0.49098311914,0.0,True,1,1.79999995232,0.943
3m9u GOL 309 C,GOL,GOL,0.460318179278,0.460318179278,0.0,True,1,1.79999995232,0.89
3m9u GOL 309 B,GOL,GOL,0.569203925043,0.569203925043,0.0,True,1,1.79999995232,0.821
3m9u GOL 309 A,GOL,GOL,0.736001219636,0.736001219636,0.0,True,1,1.79999995232,0.943
3m9m GOL 357 B,GOL,GOL,0.480879378692,0.480879378692,0.0,True,1,2.90000009537,0.856
3m9m GOL 14 P,GOL,GOL,0.266856101768,0.266856101768,0.0,True,1,2.90000009537,0.783
3m9l GOL 207 A,GOL,GOL,0.115057746672,0.115057746672,0.0,True,1,1.60000002384,0.753
3m96 DMS 264 A,SO4,DMS,0.504592991696,0.0760881569001,0.428504834796,False,3,1.39999997616,0.921
3m96 DMS 263 A,DMS,DMS,0.804689305684,0.804689305684,0.0,True,1,1.39999997616,0.967
3m94 ACE 0 C,EDO,ACE,0.26501337723,0.0842783558655,0.180735021364,False,4,2.09999990463,0.92
3m8y GOL 403 B,EDO,GOL,0.426627408808,0.378554044587,0.048073364221,False,2,2.09999990463,0.85
3m8y GOL 402 A,EDO,GOL,0.309619889955,0.249940648665,0.05967924129,False,2,2.09999990463,0.793
3m8y GOL 401 B,GOL,GOL,0.529382800355,0.529382800355,0.0,True,1,2.09999990463,0.964
3m8y GOL 401 A,GOL,GOL,0.316329390875,0.316329390875,0.0,True,1,2.09999990463,0.837
3m8y ACT 399 A,EDO,ACT,0.63085082081,0.125083817874,0.505767002936,False,2,2.09999990463,0.777
3m8y ACT 398 C,GOL,ACT,0.419864627624,0.0924212560765,0.327443371547,False,3,2.09999990463,0.834
3m8y ACT 398 A,NAG,ACT,0.535056937197,0.00106831331834,0.533988623879,False,44,2.09999990463,0.874
3m8w ACT 401 A,GOL,ACT,0.711347808897,0.0145054369438,0.696842371954,False,3,1.89999997616,0.769
3m8w ACT 399 A,EDO,ACT,0.254105608635,0.0204669701515,0.233638638483,False,6,1.89999997616,0.813
3m8s GOL 1 C,GOL,GOL,0.359613894296,0.359613894296,0.0,True,1,2.20000004768,0.887
3m8s ACT 837 A,EDO,ACT,0.497864788023,0.231070197921,0.266794590102,False,2,2.20000004768,0.924
3m8s ACT 836 A,EDO,ACT,0.251203050862,0.184295958647,0.0669070922152,False,2,2.20000004768,0.871
3m8s ACT 4 C,SO4,ACT,0.412912030675,0.0892706660437,0.323641364631,False,3,2.20000004768,0.854
3m8r GOL 4 B,GOL,GOL,0.78116257586,0.78116257586,0.0,True,1,2.0,0.865
3m8r GOL 3 C,GOL,GOL,0.712444579539,0.712444579539,0.0,True,1,2.0,0.849
3m8o GOL 224 H,GOL,GOL,0.970882615245,0.970882615245,0.0,True,1,1.60000002384,0.93
3m8m NAG 361 A,NAG,NAG_NAG,0.406825958597,0.142220918086,0.264605040512,False,2,1.0,0.979
3m8m GOL 391 A,GOL,GOL,0.977616193398,0.977616193398,0.0,True,1,1.0,0.964
3m8d C8E 706 A,PEG,C8E,0.484564201123,0.00566172460476,0.478902476518,False,12,2.40000009537,0.768
3m8d C8E 704 A,PG4,C8E,0.307682406655,0.0678389829097,0.239843423746,False,5,2.40000009537,0.918
3m8d C8E 702 A,C8E,C8E,0.376609437659,0.376609437659,0.0,True,1,2.40000009537,0.9
3m8c GOL 126 A,GOL,GOL,0.31305270655,0.31305270655,0.0,True,1,2.09999990463,0.886
3m8b C8E 606 A,EDO,C8E,0.350105563829,0.0147781843766,0.335327379452,False,5,2.40000009537,0.742
3m8b C8E 605 A,PGE,C8E,0.241530689702,0.0829672949453,0.158563394757,False,5,2.40000009537,0.869
3m8b C8E 604 A,PEG,C8E,0.114160975113,0.0781774049464,0.0359835701669,False,2,2.40000009537,0.729
3m8b C8E 603 A,P6G,C8E,0.349286295081,0.0362896265455,0.312996668536,False,4,2.40000009537,0.929
3m8b C8E 602 A,GOL,C8E,0.260837168701,0.210526334291,0.0503108344105,False,2,2.40000009537,0.728
3m8b C8E 601 A,C8E,C8E,0.503625174954,0.503625174954,0.0,True,1,2.40000009537,0.913
3m8a ACT 100 F,GOL,ACT,0.855951082526,0.00859743565614,0.84735364687,False,4,2.09999990463,0.781
3m8a ACT 100 E,GOL,ACT,0.659931026651,0.0136985788685,0.646232447783,False,6,2.09999990463,0.783
3m8a ACT 100 A,GOL,ACT,0.954062604155,0.000254612298075,0.953807991857,False,24,2.09999990463,0.84
3m86 1PE 1 B,PG4,1PE,0.734201555199,0.0866622682855,0.647539286913,False,3,1.70000004768,0.94
3m83 ACT 411 F,EDO,ACT,0.459334347356,0.0249325898287,0.434401757528,False,7,2.09999990463,0.831
3m83 ACT 410 D,EDO,ACT,0.592753429841,0.0472331406306,0.545520289211,False,4,2.09999990463,0.95
3m83 ACT 409 C,ACT,ACT,0.297677865477,0.297677865477,0.0,True,1,2.09999990463,0.926
3m82 ACT 411 E,SO4,ACT,0.272402299406,0.029176087511,0.243226211895,False,6,2.40000009537,0.951
3m82 ACT 410 A,GOL,ACT,0.453951342299,0.194554774032,0.259396568267,False,2,2.40000009537,0.942
3m82 ACT 409 B,CO3,ACT,0.353810067267,0.219046949387,0.13476311788,False,2,2.40000009537,0.979
3m81 ACT 417 E,SO4,ACT,0.150134575364,0.00882038589791,0.141314189466,False,13,2.5,0.924
3m81 ACT 416 D,BCT,ACT,0.237474783986,0.0771228685421,0.160351915444,False,3,2.5,0.964
3m81 ACT 415 A,GOL,ACT,0.50342478603,0.0134466790467,0.489978106983,False,9,2.5,0.96
3m7w GOL 256 C,EDO,GOL,0.727346804348,0.154208416777,0.573138387571,False,2,2.0,0.895
3m7w GOL 255 E,GOL,GOL,0.547559030585,0.547559030585,0.0,True,1,2.0,0.91
3m7w GOL 255 D,GOL,GOL,0.382514857335,0.382514857335,0.0,True,1,2.0,0.825
3m7w GOL 255 C,GOL,GOL,0.503310122969,0.503310122969,0.0,True,1,2.0,0.893
3m7w GOL 255 B,GOL,GOL,0.585725127402,0.585725127402,0.0,True,1,2.0,0.883
3m7w GOL 254 F,GOL,GOL,0.524752037236,0.524752037236,0.0,True,1,2.0,0.86
3m7w GOL 254 D,GOL,GOL,0.972614807172,0.972614807172,0.0,True,1,2.0,0.966
3m7w GOL 254 C,GOL,GOL,0.870888660018,0.870888660018,0.0,True,1,2.0,0.921
3m7w GOL 254 B,GOL,GOL,0.631244091065,0.631244091065,0.0,True,1,2.0,0.888
3m7w GOL 254 A,GOL,GOL,0.772910365473,0.772910365473,0.0,True,1,2.0,0.941
3m7v GOL 414 A,SO4,GOL,0.211836839451,0.133327985718,0.0785088537329,False,2,2.0,0.893
3m7t GOL 249 A,GOL,GOL,0.987967749983,0.987967749983,0.0,True,1,1.60000002384,0.968
3m7o NAG 202 D,NAG,NAG,0.928476329652,0.928476329652,0.0,True,1,1.70000004768,0.971
3m7o NAG 202 C,NAG,NAG,0.935546086493,0.935546086493,0.0,True,1,1.70000004768,0.979
3m7o NAG 202 B,NAG,NAG,0.969824733637,0.969824733637,0.0,True,1,1.70000004768,0.97
3m7o NAG 202 A,NAG,NAG,0.928898141343,0.928898141343,0.0,True,1,1.70000004768,0.985
3m6s NAG 331 K,BCR,NAG,0.56519695423,0.0535263457637,0.511670608466,False,3,2.79999995232,0.729
3m6s NAG 331 G,NAG,NAG,0.900015057779,0.900015057779,0.0,True,1,2.79999995232,0.632
3m6s NAG 330 K,NAG,NAG,0.553604076246,0.553604076246,0.0,True,1,2.79999995232,0.682
3m6s NAG 329 G,NAG_NAG,NAG_NAG,0.842656284234,0.842656284234,0.0,True,1,2.79999995232,0.909
3m6s NAG 328 K,NAG,NAG,0.737378735041,0.737378735041,0.0,True,1,2.79999995232,0.921
3m6s NAG 328 I,NAG,NAG,0.860349255547,0.860349255547,0.0,True,1,2.79999995232,0.828
3m6s NAG 328 E,NAG,NAG,0.566868373394,0.566868373394,0.0,True,1,2.79999995232,0.946
3m6s NAG 328 C,NAG_NAG,NAG_NAG,0.842022137178,0.842022137178,0.0,True,1,2.79999995232,0.931
3m6s NAG 328 A,NAG,NAG,0.852426994132,0.852426994132,0.0,True,1,2.79999995232,0.901
3m6p BB2 194 B,ZN,ZN,0.849617340753,0.849617340753,0.0,True,1,2.0,0.908
3m6l GOL 2001 A,GOL,GOL,0.48729169576,0.48729169576,0.0,True,1,1.60000002384,0.935
3m67 DMS 265 A,DMS,DMS,0.825751959088,0.825751959088,0.0,True,1,1.79999995232,0.957
3m67 DMS 264 A,DMS,DMS,0.924548650557,0.924548650557,0.0,True,1,1.79999995232,0.974
3m5y GOL 229 B,EDO,GOL,0.620193726836,0.108342912421,0.511850814416,False,2,1.5,0.86
3m5y GOL 229 A,EDO,GOL,0.522232566591,0.118541725751,0.40369084084,False,3,1.5,0.861
3m5w GOL 325 B,GOL,GOL,0.413996416167,0.413996416167,0.0,True,1,2.29999995232,0.86
3m5w GOL 323 A,SO4,GOL,0.637999553125,0.105167559831,0.532831993294,False,3,2.29999995232,0.751
3m5u MES 362 A,GOL,MES,0.334099700629,0.00828260218237,0.325817098447,False,10,2.20000004768,0.91
3m5u MES 361 B,PO4,MES,0.440438564149,0.000581290990282,0.439857273158,False,132,2.20000004768,0.922
3m5u GOL 361 A,GOL,GOL,0.751109466273,0.751109466273,0.0,True,1,2.20000004768,0.97
3m5q NAG 361 A,NAG,NAG,0.530056631765,0.530056631765,0.0,True,1,0.899999976158,0.977
3m5j SIA 331 E,SIA,SIA,0.339803367565,0.339803367565,0.0,True,1,2.59999990463,0.767
3m5j SIA 331 C,NAG,SIA,0.684863355541,0.00548567455772,0.679377680983,False,9,2.59999990463,0.74
3m5j NAG 2 C,GOL,NAG,0.446028971664,0.0428247510924,0.403204220572,False,4,2.59999990463,0.711
3m5j NAG 183 F,NAG,NAG,0.841318342373,0.841318342373,0.0,True,1,2.59999990463,0.849
3m5j NAG 183 D,NAG,NAG,0.991488194573,0.991488194573,0.0,True,1,2.59999990463,0.773
3m5j NAG 183 B,NAG,NAG,0.983823911114,0.983823911114,0.0,True,1,2.59999990463,0.858
3m5j NAG 1 C,NAG,NAG,0.97912041583,0.97912041583,0.0,True,1,2.59999990463,0.846
3m5j NAG 1 A,NAG,NAG,0.89936635624,0.89936635624,0.0,True,1,2.59999990463,0.825
3m5j GOL 186 B,SO4,GOL,0.292533185305,0.110489323585,0.182043861719,False,2,2.59999990463,0.898
3m5j GOL 185 B,SO4,GOL,0.633507393644,0.121397111723,0.512110281921,False,2,2.59999990463,0.876
3m5j GOL 184 F,GOL,GOL,0.353751655972,0.353751655972,0.0,True,1,2.59999990463,0.819
3m5j GOL 184 D,SO4,GOL,0.223797828174,0.221002023058,0.00279580511561,False,2,2.59999990463,0.86
3m5j GOL 184 B,MAN,GOL,0.188288216931,0.0264690640505,0.16181915288,False,9,2.59999990463,0.789
3m5i SIA 1 E,NAG_NAG,SIA,0.105651934693,0.0187625918787,0.0868893428138,False,10,3.0,0.905
3m5i SIA 1 C,MAN,SIA,0.281791235526,0.022023385563,0.259767849963,False,6,3.0,0.838
3m5i SIA 1 A,NAG,SIA,0.308194926146,0.160798811013,0.147396115133,False,3,3.0,0.906
3m5i NAG 331 E,NAG,NAG,0.921135569084,0.921135569084,0.0,True,1,3.0,0.913
3m5i NAG 331 C,NAG,NAG_NAG,0.798947548191,0.0933397451647,0.705607803026,False,2,3.0,0.896
3m5i NAG 183 F,NAG_NAG,NAG_NAG,0.95454315044,0.95454315044,0.0,True,1,3.0,0.929
3m5i NAG 183 D,BMA_NAG_NAG,NAG_NAG,0.870205553107,0.0754140850616,0.794791468046,False,2,3.0,0.891
3m5i NAG 183 B,NAG,NAG,0.797144116758,0.797144116758,0.0,True,1,3.0,0.9
3m5h NAG 331 E,NAG,NAG,0.99123397697,0.99123397697,0.0,True,1,2.70000004768,0.815
3m5h NAG 331 C,NAG,NAG,0.960475838289,0.960475838289,0.0,True,1,2.70000004768,0.746
3m5h NAG 331 A,NAG,NAG,0.981109174212,0.981109174212,0.0,True,1,2.70000004768,0.771
3m5h NAG 183 F,NAG,NAG,0.970780883511,0.970780883511,0.0,True,1,2.70000004768,0.753
3m5h NAG 183 D,NAG,NAG,0.995132415654,0.995132415654,0.0,True,1,2.70000004768,0.842
3m5h NAG 183 B,NAG,NAG,0.505850460654,0.505850460654,0.0,True,1,2.70000004768,0.86
3m5h GOL 186 B,GOL,GOL,0.574463478386,0.574463478386,0.0,True,1,2.70000004768,0.902
3m5h GOL 185 B,GOL,GOL,0.121444295056,0.121444295056,0.0,True,1,2.70000004768,0.766
3m5h GOL 184 F,SO4,GOL,0.561407996956,0.0384096363865,0.52299836057,False,3,2.70000004768,0.896
3m5h GOL 184 D,SO4,GOL,0.576040254595,0.190757910858,0.385282343736,False,2,2.70000004768,0.862
3m5g NAG 183 F,NAG_NAG,NAG,0.494204039612,0.393397253692,0.10080678592,False,2,2.59999990463,0.946
3m5g NAG 183 D,NAG,NAG,0.971857497653,0.971857497653,0.0,True,1,2.59999990463,0.868
3m5g NAG 183 B,NAG,NAG,0.894968290892,0.894968290892,0.0,True,1,2.59999990463,0.94
3m5g NAG 1 E,NAG,NAG,0.980951750779,0.980951750779,0.0,True,1,2.59999990463,0.819
3m5g NAG 1 C,NAG,NAG,0.977071371737,0.977071371737,0.0,True,1,2.59999990463,0.838
3m5e DMS 263 A,EDO,DMS,0.197809965818,0.159206139409,0.0386038264093,False,3,1.70000004768,0.899
3m5a GOL 370 A,EDO,GOL,0.477318071007,0.231559992447,0.24575807856,False,2,1.79999995232,0.913
3m5a GOL 369 A,GOL,GOL,0.778000080989,0.778000080989,0.0,True,1,1.79999995232,0.86
3m5a GOL 368 A,GOL,GOL,0.936916594501,0.936916594501,0.0,True,1,1.79999995232,0.949
3m5a ACE 185 B,ACE,ACE,0.204275202774,0.204275202774,0.0,True,1,1.79999995232,0.925
3m59 MLY 189 B,MLY,MLY,0.676859789668,0.676859789668,0.0,True,1,1.70000004768,0.922
3m59 GOL 6 A,EDO,GOL,0.275625114865,0.186098019088,0.0895270957772,False,2,1.70000004768,0.797
3m59 GOL 369 A,EDO,GOL,0.495607051598,0.426355198002,0.0692518535951,False,2,1.70000004768,0.938
3m59 GOL 368 A,GOL,GOL,0.807303149978,0.807303149978,0.0,True,1,1.70000004768,0.941
3m59 ACE 185 B,EDO,ACE,0.210349662098,0.00158216368285,0.208767498415,False,24,1.70000004768,0.752
3m58 ACE 185 B,ACE,ACE,0.852288522732,0.852288522732,0.0,True,1,1.39999997616,0.912
3m57 ACE 185 B,EDO,ACE,0.355055815949,0.000562112054659,0.354493703894,False,182,1.70000004768,0.813
3m56 MLY 189 B,MLZ,MLY,0.402426774109,0.220799485451,0.181627288659,False,2,1.70000004768,0.909
3m56 ACE 185 B,EDO,ACE,0.698068120292,0.0165244824662,0.681543637826,False,6,1.70000004768,0.902
3m55 ACE 185 B,EDO,ACE,0.332785019063,0.00251114504262,0.330273874021,False,16,1.5,0.866
3m54 ACE 185 B,SO4,ACE,0.329082287888,0.015422018028,0.31366026986,False,11,1.60000002384,0.913
3m52 ACT 121 A,SO4,ACT,0.844086313667,0.0135995313215,0.830486782345,False,3,2.59999990463,0.911
3m4p GOL 521 D,NAG,GOL,0.288091925295,0.168809310786,0.119282614509,False,2,2.79999995232,0.872
3m4p GOL 521 A,SO4,GOL,0.616858789857,0.0733823294644,0.543476460393,False,3,2.79999995232,0.868
3m49 GOL 724 A,GOL,GOL,0.436607546571,0.436607546571,0.0,True,1,2.0,0.932
3m49 GOL 719 A,GOL,GOL,0.44670397495,0.44670397495,0.0,True,1,2.0,0.919
3m49 GOL 712 B,SO4,GOL,0.289621575748,0.0482883593015,0.241333216446,False,5,2.0,0.776
3m49 GOL 705 B,SO4,GOL,0.399231110682,0.0370786994876,0.362152411194,False,4,2.0,0.897
3m49 GOL 705 A,GOL,GOL,0.763299881585,0.763299881585,0.0,True,1,2.0,0.836
3m49 GOL 704 A,EDO,GOL,0.874647621132,0.0832818431147,0.791365778018,False,2,2.0,0.958
3m47 GOL 231 B,GAI,GOL,0.363394770658,0.0278502684722,0.335544502185,False,6,1.20000004768,0.836
3m47 GOL 231 A,EDO,GOL,0.657297589665,0.212336391761,0.444961197904,False,2,1.20000004768,0.811
3m47 GOL 230 B,EDO,GOL,0.48474870304,0.390933716946,0.0938149860939,False,2,1.20000004768,0.892
3m47 GOL 229 B,EDO,GOL,0.404222512728,0.393718297632,0.010504215096,False,2,1.20000004768,0.782
3m47 GOL 229 A,EDO,GOL,0.516053207975,0.372635859337,0.143417348638,False,2,1.20000004768,0.87
3m46 GOL 665 B,GOL,GOL,0.506260542999,0.506260542999,0.0,True,1,2.70000004768,0.849
3m45 NAG 1395 D,NAG,NAG,0.910063400015,0.910063400015,0.0,True,1,2.20000004768,0.784
3m45 NAG 1395 C,NAG,NAG,0.996976485098,0.996976485098,0.0,True,1,2.20000004768,0.89
3m45 NAG 1395 B,NAG,NAG,0.975052885097,0.975052885097,0.0,True,1,2.20000004768,0.835
3m45 NAG 1395 A,NAG,NAG,0.828305239456,0.828305239456,0.0,True,1,2.20000004768,0.832
3m44 GOL 229 B,GOL,GOL,0.581670456697,0.581670456697,0.0,True,1,1.39999997616,0.829
3m43 GOL 3 I,GOL,GOL,0.259699866214,0.259699866214,0.0,True,1,1.29999995232,0.911
3m43 GOL 2 I,GOL,GOL,0.502986738601,0.502986738601,0.0,True,1,1.29999995232,0.851
3m43 GOL 1 I,SO4,GOL,0.371111814862,0.160296804998,0.210815009864,False,3,1.29999995232,0.814
3m41 GOL 230 B,GOL,GOL,0.613111012872,0.613111012872,0.0,True,1,1.39999997616,0.825
3m41 GOL 230 A,GOL,GOL,0.648701560943,0.648701560943,0.0,True,1,1.39999997616,0.81
3m3x DMS 263 A,DMS,DMS,0.964457894221,0.964457894221,0.0,True,1,1.70000004768,0.947
3m3d NAG 702 A,GOL,NAG,0.389681031559,0.00223611405245,0.387444917507,False,22,2.29999995232,0.686
3m3d NAG 701 A,NAG,NAG,0.866771716861,0.866771716861,0.0,True,1,2.29999995232,0.922
3m34 GOL 2001 A,GOL,GOL,0.706751154507,0.706751154507,0.0,True,1,1.70000004768,0.868
3m33 GOL 233 A,GOL,GOL,0.414633980286,0.414633980286,0.0,True,1,2.20000004768,0.797
3m33 GOL 232 A,GOL,GOL,0.720470847225,0.720470847225,0.0,True,1,2.20000004768,0.92
3m33 GOL 229 B,EDO,GOL,0.601358739433,0.150904582942,0.450454156491,False,2,2.20000004768,0.799
3m2u ACT 1 C,ACT,ACT,0.394288102243,0.394288102243,0.0,True,1,1.39999997616,0.897
3m2p UDP 7517 B,ADP_MG,UDP,0.0717403166563,0.00703664285589,0.0647036738004,False,29,2.90000009537,0.847
3m2n DMS 265 A,SO4,DMS,0.407609157357,0.0354096773968,0.372199479961,False,7,1.70000004768,0.938
3m2m CSO 88 H,CSO,CSO,0.225623671779,0.225623671779,0.0,True,1,2.79999995232,0.937
3m2m CSO 88 G,CAS,CSO,0.289987610091,0.071456409176,0.218531200915,False,5,2.79999995232,0.958
3m2m CSO 88 F,CSO,CSO,0.198697959152,0.198697959152,0.0,True,1,2.79999995232,0.933
3m2m CSO 88 E,CSD,CSO,0.0995298337806,0.00858859701485,0.0909412367658,False,22,2.79999995232,0.94
3m2m CSO 88 D,CSD,CSO,0.261606243675,0.102026444851,0.159579798824,False,2,2.79999995232,0.944
3m2m CSO 88 C,CSO,CSO,0.149577080437,0.149577080437,0.0,True,1,2.79999995232,0.952
3m2m CSO 88 B,CSO,CSO,0.114013207918,0.114013207918,0.0,True,1,2.79999995232,0.953
3m2m CSO 88 A,CSD,CSO,0.160868149798,0.124306328843,0.0365618209545,False,2,2.79999995232,0.957
3m2m CSO 130 H,HYP,CSO,0.355558017216,0.0967142998759,0.25884371734,False,2,2.79999995232,0.973
3m2m CSO 130 G,HYP,CSO,0.0928119710962,0.00709064430031,0.0857213267959,False,26,2.79999995232,0.968
3m2m CSO 130 F,CSD,CSO,0.298321354704,0.0416158848628,0.256705469841,False,7,2.79999995232,0.958
3m2m CSO 130 E,HYP,CSO,0.223842223665,0.0301708166817,0.193671406983,False,5,2.79999995232,0.959
3m2m CSO 130 D,CSD,CSO,0.493619489055,0.025190085202,0.468429403853,False,4,2.79999995232,0.941
3m2m CSO 130 C,CSO,CSO,0.295830446326,0.295830446326,0.0,True,1,2.79999995232,0.939
3m2m CSO 130 B,CSO,CSO,0.531449457371,0.531449457371,0.0,True,1,2.79999995232,0.967
3m2m CSO 130 A,PLP,CSO,0.113784411152,0.0115461962255,0.102238214926,False,15,2.79999995232,0.92
3m24 GOL 507 A,SO4,GOL,0.832984703922,0.0222917707771,0.810692933145,False,3,2.20000004768,0.857
3m24 GOL 506 B,SO4,GOL,0.609000078128,0.0413344043844,0.567665673744,False,2,2.20000004768,0.882
3m24 GOL 505 A,SO4,GOL,0.788094283453,0.0271450803869,0.760949203066,False,4,2.20000004768,0.8
3m24 GOL 504 A,SO4,GOL,0.288535447263,0.191570652919,0.0969647943436,False,2,2.20000004768,0.879
3m24 GOL 503 D,SO4,GOL,0.489347512658,0.0864848249571,0.402862687701,False,2,2.20000004768,0.921
3m24 GOL 503 A,SO4,GOL,0.600638816185,0.0304062582017,0.570232557983,False,5,2.20000004768,0.748
3m24 GOL 502 C,SO4,GOL,0.800765886546,0.0611901843964,0.73957570215,False,2,2.20000004768,0.819
3m1v TP7 553 D,FUC,ACT,0.122443249288,0.00739518306876,0.115048066219,False,23,1.5,0.974
3m1v TP7 553 A,GSH,ACT,0.258837672488,0.00325814602843,0.255579526459,False,51,1.5,0.981
3m1v ACT 1 C,EDO,ACT,0.720333847207,0.0107699969708,0.709563850236,False,5,1.5,0.931
3m1u MES 15 B,MPD,MES,0.292279460801,0.0044440880782,0.287835372722,False,12,1.70000004768,0.858
3m1u MES 14 A,SO4,MES,0.530289883,0.0669548115413,0.463335071459,False,3,1.70000004768,0.949
3m1u GOL 8 A,GOL,GOL,0.875296144124,0.875296144124,0.0,True,1,1.70000004768,0.909
3m1u GOL 7 B,EDO,GOL,0.540659343654,0.259232277914,0.28142706574,False,2,1.70000004768,0.899
3m1u GOL 6 B,GOL,GOL,0.950289857116,0.950289857116,0.0,True,1,1.70000004768,0.944
3m1u GOL 5 B,GOL,GOL,0.984427017516,0.984427017516,0.0,True,1,1.70000004768,0.969
3m1u GOL 4 A,GOL,GOL,0.574013609955,0.574013609955,0.0,True,1,1.70000004768,0.957
3m1u GOL 3 A,GOL,GOL,0.996734942856,0.996734942856,0.0,True,1,1.70000004768,0.967
3m1u GOL 11 B,SO4,GOL,0.315053284384,0.188580261069,0.126473023315,False,3,1.70000004768,0.722
3m1u GOL 10 A,GOL,GOL,0.514027283215,0.514027283215,0.0,True,1,1.70000004768,0.931
3m1u ACT 13 A,ACT,ACT,0.418144909702,0.418144909702,0.0,True,1,1.70000004768,0.848
3m1u ACT 12 B,EDO,ACT,0.515561735038,0.0849024940592,0.430659240979,False,4,1.70000004768,0.895
3m1t GOL 275 A,GOL,GOL,0.685491655578,0.685491655578,0.0,True,1,1.60000002384,0.921
3m1m GOL 371 A,GOL,GOL,0.360279755522,0.360279755522,0.0,True,1,1.89999997616,0.86
3m1l ACT 1 A,GOL,ACT,0.579894032191,0.0105393531286,0.569354679062,False,8,2.5,0.937
3m1g GOL 364 A,GOL,GOL,0.771445534266,0.771445534266,0.0,True,1,2.09999990463,0.925
3m1g GOL 362 A,GOL,GOL,0.541354536673,0.541354536673,0.0,True,1,2.09999990463,0.704
3m1g GOL 361 C,GOL,GOL,0.27737043001,0.27737043001,0.0,True,1,2.09999990463,0.78
3m1g GOL 361 B,GOL,GOL,0.417378477318,0.417378477318,0.0,True,1,2.09999990463,0.907
3m1g GOL 360 C,GOL,GOL,0.69657540801,0.69657540801,0.0,True,1,2.09999990463,0.884
3m1g GOL 360 B,GOL,GOL,0.316335967371,0.316335967371,0.0,True,1,2.09999990463,0.862
3m1c NAG 1784 A,NAG,NAG_NAG,0.844238292855,0.0539113608856,0.790326931969,False,2,2.79999995232,0.942
3m1c NAG 1670 A,NAG,NAG,0.948056064767,0.948056064767,0.0,True,1,2.79999995232,0.789
3m1a ACT 283 E,SO4,ACT,0.314105171936,0.0946505090294,0.219454662907,False,3,2.0,0.926
3m1a ACT 282 I,SO4,ACT,0.300869042788,0.0988617532428,0.202007289545,False,3,2.0,0.919
3m17 ACE 0 K,ACE,ACE,0.50366773713,0.50366773713,0.0,True,1,2.59999990463,0.961
3m17 ACE 0 J,ACE,ACE,0.9062644285,0.9062644285,0.0,True,1,2.59999990463,0.941
3m07 PGE 608 A,PEG,PGE,0.298324492685,0.0579894805928,0.240335012092,False,4,1.39999997616,0.856
3m07 PG4 606 A,PEG,PG4,0.424841056019,0.208602607613,0.216238448406,False,2,1.39999997616,0.76
3m03 MES 1 A,MES,MES,0.880591960317,0.880591960317,0.0,True,1,2.5,0.956
3m01 ACT 708 A,GOL,ACT,0.48451223023,0.0170058804523,0.467506349778,False,7,2.59999990463,0.951
3m01 ACT 707 A,EDO,ACT,0.223295845802,0.0225983763044,0.200697469497,False,8,2.59999990463,0.827
3lzz ACT 174 B,EDO,ACT,0.762085066296,0.00947289019788,0.752612176098,False,8,2.5,0.891
3lzz ACT 174 A,EDO,ACT,0.367599339814,0.0994074668658,0.268191872949,False,3,2.5,0.847
3lzy GOL 2003 A,GOL,GOL,0.94309339288,0.94309339288,0.0,True,1,1.79999995232,0.877
3lzy GOL 2001 A,PEG,GOL,0.372469848521,0.115186318169,0.257283530351,False,3,1.79999995232,0.747
3lzv ACT 505 B,SO4,ACT,0.4168523874,0.0201068965054,0.396745490895,False,5,2.09999990463,0.89
3lzv ACT 105 A,GOL,ACT,0.45277478121,0.0551573525248,0.397617428685,False,3,2.09999990463,0.752
3lzv ACT 104 A,EDO,ACT,0.551980049566,0.182618787036,0.36936126253,False,2,2.09999990463,0.801
3lzu ACT 501 A,SO4,ACT,0.624535107489,0.0265568815677,0.597978225922,False,6,1.79999995232,0.963
3lzu ACT 500 B,SO4,ACT,0.792265874559,0.0157947824103,0.776471092149,False,4,1.79999995232,0.945
3lzu ACT 100 B,EDO,ACT,0.297942847866,0.00948352917678,0.288459318689,False,9,1.79999995232,0.897
3lzu ACT 100 A,SO4,ACT,0.479816261819,0.0415467216454,0.438269540174,False,5,1.79999995232,0.819
3lzt ACT 203 A,SO4,ACT,0.444759941235,0.0975635210034,0.347196420232,False,3,0.899999976158,0.903
3lzs ACT 101 A,SO4,ACT,0.736677238038,0.00889144819218,0.727785789846,False,5,2.0,0.794
3lzs ACT 100 B,SO4,ACT,0.813071890577,0.012246986427,0.80082490415,False,4,2.0,0.887
3lzj DOC 115 P,GSH,DOC,0.833320463694,0.00158881739848,0.831731646295,False,13,2.09999990463,0.962
3lzi DOC 115 P,ADP,DOC,0.102713986689,0.0823325657275,0.0203814209617,False,2,2.29999995232,0.973
3lzg NAG 601 K,NAG,NAG,0.825358770729,0.825358770729,0.0,True,1,2.59999990463,0.909
3lzg NAG 330 E,NAG,NAG,0.947411087277,0.947411087277,0.0,True,1,2.59999990463,0.932
3lzg NAG 330 C,NAG,NAG,0.528811449479,0.528811449479,0.0,True,1,2.59999990463,0.92
3lzg NAG 330 A,BMA_NAG_NAG,NAG_NAG,0.545571443581,0.142640911266,0.402930532314,False,2,2.59999990463,0.948
3lzf NAG 701 A,NAG,NAG,0.341138816525,0.341138816525,0.0,True,1,2.79999995232,0.697
3lzf NAG 501 A,NAG,NAG,0.440729080383,0.440729080383,0.0,True,1,2.79999995232,0.828
3lzf NAG 401 A,NAG,NAG,0.910691238444,0.910691238444,0.0,True,1,2.79999995232,0.64
3lyg IMD 120 A,IMD,IMD,0.964816778769,0.964816778769,0.0,True,1,1.60000002384,0.957
3lyg GOL 123 A,GOL,GOL,0.836812097176,0.836812097176,0.0,True,1,1.60000002384,0.818
3lyf GOL 246 D,GOL,GOL,0.649097306913,0.649097306913,0.0,True,1,1.89999997616,0.869
3lyf GOL 246 B,SO4,GOL,0.618330009113,0.0643390954197,0.553990913693,False,3,1.89999997616,0.868
3lyf GOL 246 A,SO4,GOL,0.887991964258,0.00450297395364,0.883488990304,False,4,1.89999997616,0.713
3lxv GOL 6 N,EDO,GOL,0.562790508727,0.176477899874,0.386312608853,False,2,1.89999997616,0.775
3lxv GOL 5 M,GOL,GOL,0.44920045912,0.44920045912,0.0,True,1,1.89999997616,0.8
3lxv GOL 202 C,SO4,GOL,0.742379972769,0.0745894693067,0.667790503463,False,2,1.89999997616,0.83
3lxv GOL 10 N,GOL,GOL,0.598093773567,0.598093773567,0.0,True,1,1.89999997616,0.64
3lxt GOL 3969 A,EDO,GOL,0.973231294679,0.00495378168838,0.96827751299,False,2,1.79999995232,0.915
3lxt GOL 3968 B,GOL,GOL,0.769469122771,0.769469122771,0.0,True,1,1.79999995232,0.92
3lxr GDP 201 A,GDP,GDP,0.644416541913,0.644416541913,0.0,True,1,1.70000004768,0.972
3lxp PTR 1054 A,PTR,PTR,0.175826545563,0.175826545563,0.0,True,1,1.60000002384,0.714
3lxn PTR 1054 A,CSO,PTR,0.113325570777,0.0314286196229,0.0818969511544,False,6,2.5,0.633
3lxc NAG 715 B,NAG,NAG,0.995209614925,0.995209614925,0.0,True,1,2.29999995232,0.789
3lxc NAG 639 B,NAG,NAG,0.107026617119,0.107026617119,0.0,True,1,2.29999995232,0.872
3lxc NAG 639 A,NAG,NAG,0.982748969463,0.982748969463,0.0,True,1,2.29999995232,0.865
3lxc GOL 802 B,SO4,GOL,0.515704886486,0.208715145618,0.306989740869,False,2,2.29999995232,0.896
3lxc GOL 801 A,GOL,GOL,0.289449436856,0.289449436856,0.0,True,1,2.29999995232,0.909
3lxb NAG 715 A,NAG,NAG,0.784809995189,0.784809995189,0.0,True,1,2.79999995232,0.789
3lxb NAG 693 A,EDO,NAG,0.564213051233,0.047361334772,0.516851716461,False,4,2.79999995232,0.908
3lxb NAG 639 B,NAG,NAG,0.905544070833,0.905544070833,0.0,True,1,2.79999995232,0.854
3lxb NAG 639 A,NAG,NAG,0.987305001763,0.987305001763,0.0,True,1,2.79999995232,0.813
3lxb GOL 812 B,GOL,GOL,0.166743489187,0.166743489187,0.0,True,1,2.79999995232,0.749
3lxb GOL 801 B,SO4,GOL,0.427569820462,0.155577056402,0.27199276406,False,2,2.79999995232,0.783
3lxa NAG 716 A,BMA,NAG,0.166554441786,0.157773754221,0.00878068756511,False,2,3.0,0.795
3lxa NAG 715 B,NAG,NAG,0.852876808603,0.852876808603,0.0,True,1,3.0,0.751
3lxa NAG 715 A,NAG,NAG,0.153650418681,0.153650418681,0.0,True,1,3.0,0.843
3lxa NAG 639 B,NAG,NAG,0.981862411302,0.981862411302,0.0,True,1,3.0,0.838
3lxa NAG 639 A,NAG,NAG,0.764240706395,0.764240706395,0.0,True,1,3.0,0.796
3lx9 NAG 639 B,NAG,NAG,0.180842960813,0.180842960813,0.0,True,1,2.0,0.849
3lx9 NAG 639 A,NAG,NAG,0.235306207042,0.235306207042,0.0,True,1,2.0,0.897
3lx8 GDP 300 A,GDP,GDP,0.265941356086,0.265941356086,0.0,True,1,2.90000009537,0.939
3lx5 GOL 400 A,GOL,GOL,0.712534313285,0.712534313285,0.0,True,1,1.89999997616,0.861
3lwz GOL 155 D,GOL,GOL,0.919936983505,0.919936983505,0.0,True,1,1.70000004768,0.943
3lwz GOL 153 D,GOL,GOL,0.779927577577,0.779927577577,0.0,True,1,1.70000004768,0.936
3lwz GOL 153 B,GOL,GOL,0.953026757692,0.953026757692,0.0,True,1,1.70000004768,0.923
3lwz GOL 153 A,GOL,GOL,0.245079081261,0.245079081261,0.0,True,1,1.70000004768,0.918
3lwz GOL 152 C,CIT,GOL,0.209165199768,0.0456014319116,0.163563767856,False,4,1.70000004768,0.956
3lwz GOL 152 B,GOL,GOL,0.716632245295,0.716632245295,0.0,True,1,1.70000004768,0.888
3lwz GOL 152 A,GOL,GOL,0.946880177087,0.946880177087,0.0,True,1,1.70000004768,0.931
3lwx GOL 272 A,GOL,GOL,0.969948367857,0.969948367857,0.0,True,1,1.10000002384,0.912
3lws LLP 205 F,LLP,LLP,0.636799429252,0.636799429252,0.0,True,1,2.0,0.973
3lws LLP 205 E,EPE,LLP,0.225864568787,0.00436284002804,0.221501728759,False,18,2.0,0.972
3lws LLP 205 C,MES,LLP,0.255900377998,0.00552710715244,0.250373270845,False,24,2.0,0.983
3lws LLP 205 B,LLP,LLP,0.518913460701,0.518913460701,0.0,True,1,2.0,0.981
3lws LLP 205 A,PTR,LLP,0.367200087419,0.0686627569621,0.298537330456,False,4,2.0,0.979
3lwm GOL 834 A,GOL,GOL,0.290365558315,0.290365558315,0.0,True,1,2.20000004768,0.851
3lwm GOL 4 A,GOL,GOL,0.867247622069,0.867247622069,0.0,True,1,2.20000004768,0.967
3lwm GOL 3 B,GOL,GOL,0.786408298574,0.786408298574,0.0,True,1,2.20000004768,0.827
3lwm ACT 833 A,ACT,ACT,0.429391092883,0.429391092883,0.0,True,1,2.20000004768,0.903
3lwm ACT 4 C,SO4,ACT,0.288014472941,0.0506018069088,0.237412666032,False,6,2.20000004768,0.869
3lwm ACT 2 A,GOL,ACT,0.524966409014,0.0480237170902,0.476942691923,False,3,2.20000004768,0.603
3lwl GOL 835 A,SO4,GOL,0.276856544298,0.145907248153,0.130949296145,False,3,2.29999995232,0.78
3lwl GOL 834 A,GOL,GOL,0.795367800076,0.795367800076,0.0,True,1,2.29999995232,0.979
3lwl GOL 4 B,EDO,GOL,0.333590678236,0.27366847542,0.059922202816,False,2,2.29999995232,0.821
3lwl ACT 6 C,EDO,ACT,0.453005759845,0.128314310546,0.324691449299,False,2,2.29999995232,0.758
3lwl ACT 3 A,EDO,ACT,0.348338087791,0.0411826225051,0.307155465286,False,4,2.29999995232,0.815
3lwl ACT 1 C,EDO,ACT,0.3973702634,0.0803068926585,0.317063370742,False,4,2.29999995232,0.86
3lwk GOL 6 A,GOL,GOL,0.207414158849,0.207414158849,0.0,True,1,1.70000004768,0.706
3lwk GOL 5 A,EDO,GOL,0.325489425338,0.320670762166,0.00481866317212,False,2,1.70000004768,0.859
3lwk GOL 3 A,DMS,GOL,0.925806262304,0.00985475936922,0.915951502935,False,3,1.70000004768,0.848
3lwd GOL 227 A,GOL,GOL,0.275424700766,0.275424700766,0.0,True,1,1.79999995232,0.826
3lw6 UDP 312 A,MN_UDP,MN_UDP,0.872821206933,0.872821206933,0.0,True,1,1.79999995232,0.988
3lw1 TPO 387 P,SEP,TPO,0.863463696467,0.0427389959684,0.820724700499,False,2,1.29999995232,0.987
3lvw PGE 696 A,PG4,PGE,0.369767279093,0.0228967541407,0.346870524953,False,6,2.5,0.883
3lvw PGE 695 A,NAG,PGE,0.406032118145,0.00510364876072,0.400928469384,False,16,2.5,0.879
3lvw PGE 694 A,PG4,PGE,0.310480089747,0.12091856298,0.189561526767,False,2,2.5,0.926
3lvv PGE 698 A,PG4,PGE,0.502211465554,0.105701402398,0.396510063156,False,2,2.20000004768,0.955
3lvu GOL 607 B,EDO,GOL,0.442630406741,0.204440518518,0.238189888223,False,2,1.79999995232,0.896
3lvs GOL 300 B,GOL,GOL,0.552149841384,0.552149841384,0.0,True,1,2.20000004768,0.909
3lvs GOL 298 A,GOL,GOL,0.56345033019,0.56345033019,0.0,True,1,2.20000004768,0.934
3lvc GOL 240 B,GOL,GOL,0.639617755889,0.639617755889,0.0,True,1,1.10000002384,0.943
3lvc GOL 239 B,GOL,GOL,0.920416474261,0.920416474261,0.0,True,1,1.10000002384,0.951
3lv4 ACT 604 B,ACT,ACT,0.207823356189,0.207823356189,0.0,True,1,1.70000004768,0.929
3lv4 ACT 602 A,ACT,ACT,0.466200944417,0.466200944417,0.0,True,1,1.70000004768,0.965
3lv4 ACT 601 A,EDO,ACT,0.386134975829,0.0245687125577,0.361566263272,False,7,1.70000004768,0.897
3lv3 GOL 279 A,GOL,GOL,0.332677912309,0.332677912309,0.0,True,1,1.89999997616,0.849
3lv3 GOL 278 A,GOL,GOL,0.915175219154,0.915175219154,0.0,True,1,1.89999997616,0.891
3lv3 GOL 277 A,GOL,GOL,0.902059381454,0.902059381454,0.0,True,1,1.89999997616,0.932
3lv2 SFG 600 A,GOL,SFG,0.227451567708,0.00134757829027,0.226103989418,False,88,2.20000004768,0.794
3lur PG4 158 A,1PE,PG4,0.577893061894,0.0352408813939,0.5426521805,False,4,1.79999995232,0.907
3lup GOL 302 A,EDO,GOL,0.210613149075,0.0886148119824,0.121998337093,False,3,2.70000004768,0.853
3lun GOL 1402 B,GOL,GOL,0.745370198749,0.745370198749,0.0,True,1,1.79999995232,0.874
3lul LLP 140 B,PMP,LLP,0.301096661461,0.259265807147,0.0418308543136,False,2,1.79999995232,0.967
3lul LLP 140 A,PLP,LLP,0.251358501199,0.0470757856791,0.20428271552,False,3,1.79999995232,0.977
3luk GOL 576 A,SO4,GOL,0.342173076508,0.135322358964,0.206850717544,False,2,1.70000004768,0.895
3luf DMS 259 B,EDO,DMS,0.452712971939,0.0943257766047,0.358387195334,False,2,1.79999995232,0.924
3luf DMS 258 B,EDO,DMS,0.25619982833,0.0353292749926,0.220870553337,False,6,1.79999995232,0.963
3luf DMS 258 A,ACT,DMS,0.320807786267,0.0399167476735,0.280891038594,False,5,1.79999995232,0.935
3ltq ACT 155 A,ACT,ACT,0.471549335175,0.471549335175,0.0,True,1,2.09999990463,0.989
3ltm GOL 2002 B,GOL,GOL,0.173314175813,0.173314175813,0.0,True,1,2.20000004768,0.885
3ltm GOL 2001 B,GOL,GOL,0.708848039466,0.708848039466,0.0,True,1,2.20000004768,0.862
3lti MLY 439 A,EDO,MLY,0.24806241155,0.032359025973,0.215703385577,False,4,1.5,0.76
3lti MLY 430 A,CRQ,MLY_MLY,0.278557807586,0.00251889461699,0.276038912969,False,38,1.5,0.926
3lti MLY 422 A,MLY,MLY,0.842317638323,0.842317638323,0.0,True,1,1.5,0.874
3lti MLY 404 A,MLY,MLY,0.375138273172,0.375138273172,0.0,True,1,1.5,0.867
3lti MLY 324 A,MLY,MLY,0.537679871957,0.537679871957,0.0,True,1,1.5,0.924
3lti MLY 299 A,MLY,MLY,0.895044492372,0.895044492372,0.0,True,1,1.5,0.905
3lti MLY 295 A,MLY,MLY,0.601013969431,0.601013969431,0.0,True,1,1.5,0.894
3lti MLY 265 A,MLY,MLY,0.753606510491,0.753606510491,0.0,True,1,1.5,0.888
3lti MLY 260 A,MLY,MLY,0.832687378462,0.832687378462,0.0,True,1,1.5,0.864
3ltf NAG 596 C,NAG,NAG,0.966654382994,0.966654382994,0.0,True,1,3.20000004768,0.876
3ltf NAG 3830 C,NAG_NAG,NAG_NAG,0.86302754714,0.86302754714,0.0,True,1,3.20000004768,0.899
3ltf NAG 3830 A,NAG,NAG,0.519624852938,0.519624852938,0.0,True,1,3.20000004768,0.882
3ltf NAG 3440 C,NAG_NAG,NAG,0.890948310057,0.0542717119995,0.836676598058,False,2,3.20000004768,0.815
3lte GOL 1 R,GOL,GOL,0.278127155955,0.278127155955,0.0,True,1,2.0,0.883
3lsz GOL 302 D,GOL,GOL,0.602375539953,0.602375539953,0.0,True,1,1.70000004768,0.887
3lsz GOL 302 B,GOL,GOL,0.95526907315,0.95526907315,0.0,True,1,1.70000004768,0.896
3lsu MLY 8 D,MLY,MLY,0.922757937225,0.922757937225,0.0,True,1,1.89999997616,0.926
3lsu MLY 8 C,MLY,MLY,0.700610212101,0.700610212101,0.0,True,1,1.89999997616,0.945
3lsu MLY 8 B,MLY,MLY,0.724232421193,0.724232421193,0.0,True,1,1.89999997616,0.967
3lsu MLY 8 A,MLY,MLY,0.894574131906,0.894574131906,0.0,True,1,1.89999997616,0.917
3lsu MLY 72 D,MLY,MLY,0.958364171844,0.958364171844,0.0,True,1,1.89999997616,0.945
3lsu MLY 72 C,MLY,MLY,0.850867461656,0.850867461656,0.0,True,1,1.89999997616,0.925
3lsu MLY 72 B,MLY,MLY,0.910064758446,0.910064758446,0.0,True,1,1.89999997616,0.952
3lsu MLY 72 A,MLY,MLY,0.845773901713,0.845773901713,0.0,True,1,1.89999997616,0.925
3lsu MLY 63 D,MLY,MLY,0.840667368207,0.840667368207,0.0,True,1,1.89999997616,0.951
3lsu MLY 63 C,MLY,MLY,0.982749687631,0.982749687631,0.0,True,1,1.89999997616,0.94
3lsu MLY 63 B,MLY,MLY,0.89070250562,0.89070250562,0.0,True,1,1.89999997616,0.97
3lsu MLY 63 A,MLY,MLY,0.903431636931,0.903431636931,0.0,True,1,1.89999997616,0.961
3lsu MLY 54 D,MLY,MLY,0.569449193173,0.569449193173,0.0,True,1,1.89999997616,0.928
3lsu MLY 54 C,MLY,MLY,0.990728635802,0.990728635802,0.0,True,1,1.89999997616,0.967
3lsu MLY 54 B,MLY,MLY,0.804298412818,0.804298412818,0.0,True,1,1.89999997616,0.888
3lsu MLY 54 A,MLY,MLY,0.837980149001,0.837980149001,0.0,True,1,1.89999997616,0.957
3lsu MLY 29 D,MLY,MLY,0.826335928676,0.826335928676,0.0,True,1,1.89999997616,0.968
3lsu MLY 29 C,MLY,MLY,0.629531001849,0.629531001849,0.0,True,1,1.89999997616,0.958
3lsu MLY 29 B,MLY,MLY,0.903972524958,0.903972524958,0.0,True,1,1.89999997616,0.943
3lsu MLY 29 A,MLY,MLY,0.707304116833,0.707304116833,0.0,True,1,1.89999997616,0.977
3lsu MLY 206 D,MLY,MLY,0.813351389586,0.813351389586,0.0,True,1,1.89999997616,0.95
3lsu MLY 206 B,MLY,MLY,0.850315780438,0.850315780438,0.0,True,1,1.89999997616,0.935
3lsu MLY 196 D,MLY,MLY,0.955776064433,0.955776064433,0.0,True,1,1.89999997616,0.914
3lsu MLY 196 C,MLY,MLY,0.931713391879,0.931713391879,0.0,True,1,1.89999997616,0.943
3lsu MLY 196 B,MLY,MLY,0.954095737968,0.954095737968,0.0,True,1,1.89999997616,0.938
3lsu MLY 196 A,MLY,MLY,0.988462713144,0.988462713144,0.0,True,1,1.89999997616,0.953
3lsu MLY 187 D,MLY,MLY,0.898753912801,0.898753912801,0.0,True,1,1.89999997616,0.96
3lsu MLY 187 C,MLY,MLY,0.870741149415,0.870741149415,0.0,True,1,1.89999997616,0.927
3lsu MLY 187 B,MLY,MLY,0.805762281694,0.805762281694,0.0,True,1,1.89999997616,0.915
3lsu MLY 187 A,MLY,MLY,0.929290559463,0.929290559463,0.0,True,1,1.89999997616,0.934
3lsu MLY 182 B,MLY_MLY,MLY_MLY,0.227144166399,0.227144166399,0.0,True,1,1.89999997616,0.932
3lsu MLY 181 D,CRQ,MLY_MLY,0.601100160134,0.0120645274662,0.589035632668,False,8,1.89999997616,0.966
3lsu MLY 181 C,SEP,MLY_MLY,0.188856819405,0.0227014304465,0.166155388959,False,6,1.89999997616,0.922
3lsu MLY 181 A,MLY_MLY,MLY_MLY,0.35613740194,0.35613740194,0.0,True,1,1.89999997616,0.959
3lsu MLY 145 D,MLY,MLY,0.646688375425,0.646688375425,0.0,True,1,1.89999997616,0.967
3lsu MLY 145 C,MLY,MLY,0.740737292609,0.740737292609,0.0,True,1,1.89999997616,0.947
3lsu MLY 145 B,MLY,MLY,0.683281619939,0.683281619939,0.0,True,1,1.89999997616,0.973
3lsu MLY 145 A,MLY,MLY,0.163481595445,0.163481595445,0.0,True,1,1.89999997616,0.939
3lsu MLY 138 D,MLY,MLY,0.994691520095,0.994691520095,0.0,True,1,1.89999997616,0.969
3lsu MLY 138 C,MLY,MLY,0.925972991025,0.925972991025,0.0,True,1,1.89999997616,0.968
3lsu MLY 138 B,MLY,MLY,0.940181995434,0.940181995434,0.0,True,1,1.89999997616,0.954
3lsu MLY 138 A,MLY,MLY,0.831894121813,0.831894121813,0.0,True,1,1.89999997616,0.967
3lsu MLY 124 D,MLY,MLY,0.715020911695,0.715020911695,0.0,True,1,1.89999997616,0.963
3lsu MLY 124 C,MLY,MLY,0.793139508655,0.793139508655,0.0,True,1,1.89999997616,0.96
3lsu MLY 124 B,MLY,MLY,0.875102358066,0.875102358066,0.0,True,1,1.89999997616,0.949
3lsu MLY 124 A,MLY,MLY,0.641926214497,0.641926214497,0.0,True,1,1.89999997616,0.952
3lsu MLY 119 D,MLY,MLY,0.279446950414,0.279446950414,0.0,True,1,1.89999997616,0.957
3lsu MLY 119 C,MLY,MLY,0.92115237213,0.92115237213,0.0,True,1,1.89999997616,0.923
3lsu MLY 119 B,MLY,MLY,0.926913249268,0.926913249268,0.0,True,1,1.89999997616,0.953
3lsu MLY 119 A,MLY,MLY,0.975964914234,0.975964914234,0.0,True,1,1.89999997616,0.918
3lsu MLY 105 D,MLY,MLY,0.970098423749,0.970098423749,0.0,True,1,1.89999997616,0.944
3lsu MLY 105 C,MLY,MLY,0.923876519072,0.923876519072,0.0,True,1,1.89999997616,0.905
3lsu MLY 105 B,MLY,MLY,0.852636050441,0.852636050441,0.0,True,1,1.89999997616,0.959
3lsu MLY 105 A,MLY,MLY,0.88041204137,0.88041204137,0.0,True,1,1.89999997616,0.918
3lsu MLY 1 D,MLY,MLY,0.362149642484,0.362149642484,0.0,True,1,1.89999997616,0.913
3lsu MLY 1 C,MAN,MLY,0.142009106265,0.0417165150101,0.100292591255,False,6,1.89999997616,0.852
3lsu MLY 1 B,ALY,MLY,0.301795869289,0.20161772427,0.100178145019,False,2,1.89999997616,0.951
3lsu GOL 210 D,EDO,GOL,0.599499705537,0.171905292272,0.427594413265,False,2,1.89999997616,0.878
3lsu GOL 210 C,GOL,GOL,0.858232847729,0.858232847729,0.0,True,1,1.89999997616,0.896
3lsu GOL 209 D,GOL,GOL,0.81551903784,0.81551903784,0.0,True,1,1.89999997616,0.928
3lsk ACT 901 D,EDO,ACT,0.515125355961,0.0981377535661,0.416987602395,False,3,2.0,0.909
3lsk ACT 901 C,NO3,ACT,0.274175986096,0.219562177208,0.0546138088885,False,2,2.0,0.881
3lsk ACT 901 B,EDO,ACT,0.487026527371,0.197551914311,0.28947461306,False,2,2.0,0.931
3lsk ACT 901 A,EDO,ACT,0.52881684942,0.0579530634503,0.470863785969,False,3,2.0,0.954
3lsh MES 903 C,MES,MES,0.612897391254,0.612897391254,0.0,True,1,1.89999997616,0.946
3lsa GOL 225 C,PEG,GOL,0.18922863817,0.117821859968,0.0714067782019,False,3,1.79999995232,0.608
3lsa GOL 225 B,EDO,GOL,0.724853666791,0.0199607768186,0.704892889973,False,4,1.79999995232,0.84
3ls8 GOL 1003 A,EDO,GOL,0.611113099297,0.189093499056,0.422019600241,False,2,2.29999995232,0.707
3ls6 GOL 800 A,EDO,GOL,0.789299758249,0.0274829506376,0.761816807611,False,3,1.89999997616,0.948
3ls3 GOL 227 D,EDO,GOL,0.284162132077,0.0915933635937,0.192568768483,False,4,1.70000004768,0.753
3ls3 GOL 225 C,EDO,GOL,0.428734515357,0.218614412799,0.210120102558,False,2,1.70000004768,0.642
3lrn GTP 0 D,HEM,GTP,0.120494967076,0.105077166592,0.0154178004842,False,2,2.59999990463,0.958
3lrn GTP 0 C,ATP,GTP,0.0547817110301,0.0120077887682,0.0427739222619,False,17,2.59999990463,0.953
3lrm NAG 5001 D,NAG,NAG,0.99250609936,0.99250609936,0.0,True,1,2.70000004768,0.885
3lrm NAG 5001 C,NAG,NAG,0.910931008717,0.910931008717,0.0,True,1,2.70000004768,0.9
3lrm NAG 5001 B,NAG,NAG,0.968033843805,0.968033843805,0.0,True,1,2.70000004768,0.9
3lrm NAG 5001 A,NAG,NAG,0.797918188274,0.797918188274,0.0,True,1,2.70000004768,0.924
3lrm NAG 4001 D,NAG,NAG,0.945834354046,0.945834354046,0.0,True,1,2.70000004768,0.889
3lrm NAG 4001 B,NAG,NAG,0.945030276804,0.945030276804,0.0,True,1,2.70000004768,0.881
3lrm NAG 4001 A,NAG,NAG,0.972612300734,0.972612300734,0.0,True,1,2.70000004768,0.881
3lrm NAG 3002 A,NAG,NAG_NAG,0.509619201022,0.388252295435,0.121366905586,False,2,2.70000004768,0.879
3lrm NAG 3001 C,NAG,NAG_NAG,0.915751007417,0.0423108483728,0.873440159045,False,2,2.70000004768,0.897
3lrm NAG 3001 B,NAG,NAG,0.645804304826,0.645804304826,0.0,True,1,2.70000004768,0.877
3lrm NAG 2001 D,NAG,NAG,0.923190596714,0.923190596714,0.0,True,1,2.70000004768,0.906
3lrm NAG 2001 C,NAG,NAG,0.870575868278,0.870575868278,0.0,True,1,2.70000004768,0.919
3lrm NAG 2001 B,NAG,NAG,0.990893269677,0.990893269677,0.0,True,1,2.70000004768,0.924
3lrm NAG 2001 A,NAG,NAG,0.7936739738,0.7936739738,0.0,True,1,2.70000004768,0.924
3lrl NAG 5002 A,NAG_NAG,NAG_NAG,0.773549932708,0.773549932708,0.0,True,1,2.40000009537,0.925
3lrl NAG 4001 A,NAG,NAG,0.136074927395,0.136074927395,0.0,True,1,2.40000009537,0.923
3lrl NAG 3001 A,NAG,NAG,0.90363167689,0.90363167689,0.0,True,1,2.40000009537,0.729
3lrl NAG 2001 A,NAG,NAG,0.807964842861,0.807964842861,0.0,True,1,2.40000009537,0.914
3lrl NAG 1001 A,NAG,NAG,0.990981102118,0.990981102118,0.0,True,1,2.40000009537,0.95
3lrk NAG 5001 A,NAG,NAG,0.965990426886,0.965990426886,0.0,True,1,2.0,0.908
3lrk NAG 4001 A,NAG,NAG,0.991957466933,0.991957466933,0.0,True,1,2.0,0.805
3lrk NAG 3001 A,NAG,NAG,0.968154639151,0.968154639151,0.0,True,1,2.0,0.785
3lrk NAG 2001 A,NAG,NAG,0.98351796174,0.98351796174,0.0,True,1,2.0,0.911
3lrk NAG 1001 A,NAG,NAG,0.732951854677,0.732951854677,0.0,True,1,2.0,0.931
3lrk GOL 7003 A,GOL,GOL,0.458555640547,0.458555640547,0.0,True,1,2.0,0.883
3lrk GOL 7002 A,GOL,GOL,0.662006303492,0.662006303492,0.0,True,1,2.0,0.921
3lrk GOL 7001 A,GOL,GOL,0.557984755337,0.557984755337,0.0,True,1,2.0,0.846
3lrg IMD 120 A,GOL,IMD,0.480392644782,0.00884776035204,0.47154488443,False,12,2.09999990463,0.812
3lr1 GOL 236 A,SO4,GOL,0.479003663329,0.206141198236,0.272862465094,False,2,1.79999995232,0.838
3lqz NAG 183 A,NAG,NAG,0.936500211817,0.936500211817,0.0,True,1,3.29999995232,0.817
3lqz NAG 182 A,NAG,NAG,0.339299061284,0.339299061284,0.0,True,1,3.29999995232,0.833
3lqv ADE 2 B,MAN,ADE,0.58752587243,0.0391645818573,0.548361290573,False,2,2.40000009537,0.928
3lqv ADE 1 A,MAN,ADE,0.158080216271,0.0874626741288,0.0706175421422,False,4,2.40000009537,0.935
3lqm GOL 701 A,GOL,GOL,0.83891953271,0.83891953271,0.0,True,1,2.09999990463,0.921
3lqi MLY 4 T,EDO,MLY,0.722375420637,0.0854617578059,0.636913662831,False,2,1.89999997616,0.784
3lqi MLY 4 S,MLY,MLY,0.737871498097,0.737871498097,0.0,True,1,1.89999997616,0.909
3lqi MLY 4 R,MLY,MLY,0.775702684315,0.775702684315,0.0,True,1,1.89999997616,0.963
3lqa NAG 2500 G,NAG,NAG,0.705500804513,0.705500804513,0.0,True,1,3.40000009537,0.822
3lqa NAG 2000 G,NAG,NAG,0.269821339065,0.269821339065,0.0,True,1,3.40000009537,0.742
3lqa NAG 1500 G,SO4,NAG,0.545545080566,0.186323357191,0.359221723375,False,2,3.40000009537,0.895
3lqa NAG 1000 G,NAG,NAG,0.448927612898,0.448927612898,0.0,True,1,3.40000009537,0.869
3lq5 TPO 186 A,SO4,TPO,0.6171502058,0.167039968243,0.450110237557,False,2,3.0,0.954
3lq3 ADP 401 A,BTB,MG,0.815447355886,0.00385650820893,0.811590847677,False,10,1.39999997616,0.931
3lpp NAG 4001 C,NAG,NAG,0.992950346743,0.992950346743,0.0,True,1,2.20000004768,0.836
3lpp NAG 4001 A,NAG,NAG,0.618008677363,0.618008677363,0.0,True,1,2.20000004768,0.803
3lpp NAG 3001 C,NAG,NAG,0.920700370585,0.920700370585,0.0,True,1,2.20000004768,0.799
3lpp NAG 3001 B,NAG_NAG,NAG_NAG,0.625943107921,0.625943107921,0.0,True,1,2.20000004768,0.904
3lpp NAG 3001 A,NAG,NAG,0.975966624789,0.975966624789,0.0,True,1,2.20000004768,0.942
3lpp NAG 2001 D,NAG_NAG,NAG,0.340040570173,0.0292988229855,0.310741747187,False,6,2.20000004768,0.884
3lpp NAG 2001 C,NAG,NAG,0.863363998351,0.863363998351,0.0,True,1,2.20000004768,0.88
3lpp NAG 2001 B,NAG,NAG,0.666816127169,0.666816127169,0.0,True,1,2.20000004768,0.884
3lpp NAG 2001 A,NAG,NAG,0.991156957791,0.991156957791,0.0,True,1,2.20000004768,0.663
3lpp NAG 1001 C,DMS,NAG,0.240242107729,0.00363533527751,0.236606772451,False,14,2.20000004768,0.826
3lpo NAG 3001 D,NAG_NAG,NAG,0.250721855178,0.00744130783841,0.243280547339,False,21,3.20000004768,0.909
3lpo NAG 3001 C,NAG_NAG,NAG_NAG,0.850711572574,0.850711572574,0.0,True,1,3.20000004768,0.925
3lpo NAG 3001 A,BMA_NAG_NAG,NAG_NAG,0.532412561543,0.0356247922322,0.496787769311,False,4,3.20000004768,0.959
3lpo NAG 2001 D,BCL,NAG,0.111813391841,0.0163412151666,0.0954721766743,False,12,3.20000004768,0.79
3lpo NAG 2001 C,NAG,NAG,0.434329936387,0.434329936387,0.0,True,1,3.20000004768,0.87
3lpo NAG 2001 B,NAG_NAG,NAG,0.373090039666,0.187754768898,0.185335270768,False,3,3.20000004768,0.863
3lpo NAG 2001 A,FUC_NAG_NAG,NAG,0.135864784201,0.018895987193,0.116968797008,False,8,3.20000004768,0.877
3lpk TLA 455 A,EDO,TLA,0.347202630499,0.00742594815853,0.339776682341,False,11,1.89999997616,0.828
3lpj TLA 455 B,TLA,TLA,0.508172263597,0.508172263597,0.0,True,1,1.79999995232,0.938
3lpj TLA 455 A,FMT,TLA,0.312205944884,0.0443253404625,0.267880604422,False,6,1.79999995232,0.883
3lpc ACT 383 A,ACT,ACT,0.568812143191,0.568812143191,0.0,True,1,1.70000004768,0.914
3lpc ACT 381 A,DMS,ACT,0.196499496637,0.177835976016,0.0186635206211,False,2,1.70000004768,0.935
3lpc ACT 380 A,ACT,ACT,0.564687703425,0.564687703425,0.0,True,1,1.70000004768,0.877
3lpb PTR 1008 B,PTR_PTR,PTR_PTR,0.983839379945,0.983839379945,0.0,True,1,2.0,0.94
3lpb PTR 1007 A,PTR_PTR,PTR_PTR,0.974395684986,0.974395684986,0.0,True,1,2.0,0.962
3lp6 GOL 175 C,GOL,GOL,0.954991502913,0.954991502913,0.0,True,1,1.70000004768,0.956
3lp6 GOL 175 B,GOL,GOL,0.630015906556,0.630015906556,0.0,True,1,1.70000004768,0.832
3loy TLA 640 A,CIT,TLA,0.548832197842,0.071942688921,0.476889508921,False,3,2.0,0.979
3loy TLA 637 C,CIT,TLA,0.660609571283,0.0213181131228,0.639291458161,False,4,2.0,0.986
3loy GOL 640 B,SO4,GOL,0.299132161524,0.1272562781,0.171875883423,False,3,2.0,0.868
3loy GOL 639 C,GOL,GOL,0.438992376896,0.438992376896,0.0,True,1,2.0,0.912
3loy GOL 639 B,SO4,GOL,0.453812072047,0.183651699521,0.270160372526,False,2,2.0,0.912
3loy GOL 639 A,GOL,GOL,0.792288872135,0.792288872135,0.0,True,1,2.0,0.93
3loy GOL 638 C,GOL,GOL,0.902234040723,0.902234040723,0.0,True,1,2.0,0.958
3loy GOL 638 A,GOL,GOL,0.915370672906,0.915370672906,0.0,True,1,2.0,0.961
3loy GOL 637 B,GOL,GOL,0.428169555892,0.428169555892,0.0,True,1,2.0,0.952
3loy GOL 637 A,GOL,GOL,0.697368570608,0.697368570608,0.0,True,1,2.0,0.924
3loy GOL 636 C,GOL,GOL,0.795428083522,0.795428083522,0.0,True,1,2.0,0.963
3loy GOL 636 B,PLP,GOL,0.162056577496,0.0528313144766,0.10922526302,False,3,2.0,0.949
3loy GOL 636 A,GOL,GOL,0.637228557457,0.637228557457,0.0,True,1,2.0,0.965
3low GOL 3968 B,PEG,GOL,0.486608601935,0.188791619872,0.297816982063,False,2,2.29999995232,0.842
3low GOL 3968 A,PEG,GOL,0.503333149339,0.0702527848994,0.433080364439,False,3,2.29999995232,0.776
3lor ACT 163 B,GOL,ACT,0.470829160437,0.0143501982112,0.456478962225,False,6,2.20000004768,0.898
3loq ACT 278 A,GOL,ACT,0.502468738816,0.0223236024222,0.480145136393,False,4,2.29999995232,0.674
3log GOL 453 B,GOL,GOL,0.942660803788,0.942660803788,0.0,True,1,1.70000004768,0.81
3log GOL 452 C,EDO,GOL,0.571345067884,0.141105838455,0.430239229428,False,2,1.70000004768,0.862
3log GOL 451 D,EDO,GOL,0.716667826726,0.204029786827,0.512638039899,False,2,1.70000004768,0.853
3log GOL 451 C,GOL,GOL,0.857837258434,0.857837258434,0.0,True,1,1.70000004768,0.93
3lo5 GDP 180 C,ADP,GDP,0.934384763133,0.0288800810108,0.905504682122,False,2,2.59999990463,0.976
3lo5 GDP 180 A,GDP_MG,GDP,0.519901055349,0.00332952913956,0.516571526209,False,14,2.59999990463,0.969
3lo3 GOL 93 O,GOL,GOL,0.466634947517,0.466634947517,0.0,True,1,2.40000009537,0.914
3lo3 GOL 93 C,SO4,GOL,0.416429647026,0.410316362105,0.00611328492132,False,2,2.40000009537,0.92
3lnq ACT 1428 B,NAG,ACT,0.452623047318,0.0116205506081,0.44100249671,False,6,2.29999995232,0.843
3lne GOL 214 A,SO4,GOL,0.526703308443,0.175427884347,0.351275424095,False,2,2.0,0.926
3ln9 GOL 138 A,EDO,GOL,0.357476606279,0.0575532158664,0.299923390413,False,5,1.79999995232,0.872
3ln9 GOL 137 A,GOL,GOL,0.821185924411,0.821185924411,0.0,True,1,1.79999995232,0.788
3ln3 MLY 96 A,MLY,MLY,0.913261260287,0.913261260287,0.0,True,1,1.20000004768,0.957
3ln3 MLY 9 A,ALY,MLY,0.820264126309,0.0349403102817,0.785323816027,False,3,1.20000004768,0.972
3ln3 MLY 75 A,MLY,MLY,0.824666633942,0.824666633942,0.0,True,1,1.20000004768,0.947
3ln3 MLY 68 A,MLY,MLY,0.959390558036,0.959390558036,0.0,True,1,1.20000004768,0.966
3ln3 MLY 33 A,MLY,MLY,0.923692863943,0.923692863943,0.0,True,1,1.20000004768,0.978
3ln3 MLY 31 A,EDO,MLY,0.313282439697,0.0782182363019,0.235064203395,False,2,1.20000004768,0.965
3ln3 MLY 301 A,MLY,MLY,0.939174194982,0.939174194982,0.0,True,1,1.20000004768,0.965
3ln3 MLY 294 A,MLY,MLY,0.907239144702,0.907239144702,0.0,True,1,1.20000004768,0.981
3ln3 MLY 27 A,ABA,MLY,0.181202001162,0.14201471826,0.0391872829023,False,3,1.20000004768,0.965
3ln3 MLY 25 A,MLY,MLY,0.259204964411,0.259204964411,0.0,True,1,1.20000004768,0.975
3ln3 MLY 249 A,MLY,MLY,0.489008615868,0.489008615868,0.0,True,1,1.20000004768,0.94
3ln3 MLY 247 A,PCA,MLY_MLY,0.333235632249,0.00338932495735,0.329846307292,False,18,1.20000004768,0.958
3ln3 MLY 225 A,MLY,MLY,0.843762125223,0.843762125223,0.0,True,1,1.20000004768,0.97
3ln3 MLY 209 A,MLY,MLY,0.956190376282,0.956190376282,0.0,True,1,1.20000004768,0.975
3ln3 MLY 201 A,MLY,MLY,0.298394189713,0.298394189713,0.0,True,1,1.20000004768,0.951
3ln3 MLY 185 A,MLY,MLY,0.491465741597,0.491465741597,0.0,True,1,1.20000004768,0.967
3ln3 MLY 183 A,MLY,MLY,0.410139141848,0.410139141848,0.0,True,1,1.20000004768,0.976
3ln3 MLY 179 A,MLY,MLY,0.347815770024,0.347815770024,0.0,True,1,1.20000004768,0.939
3ln3 MLY 161 A,MLY,MLY,0.824169336953,0.824169336953,0.0,True,1,1.20000004768,0.98
3ln3 MLY 155 A,MLY,MLY,0.964576377707,0.964576377707,0.0,True,1,1.20000004768,0.979
3ln3 MLY 136 A,MLY,MLY,0.247369028557,0.247369028557,0.0,True,1,1.20000004768,0.969
3ln3 MLY 123 A,MLY,MLY,0.66293024068,0.66293024068,0.0,True,1,1.20000004768,0.987
3ln3 MLY 104 A,MLY,MLY,0.194050205321,0.194050205321,0.0,True,1,1.20000004768,0.972
3ln3 MLY 101 A,MLY,MLY,0.733128496891,0.733128496891,0.0,True,1,1.20000004768,0.985
3ln1 NAG 681 D,NAG,NAG,0.803199731391,0.803199731391,0.0,True,1,2.40000009537,0.84
3ln1 NAG 681 C,NAG,NAG,0.989337732514,0.989337732514,0.0,True,1,2.40000009537,0.875
3ln1 NAG 681 B,NAG,NAG,0.948616339086,0.948616339086,0.0,True,1,2.40000009537,0.779
3ln1 NAG 681 A,NAG,NAG,0.986904189961,0.986904189961,0.0,True,1,2.40000009537,0.896
3ln1 NAG 673 A,MAN,NAG,0.262676052973,0.0920156281452,0.170660424828,False,3,2.40000009537,0.676
3ln1 NAG 671 D,NAG_NAG,NAG_NAG,0.98794292781,0.98794292781,0.0,True,1,2.40000009537,0.947
3ln1 NAG 671 C,NAG_NAG,NAG_NAG,0.829934958868,0.829934958868,0.0,True,1,2.40000009537,0.923
3ln1 NAG 671 B,NAG_NAG,NAG_NAG,0.941591201618,0.941591201618,0.0,True,1,2.40000009537,0.96
3ln1 NAG 671 A,NAG_NAG,NAG_NAG,0.961097450359,0.961097450359,0.0,True,1,2.40000009537,0.935
3ln1 NAG 661 D,GOL,NAG,0.400965239539,0.00321637631448,0.397748863224,False,15,2.40000009537,0.798
3ln1 NAG 661 C,NAG,NAG,0.470957091295,0.470957091295,0.0,True,1,2.40000009537,0.82
3ln1 NAG 661 B,NAG,NAG,0.796969966272,0.796969966272,0.0,True,1,2.40000009537,0.835
3ln1 NAG 661 A,NAG,NAG,0.355683559215,0.355683559215,0.0,True,1,2.40000009537,0.778
3ln0 NAG 681 D,NAG,NAG,0.995699667646,0.995699667646,0.0,True,1,2.20000004768,0.856
3ln0 NAG 681 A,NAG,NAG,0.988051447982,0.988051447982,0.0,True,1,2.20000004768,0.85
3ln0 NAG 671 D,NAG_NAG,NAG,0.50765163764,0.407333661701,0.100317975939,False,2,2.20000004768,0.908
3ln0 NAG 671 C,NAG,NAG,0.330456451937,0.330456451937,0.0,True,1,2.20000004768,0.954
3ln0 NAG 671 B,NAG,NAG,0.989985668387,0.989985668387,0.0,True,1,2.20000004768,0.962
3ln0 NAG 671 A,NAG,NAG,0.783155198746,0.783155198746,0.0,True,1,2.20000004768,0.92
3ln0 NAG 661 C,NAG,NAG,0.98298185109,0.98298185109,0.0,True,1,2.20000004768,0.763
3lmy NAG 560 B,NAG_NAG,NAG,0.394304502685,0.212993545946,0.181310956739,False,2,2.79999995232,0.882
3lmy NAG 559 B,NAG,NAG,0.961864535379,0.961864535379,0.0,True,1,2.79999995232,0.777
3lmy NAG 557 B,NAG,NAG,0.828224660917,0.828224660917,0.0,True,1,2.79999995232,0.912
3lmx GOL 539 M,SO4,GOL,0.370260101439,0.114296797327,0.255963304112,False,3,2.20000004768,0.898
3lmx GOL 201 B,SO4,GOL,0.574360358169,0.125554585913,0.448805772256,False,2,2.20000004768,0.876
3lmx GOL 201 A,SO4,GOL,0.668633634575,0.0888932608287,0.579740373746,False,2,2.20000004768,0.892
3lmx GOL 13 M,GOL,GOL,0.263532999107,0.263532999107,0.0,True,1,2.20000004768,0.698
3lmx GOL 11 N,GOL,GOL,0.632192700299,0.632192700299,0.0,True,1,2.20000004768,0.699
3lmk NAG 1 B,NAG,NAG,0.99757780453,0.99757780453,0.0,True,1,2.40000009537,0.785
3lmk NAG 1 A,NAG,NAG,0.899952558874,0.899952558874,0.0,True,1,2.40000009537,0.869
3lm9 MLY 223 A,SAM,MLY_MLY,0.212255304311,0.00439209026919,0.207863214042,False,28,2.5,0.953
3llx LLP 46 A,LLP,LLP,0.972085687813,0.972085687813,0.0,True,1,1.5,0.971
3llt ANP 877 A,ANP_MG,ANP,0.330688061793,0.278573067663,0.0521149941293,False,2,2.5,0.962
3llt ACT 876 A,SO4,ACT,0.57028430668,0.00424630477979,0.566038001901,False,7,2.5,0.906
3llp GOL 496 A,GOL,GOL,0.833917001424,0.833917001424,0.0,True,1,1.79999995232,0.948
3llp GOL 495 B,GOL,GOL,0.883021767522,0.883021767522,0.0,True,1,1.79999995232,0.916
3llp GOL 495 A,SO4,GOL,0.600970981646,0.0138667970115,0.587104184634,False,7,1.79999995232,0.94
3llp GOL 494 B,GOL,GOL,0.951215664042,0.951215664042,0.0,True,1,1.79999995232,0.972
3llp GOL 494 A,GOL,GOL,0.695560119259,0.695560119259,0.0,True,1,1.79999995232,0.969
3llc PG4 277 A,HEZ,PG4,0.180665290632,0.141180981456,0.0394843091761,False,2,1.79999995232,0.842
3ll9 GOL 267 B,GOL,GOL,0.76256132416,0.76256132416,0.0,True,1,2.09999990463,0.814
3ll0 GOL 125 A,GOL,GOL,0.729221052981,0.729221052981,0.0,True,1,1.70000004768,0.91
3ll0 GOL 124 A,GOL,GOL,0.980359704602,0.980359704602,0.0,True,1,1.70000004768,0.958
3ll0 GOL 123 A,GOL,GOL,0.877404562923,0.877404562923,0.0,True,1,1.70000004768,0.966
3ll0 GOL 122 A,GOL,GOL,0.98637328778,0.98637328778,0.0,True,1,1.70000004768,0.972
3lkz GOL 302 A,SO4,GOL,0.427205314396,0.22909574052,0.198109573876,False,2,2.0,0.907
3lky GOL 124 A,GOL,GOL,0.941114721718,0.941114721718,0.0,True,1,1.10000002384,0.933
3lky GOL 122 A,GOL,GOL,0.873446771512,0.873446771512,0.0,True,1,1.10000002384,0.861
3lkw GOL 303 A,EDO,GOL,0.596782771217,0.106686320711,0.490096450506,False,2,2.0,0.905
3lkv GOL 1001 A,GOL,GOL,0.269937614334,0.269937614334,0.0,True,1,2.20000004768,0.801
3lkt GOL 202 C,GOL,GOL,0.665901521655,0.665901521655,0.0,True,1,1.60000002384,0.9
3lkj NAG 3 C,NAG_NAG,NAG_NAG,0.669558057318,0.669558057318,0.0,True,1,2.5,0.818
3lkj NAG 2 B,NAG,NAG,0.905747093745,0.905747093745,0.0,True,1,2.5,0.885
3lkj NAG 2 A,NAG_NAG,NAG_NAG,0.618110021071,0.618110021071,0.0,True,1,2.5,0.905
3lke GOL 264 C,GOL,GOL,0.977860854774,0.977860854774,0.0,True,1,1.70000004768,0.827
3lke GOL 264 B,GOL,GOL,0.942828821249,0.942828821249,0.0,True,1,1.70000004768,0.868
3lke GOL 264 A,GOL,GOL,0.82663336369,0.82663336369,0.0,True,1,1.70000004768,0.887
3ljw ACT 999 A,SO4,ACT,0.621506862492,0.0224852367463,0.599021625746,False,4,1.5,0.952
3ljw ACT 998 B,SO4,ACT,0.593014780692,0.00901923863445,0.583995542058,False,6,1.5,0.927
3ljm ACE 0 C,ACE,ACE,0.995474143612,0.995474143612,0.0,True,1,1.39999997616,0.959
3ljm ACE 0 B,ACE,ACE,0.97408007385,0.97408007385,0.0,True,1,1.39999997616,0.976
3ljm ACE 0 A,ACE,ACE,0.973621905376,0.973621905376,0.0,True,1,1.39999997616,0.961
3ljl MES 154 B,SO4,MES,0.462879867816,0.0811405927126,0.381739275103,False,2,3.20000004768,0.91
3ljl MES 154 A,HEM,MES,0.858994715215,0.000292808337835,0.858701906877,False,102,3.20000004768,0.97
3ljk MES 601 A,SO4,MES,0.886028077095,0.00122766709171,0.884800410004,False,12,1.5,0.947
3ljk GOL 602 A,GOL,GOL,0.309073406977,0.309073406977,0.0,True,1,1.5,0.89
3ljg HAE 301 A,ZN,ZN,0.412651340869,0.412651340869,0.0,True,1,1.29999995232,0.938
3lje ACT 5000 A,SO4,ACT,0.265942050648,0.0477051509331,0.218236899715,False,6,1.79999995232,0.923
3ljd ACT 5000 B,SO4,ACT,0.711028288566,0.015692143063,0.695336145503,False,5,1.39999997616,0.697
3lj2 SEP 841 B,NAG,SEP,0.57637275084,0.00622407238857,0.570148678451,False,13,3.29999995232,0.843
3lj2 SEP 841 A,NAG,SEP,0.893535153907,0.000617864702592,0.892917289205,False,22,3.29999995232,0.765
3lj1 TPO 844 B,NAG,TPO,0.262226833638,0.0233724898182,0.23885434382,False,8,3.29999995232,0.853
3lj0 TPO 844 B,SO4,TPO,0.717785429328,0.00020907783883,0.71757635149,False,171,3.20000004768,0.716
3lj0 TPO 844 A,NAG,TPO,0.373992948298,0.114813821614,0.259179126684,False,2,3.20000004768,0.719
3liz NAG 601 A,NAG,NAG,0.967838601304,0.967838601304,0.0,True,1,1.79999995232,0.845
3liz NAG 501 A,NAG_NAG,NAG_NAG,0.839735712537,0.839735712537,0.0,True,1,1.79999995232,0.948
3liz BMA 503 A,NAG,BMA,0.235435446223,0.039944316852,0.195491129371,False,5,1.79999995232,0.75
3liu GOL 5 A,EDO,GOL,0.56704078197,0.0400696951182,0.526971086852,False,3,2.09999990463,0.816
3liu GOL 4 B,GOL,GOL,0.845066255745,0.845066255745,0.0,True,1,2.09999990463,0.895
3lij ANP 522 A,NAG,ANP,0.117190781123,0.00341802031558,0.113772760808,False,39,1.89999997616,0.918
3lii NAG 1003 B,FUC_NAG_NAG,NAG_NAG,0.510265039056,0.173575758315,0.336689280742,False,2,3.20000004768,0.896
3lii NAG 1001 A,NAG,NAG_NAG,0.427049818002,0.0737032531361,0.353346564866,False,3,3.20000004768,0.897
3li5 MES 412 A,SO4,MES,0.923352033672,0.00165048327278,0.921701550399,False,5,1.20000004768,0.827
3li2 ACT 14 A,GOL,ACT,0.341791055947,0.0180410765952,0.323749979352,False,5,2.20000004768,0.975
3lhs GOL 402 A,EDO,GOL,0.72508386497,0.080999530889,0.644084334081,False,2,1.29999995232,0.828
3lhs GOL 401 A,GOL,GOL,0.952690543463,0.952690543463,0.0,True,1,1.29999995232,0.955
3lho PG4 277 A,EDO,PG4,0.310638514449,0.00953076421354,0.301107750236,False,8,1.79999995232,0.754
3lho GOL 271 A,EDO,GOL,0.239427439204,0.0467477748317,0.192679664373,False,5,1.79999995232,0.903
3lhn GOL 3 B,GOL,GOL,0.87595345346,0.87595345346,0.0,True,1,1.39999997616,0.949
3lhn GOL 2 A,GOL,GOL,0.957065723602,0.957065723602,0.0,True,1,1.39999997616,0.955
3lhe GOL 2 A,ACT,GOL,0.373986719398,0.0728023343061,0.301184385092,False,3,1.60000002384,0.894
3lh4 GOL 116 A,EDO,GOL,0.642719959417,0.131506713469,0.511213245948,False,2,1.79999995232,0.893
3lh0 MLY 372 B,GOL,MLY,0.447367767161,0.000505210251549,0.446862556909,False,186,1.89999997616,0.622
3lgq HEC 1008 B,HEC,HEC,0.848137502,0.848137502,0.0,True,1,1.79999995232,0.956
3lgq HEC 1008 A,HEC,HEC,0.812639532415,0.812639532415,0.0,True,1,1.79999995232,0.953
3lgq HEC 1007 B,HEC,HEC,0.982811590834,0.982811590834,0.0,True,1,1.79999995232,0.979
3lgq HEC 1007 A,HEC,HEC,0.979840008215,0.979840008215,0.0,True,1,1.79999995232,0.979
3lgq HEC 1006 B,HEC,HEC,0.950949449171,0.950949449171,0.0,True,1,1.79999995232,0.982
3lgq HEC 1006 A,HEC,HEC,0.991128976878,0.991128976878,0.0,True,1,1.79999995232,0.983
3lgq HEC 1005 B,HEC,HEC,0.898522867802,0.898522867802,0.0,True,1,1.79999995232,0.98
3lgq HEC 1005 A,HEC,HEC,0.991676677674,0.991676677674,0.0,True,1,1.79999995232,0.98
3lgq HEC 1003 B,HEC,HEC,0.996799027314,0.996799027314,0.0,True,1,1.79999995232,0.975
3lgq HEC 1003 A,HEC,HEC,0.97764540479,0.97764540479,0.0,True,1,1.79999995232,0.977
3lgq HEC 1002 B,HEC,HEC,0.992667114207,0.992667114207,0.0,True,1,1.79999995232,0.979
3lgq HEC 1002 A,HEC,HEC,0.991455126398,0.991455126398,0.0,True,1,1.79999995232,0.983
3lgq HEC 1001 A,HEC,HEC,0.983095387363,0.983095387363,0.0,True,1,1.79999995232,0.975
3lgg NAG 511 B,NAG,NAG,0.989331337877,0.989331337877,0.0,True,1,2.5,0.893
3lgg NAG 511 A,NAG,NAG,0.749063672733,0.749063672733,0.0,True,1,2.5,0.887
3lgg NAG 509 A,NAG,NAG,0.98971214913,0.98971214913,0.0,True,1,2.5,0.885
3lgd NAG 750 B,NAG,NAG,0.951995507952,0.951995507952,0.0,True,1,2.0,0.912
3lgd NAG 750 A,NAG,NAG,0.1432237739,0.1432237739,0.0,True,1,2.0,0.863
3lgd NAG 650 B,GOL,NAG,0.336878787313,0.214726993661,0.122151793652,False,2,2.0,0.816
3lgd NAG 650 A,NAG,NAG,0.830050752266,0.830050752266,0.0,True,1,2.0,0.824
3lgd NAG 550 B,NAG,NAG,0.993184023379,0.993184023379,0.0,True,1,2.0,0.775
3lgd NAG 550 A,NAG,NAG,0.958124108759,0.958124108759,0.0,True,1,2.0,0.814
3lgc GOL 92 A,SO4,GOL,0.391996172652,0.205758308154,0.186237864499,False,2,2.79999995232,0.93
3lg1 PG4 540 B,GOL,PG4,0.203628664633,0.101358561862,0.102270102772,False,3,1.89999997616,0.66
3lg1 HEC 1008 B,HEC,HEC,0.946616489619,0.946616489619,0.0,True,1,1.89999997616,0.971
3lg1 HEC 1008 A,HEC,HEC,0.7110231873,0.7110231873,0.0,True,1,1.89999997616,0.971
3lg1 HEC 1005 B,HEC,HEC,0.98650319148,0.98650319148,0.0,True,1,1.89999997616,0.981
3lg1 HEC 1005 A,HEC,HEC,0.964653737219,0.964653737219,0.0,True,1,1.89999997616,0.984
3lg1 HEC 1002 B,HEC,HEC,0.830531039914,0.830531039914,0.0,True,1,1.89999997616,0.985
3lg1 HEC 1002 A,HEC,HEC,0.974458241873,0.974458241873,0.0,True,1,1.89999997616,0.988
3lg1 HEC 1001 B,HEC,HEC,0.824987108649,0.824987108649,0.0,True,1,1.89999997616,0.972
3lg1 HEC 1001 A,HEM,HEC,0.733641303563,0.244180974673,0.48946032889,False,2,1.89999997616,0.977
3lfl DTT 241 C,GOL,DTT,0.45303481492,0.005305353179,0.447729461741,False,9,2.09999990463,0.937
3lf2 GOL 302 D,SO4,GOL,0.643999965968,0.0662447775446,0.577755188424,False,3,2.29999995232,0.911
3lf2 GOL 302 B,SO4,GOL,0.477372611391,0.0534943894586,0.423878221932,False,4,2.29999995232,0.922
3lew 1PE 7 A,EDO,1PE,0.333251735601,0.000464803901323,0.3327869317,False,193,1.70000004768,0.674
3lew 1PE 3 A,PEG,1PE,0.291592632742,0.0123573716182,0.279235261123,False,11,1.70000004768,0.908
3lew 1PE 1 A,PG4,1PE,0.439322048134,0.0213200115958,0.418002036538,False,6,1.70000004768,0.749
3lev GOL 220 H,NAG,GOL,0.339808013162,0.0595495496567,0.280258463505,False,3,2.5,0.872
3lev 1PE 215 L,GOL,1PE,0.138334881383,0.0127935658552,0.125541315528,False,13,2.5,0.839
3leo GOL 214 A,GOL,GOL,0.368778438522,0.368778438522,0.0,True,1,2.09999990463,0.815
3le8 GOL 304 A,GOL,GOL,0.275828053792,0.275828053792,0.0,True,1,1.70000004768,0.785
3le7 ADE 501 A,PYR,ADE,0.19121088278,0.129869681545,0.0613412012353,False,2,1.70000004768,0.952
3le2 GOL 395 A,SO4,GOL,0.652690586701,0.0650317002301,0.587658886471,False,3,2.20000004768,0.89
3le2 ACT 393 A,SO4,ACT,0.37825928354,0.0316061935061,0.346653090034,False,6,2.20000004768,0.974
3le0 GOL 192 A,GOL,GOL,0.572868085579,0.572868085579,0.0,True,1,1.89999997616,0.884
3ldu GTP 383 A,GSH,GTP,0.308339804631,0.00182151961131,0.30651828502,False,54,1.70000004768,0.865
3ldu GOL 387 A,GOL,GOL,0.620024916126,0.620024916126,0.0,True,1,1.70000004768,0.913
3ldu GOL 386 A,SO4,GOL,0.285773678348,0.270299944707,0.0154737336414,False,2,1.70000004768,0.89
3ldt GOL 503 A,SO4,GOL,0.750264303342,0.0206202611739,0.729644042168,False,3,2.29999995232,0.726
3ldt GOL 502 A,SO4,GOL,0.228226468314,0.105892012768,0.122334455546,False,2,2.29999995232,0.619
3ldt GOL 501 A,SO4,GOL,0.727079974024,0.039820617519,0.687259356505,False,4,2.29999995232,0.738
3ldo ANP 501 B,GDP_MG,ANP,0.139444876477,0.00833367976148,0.131111196715,False,21,2.0,0.979
3ldo ANP 408 A,GDP_MG,ANP,0.12642831342,0.00340962185799,0.123018691562,False,53,2.0,0.983
3ldb GOL 338 A,SO4,GOL,0.477232481612,0.333396001863,0.143836479749,False,2,2.70000004768,0.717
3ldb GOL 337 A,SO4,GOL,0.382972911279,0.223668724856,0.159304186423,False,2,2.70000004768,0.885
3ldb GOL 336 A,SO4,GOL,0.463720745333,0.139113666746,0.324607078587,False,2,2.70000004768,0.798
3ldb GOL 335 A,GOL,GOL,0.479478851774,0.479478851774,0.0,True,1,2.70000004768,0.716
3ldb GOL 221 B,SO4,GOL,0.725880602436,0.0306163405565,0.695264261879,False,4,2.70000004768,0.778
3ld8 GOL 340 A,SO4,GOL,0.673666670575,0.156032748454,0.517633922121,False,2,2.59999990463,0.815
3ld8 GOL 339 A,SO4,GOL,0.379544409173,0.244512031325,0.135032377848,False,2,2.59999990463,0.822
3ld8 GOL 338 A,GOL,GOL,0.307249989643,0.307249989643,0.0,True,1,2.59999990463,0.915
3ld8 GOL 337 A,SO4,GOL,0.163354329558,0.0705436839975,0.0928106455601,False,4,2.59999990463,0.65
3ld8 GOL 221 B,SO4,GOL,0.433430589357,0.0947363037323,0.338694285625,False,3,2.59999990463,0.74
3lct GOL 1411 A,SO4,GOL,0.358029292795,0.346051533234,0.0119777595612,False,2,2.0,0.749
3lct GOL 1 A,GOL,GOL,0.704327462121,0.704327462121,0.0,True,1,2.0,0.866
3lcs GOL 1412 A,GOL,GOL,0.349750178422,0.349750178422,0.0,True,1,2.0,0.917
3lcs GOL 1411 A,GOL,GOL,0.842838414037,0.842838414037,0.0,True,1,2.0,0.833
3lcr FMT 3613 B,FMT,FMT,0.700300329074,0.700300329074,0.0,True,1,2.0,0.979
3lcr FMT 3613 A,EDO,FMT,0.638759277351,0.0999654043434,0.538793873007,False,3,2.0,0.964
3lcr DMS 3092 B,SO4,DMS,0.192024825299,0.0924567003113,0.0995681249874,False,3,2.0,0.946
3lcr DMS 3092 A,GOL,DMS,0.301437257127,0.000797679404088,0.300639577722,False,177,2.0,0.663
3lce GOL 268 B,GOL,GOL,0.405637275596,0.405637275596,0.0,True,1,1.89999997616,0.888
3lce GOL 268 A,GOL,GOL,0.329821205724,0.329821205724,0.0,True,1,1.89999997616,0.9
3lce GOL 267 D,EDO,GOL,0.577743394315,0.305828748807,0.271914645508,False,2,1.89999997616,0.923
3lce GOL 267 C,EDO,GOL,0.882958227502,0.0674088360812,0.81554939142,False,2,1.89999997616,0.915
3lce GOL 267 B,SO4,GOL,0.610929612084,0.065162276402,0.545767335682,False,3,1.89999997616,0.741
3lce GOL 267 A,GOL,GOL,0.758112745998,0.758112745998,0.0,True,1,1.89999997616,0.935
3lce GOL 1 D,EDO,GOL,0.584085982866,0.195682056123,0.388403926743,False,2,1.89999997616,0.901
3lce GOL 1 B,SO4,GOL,0.884668298182,0.00383194118469,0.880836356997,False,5,1.89999997616,0.836
3lce GOL 1 A,SO4,GOL,0.432803662101,0.0235852312634,0.409218430838,False,6,1.89999997616,0.774
3lca GOL 1 A,EDO,GOL,0.647438140978,0.221094518962,0.426343622016,False,2,2.20000004768,0.718
3lc8 PG4 401 B,PEG,PG4,0.360312836623,0.172806441919,0.187506394704,False,2,2.0,0.819
3lc8 PG4 401 A,PEG,PG4,0.440888547243,0.22963018695,0.211258360293,False,2,2.0,0.898
3lc8 GOL 502 A,GOL,GOL,0.676548813367,0.676548813367,0.0,True,1,2.0,0.919
3lc8 GOL 501 B,GOL,GOL,0.417145495406,0.417145495406,0.0,True,1,2.0,0.8
3lc8 GOL 501 A,GOL,GOL,0.763161407587,0.763161407587,0.0,True,1,2.0,0.953
3lc7 GOL 337 Q,GOL,GOL,0.258818808833,0.258818808833,0.0,True,1,2.5,0.899
3lc7 GOL 337 O,SO4,GOL,0.470185036318,0.138767616531,0.331417419787,False,2,2.5,0.917
3lc2 GOL 339 R,NAD,GOL,0.276385433575,0.0620337421613,0.214351691414,False,3,2.79999995232,0.962
3lc2 GOL 339 Q,CIT,GOL,0.188099013137,0.0499754906192,0.138123522517,False,3,2.79999995232,0.879
3lc2 GOL 339 O,NAD,GOL,0.315362328739,0.0677059160861,0.247656412653,False,4,2.79999995232,0.923
3lbs MAL 401 B,MAL,MAL,0.969945201889,0.969945201889,0.0,True,1,2.20000004768,0.975
3lbg ACE 0 A,EDO,ACE,0.672420411726,0.0114745724344,0.660945839291,False,5,1.5,0.709
3lbf GOL 212 A,GOL,GOL,0.262442771671,0.262442771671,0.0,True,1,1.79999995232,0.625
3lb6 MLY 99 D,SO4,MLY,0.601406884951,0.0118862806104,0.589520604341,False,8,3.0,0.943
3lb6 MLY 89 B,MLY,MLY,0.485829990223,0.485829990223,0.0,True,1,3.0,0.965
3lb6 MLY 82 D,FES,MLY,0.138578042675,0.0685498632959,0.0700281793788,False,5,3.0,0.965
3las GOL 169 A,GOL,GOL,0.90434745101,0.90434745101,0.0,True,1,1.39999997616,0.916
3laq NAG 1170 V,NAG,NAG,0.458153076454,0.458153076454,0.0,True,1,3.20000004768,0.933
3laq NAG 1052 V,NAG,NAG,0.991779649671,0.991779649671,0.0,True,1,3.20000004768,0.904
3laq NAG 1052 U,NAG,NAG,0.972783939731,0.972783939731,0.0,True,1,3.20000004768,0.62
3lao GOL 262 C,EDO,GOL,0.532295864328,0.140181113189,0.39211475114,False,2,2.40000009537,0.841
3laf NAG 408 A,NAG,NAG,0.754947217516,0.754947217516,0.0,True,1,2.40000009537,0.818
3lac CSO 143 B,TPO,CSO,0.246573442048,0.196322723384,0.050250718664,False,2,2.0,0.963
3lac CSO 143 A,CSD,CSO,0.203775916826,0.172555607743,0.0312203090824,False,2,2.0,0.978
3l9r NAG 508 E,NAG,NAG,0.982427633702,0.982427633702,0.0,True,1,2.29999995232,0.861
3l9r NAG 500 C,NAG,NAG,0.955638928079,0.955638928079,0.0,True,1,2.29999995232,0.741
3l9r GOL 288 C,SO4,GOL,0.952364717067,0.00999092963199,0.942373787435,False,3,2.29999995232,0.906
3l9r GOL 286 G,SO4,GOL,0.523887149494,0.185363631001,0.338523518493,False,2,2.29999995232,0.734
3l9r GOL 285 G,GOL,GOL,0.83487183367,0.83487183367,0.0,True,1,2.29999995232,0.91
3l9r GOL 285 C,GOL,GOL,0.500837894024,0.500837894024,0.0,True,1,2.29999995232,0.895
3l9r BMA 503 G,EDO,BMA,0.121463744504,0.0183071506105,0.103156593893,False,9,2.29999995232,0.897
3l9r BMA 503 C,SO4,BMA,0.261289228862,0.0118101888427,0.249479040019,False,13,2.29999995232,0.749
3l9p GOL 1412 A,GOL,GOL,0.941727909277,0.941727909277,0.0,True,1,1.79999995232,0.854
3l9p GOL 1411 A,GOL,GOL,0.9371527283,0.9371527283,0.0,True,1,1.79999995232,0.896
3l9p GOL 1 A,GOL,GOL,0.963047212313,0.963047212313,0.0,True,1,1.79999995232,0.912
3l9n TPO 197 A,TPO,TPO,0.990159895695,0.990159895695,0.0,True,1,2.0,0.982
3l9n SEP 338 A,SEP,SEP,0.883854197004,0.883854197004,0.0,True,1,2.0,0.949
3l9m TPO 197 B,TPO,TPO,0.787129232475,0.787129232475,0.0,True,1,1.89999997616,0.95
3l9m TPO 197 A,TPO,TPO,0.947234377093,0.947234377093,0.0,True,1,1.89999997616,0.965
3l9m SEP 338 B,SEP,SEP,0.856760504997,0.856760504997,0.0,True,1,1.89999997616,0.942
3l9m SEP 338 A,SO4,SEP,0.731803140865,0.000588047152627,0.731215093713,False,18,1.89999997616,0.888
3l9l TPO 197 B,TPO,TPO,0.861948793642,0.861948793642,0.0,True,1,1.89999997616,0.958
3l9l TPO 197 A,TPO,TPO,0.982793626041,0.982793626041,0.0,True,1,1.89999997616,0.973
3l9l SEP 338 B,SEP,SEP,0.937474985919,0.937474985919,0.0,True,1,1.89999997616,0.97
3l9l SEP 338 A,SO4,SEP,0.726057620859,0.001020492534,0.725037128325,False,11,1.89999997616,0.889
3l9i ACT 1 A,GOL,ACT,0.41002614578,0.0163857212363,0.393640424543,False,5,2.20000004768,0.892
3l9a GOL 1 X,GOL,GOL,0.986675444384,0.986675444384,0.0,True,1,1.29999995232,0.971
3l95 NAG 2004 X,NAG,NAG_NAG,0.469781373775,0.411166989858,0.058614383917,False,2,2.20000004768,0.914
3l93 FMT 301 A,FMT,FMT,0.51677851252,0.51677851252,0.0,True,1,2.20000004768,0.943
3l8h FMT 2007 A,EDO,FMT,0.92488674435,0.0011604055107,0.923726338839,False,6,1.70000004768,0.886
3l89 NAG 1080 V,NAG,NAG,0.5990281849,0.5990281849,0.0,True,1,3.5,0.93
3l89 NAG 1080 S,NAG,NAG,0.987870853921,0.987870853921,0.0,True,1,3.5,0.914
3l89 NAG 1080 P,NAG,NAG,0.986342432348,0.986342432348,0.0,True,1,3.5,0.895
3l89 NAG 1080 M,NAG,NAG,0.718114571774,0.718114571774,0.0,True,1,3.5,0.911
3l84 GOL 2002 A,GOL,GOL,0.328611585312,0.328611585312,0.0,True,1,1.39999997616,0.886
3l84 GOL 2001 A,GOL,GOL,0.941433223159,0.941433223159,0.0,True,1,1.39999997616,0.876
3l84 ACT 3001 A,SO4,ACT,0.294683836151,0.112488222644,0.182195613507,False,3,1.39999997616,0.915
3l7e GOL 1005 L,EDO,GOL,0.331817122119,0.0470618184426,0.284755303676,False,5,2.5,0.914
3l7e ACT 1004 H,GOL,ACT,0.131883290035,0.0481772992212,0.0837059908138,False,5,2.5,0.938
3l7e ACT 1003 B,GOL,ACT,0.312663373235,0.0430832842211,0.269580089013,False,6,2.5,0.835
3l7d LLP 680 A,LLP,LLP,0.98847034315,0.98847034315,0.0,True,1,2.0,0.984
3l7c LLP 680 A,LLP,LLP,0.985896101304,0.985896101304,0.0,True,1,1.89999997616,0.985
3l7b LLP 680 A,LLP,LLP,0.969798939001,0.969798939001,0.0,True,1,2.0,0.983
3l7a LLP 680 A,LLP,LLP,0.977457726274,0.977457726274,0.0,True,1,1.89999997616,0.986
3l79 LLP 680 A,LLP,LLP,0.96336538579,0.96336538579,0.0,True,1,1.89999997616,0.985
3l77 GOL 246 A,GOL,GOL,0.975720430875,0.975720430875,0.0,True,1,1.60000002384,0.913
3l77 GOL 243 A,EDO,GOL,0.567214570393,0.277897900962,0.28931666943,False,2,1.60000002384,0.838
3l75 HEC 501 Q,HEM,HEC,0.550277526625,0.257849161893,0.292428364732,False,2,2.79999995232,0.964
3l75 HEC 501 D,HEM,HEC,0.819344189308,0.112035698343,0.707308490966,False,2,2.79999995232,0.985
3l74 HEC 501 Q,HEC,HEC,0.633957465923,0.633957465923,0.0,True,1,2.70000004768,0.957
3l74 HEC 501 D,HEC,HEC,0.714651986561,0.714651986561,0.0,True,1,2.70000004768,0.979
3l73 HEC 501 Q,HEM,HEC,0.777734504136,0.0756731464312,0.702061357704,False,2,2.90000009537,0.959
3l73 HEC 501 D,HEM,HEC,0.578712659392,0.175444567043,0.403268092349,False,2,2.90000009537,0.978
3l73 GOL 2011 C,SO4,GOL,0.725721729643,0.0888632145486,0.636858515094,False,2,2.90000009537,0.908
3l72 HEC 501 Q,HEM,HEC,0.713469804682,0.103840637327,0.609629167355,False,2,3.0,0.965
3l72 HEC 501 D,HEM,HEC,0.681817410907,0.116845863472,0.564971547434,False,2,3.0,0.982
3l72 GOL 3011 P,SO4,GOL,0.558471274769,0.159746202987,0.398725071782,False,2,3.0,0.895
3l72 GOL 2011 C,GOL,GOL,0.145727450721,0.145727450721,0.0,True,1,3.0,0.904
3l71 HEC 501 Q,HEM,HEC,0.686982168715,0.0591353571819,0.627846811533,False,3,2.79999995232,0.965
3l71 HEC 501 D,HEM,HEC,0.811131644472,0.030838601374,0.780293043098,False,3,2.79999995232,0.982
3l71 GOL 2011 C,SO4,GOL,0.812568463121,0.022356592564,0.790211870557,False,3,2.79999995232,0.909
3l70 HEC 501 Q,HEM,HEC,0.756144253918,0.0409175706352,0.715226683283,False,3,2.70000004768,0.958
3l70 HEC 501 D,HEM,HEC,0.512165642424,0.394037996907,0.118127645517,False,2,2.70000004768,0.978
3l70 GOL 3011 P,SO4,GOL,0.753198828284,0.0449667748713,0.708232053413,False,3,2.70000004768,0.795
3l70 GOL 2011 C,SO4,GOL,0.718475602928,0.0188224422087,0.69965316072,False,4,2.70000004768,0.852
3l6r LLP 56 A,LLP,LLP,0.996261113691,0.996261113691,0.0,True,1,1.60000002384,0.964
3l6f SEP 9 C,CAS,SEP,0.782065663212,0.0778032328005,0.704262430412,False,2,2.09999990463,0.938
3l6a PG4 364 A,GOL,PG4,0.163298514898,0.0897615831294,0.0735369317689,False,4,2.0,0.892
3l6a PG4 363 A,1PE,PG4,0.78501236074,0.0680582051318,0.716954155608,False,2,2.0,0.908
3l6a MES 362 A,SEP,MES,0.164337110878,0.00529952149996,0.159037589378,False,21,2.0,0.967
3l6a MES 361 A,MES,MES,0.796830700708,0.796830700708,0.0,True,1,2.0,0.906
3l5x MES 1001 L,SO4,MES,0.749020114398,0.0475992365213,0.701420877876,False,3,1.89999997616,0.855
3l5x GOL 1002 L,GOL,GOL,0.761605185856,0.761605185856,0.0,True,1,1.89999997616,0.76
3l5w GOL 1001 A,GOL,GOL,0.751093107871,0.751093107871,0.0,True,1,2.0,0.953
3l5v GOL 123 C,GOL,GOL,0.911321843733,0.911321843733,0.0,True,1,1.70000004768,0.916
3l5v GOL 123 B,GOL,GOL,0.881573320888,0.881573320888,0.0,True,1,1.70000004768,0.857
3l5v GOL 123 A,GOL,GOL,0.972491339801,0.972491339801,0.0,True,1,1.70000004768,0.956
3l5p GOL 124 A,GOL,GOL,0.470624699224,0.470624699224,0.0,True,1,1.79999995232,0.927
3l5p GOL 123 C,GOL,GOL,0.626171620488,0.626171620488,0.0,True,1,1.79999995232,0.898
3l5p GOL 123 B,EDO,GOL,0.130731469422,0.124215013148,0.00651645627411,False,3,1.79999995232,0.905
3l5o IMD 304 A,EDO,IMD,0.496115836099,0.0151577679356,0.480958068163,False,7,2.0,0.936
3l5o IMD 303 A,GOL,IMD,0.32780714225,0.0117904058701,0.31601673638,False,8,2.0,0.874
3l5o IMD 302 B,SO4,IMD,0.184790850316,0.0147177089695,0.170073141346,False,9,2.0,0.891
3l5k GOL 230 A,GOL,GOL,0.865026147869,0.865026147869,0.0,True,1,2.0,0.8
3l5h NAG 601 A,NAG,NAG_NAG,0.775298042109,0.140172926132,0.635125115976,False,2,3.59999990463,0.911
3l5h NAG 600 A,BMA,NAG,0.313959623812,0.0349151613333,0.279044462479,False,5,3.59999990463,0.921
3l5h NAG 594 A,COA,NAG_NAG,0.538941882394,0.00230415237279,0.536637730021,False,18,3.59999990463,0.78
3l51 GOL 404 A,EDO,GOL,0.347074653505,0.191965216269,0.155109437236,False,3,1.5,0.895
3l51 GOL 403 B,GOL,GOL,0.306051113615,0.306051113615,0.0,True,1,1.5,0.839
3l51 GOL 402 A,GOL,GOL,0.585884211428,0.585884211428,0.0,True,1,1.5,0.914
3l4z NAG 2003 A,NAG,NAG,0.33199204472,0.33199204472,0.0,True,1,2.0,0.944
3l4z NAG 2001 A,NAG,NAG,0.952495802657,0.952495802657,0.0,True,1,2.0,0.918
3l4z GOL 3004 A,GOL,GOL,0.622171758395,0.622171758395,0.0,True,1,2.0,0.893
3l4z GOL 3003 A,ACT,GOL,0.473603546142,0.0357948455296,0.437808700612,False,5,2.0,0.697
3l4z GOL 3002 A,ACT,GOL,0.296848754009,0.0966299093041,0.200218844705,False,5,2.0,0.928
3l4z GOL 3001 A,GOL,GOL,0.779173210736,0.779173210736,0.0,True,1,2.0,0.918
3l4y NAG 2004 A,NAG,NAG,0.96607815067,0.96607815067,0.0,True,1,1.79999995232,0.886
3l4y NAG 2003 A,NAG,NAG,0.950032937351,0.950032937351,0.0,True,1,1.79999995232,0.786
3l4y NAG 2001 A,NAG,NAG,0.985106170374,0.985106170374,0.0,True,1,1.79999995232,0.931
3l4y GOL 3005 A,SO4,GOL,0.446562384526,0.106327327506,0.340235057019,False,2,1.79999995232,0.843
3l4y GOL 3004 A,GOL,GOL,0.905087106551,0.905087106551,0.0,True,1,1.79999995232,0.917
3l4y GOL 3003 A,EDO,GOL,0.539250983522,0.300115624069,0.239135359453,False,2,1.79999995232,0.81
3l4y GOL 3002 A,EDO,GOL,0.329788072797,0.0322185289671,0.29756954383,False,5,1.79999995232,0.911
3l4y GOL 3001 A,GOL,GOL,0.875141276965,0.875141276965,0.0,True,1,1.79999995232,0.892
3l4x NAG 2001 A,NAG,NAG,0.959438179879,0.959438179879,0.0,True,1,1.89999997616,0.904
3l4x GOL 3004 A,GOL,GOL,0.895031726662,0.895031726662,0.0,True,1,1.89999997616,0.898
3l4x GOL 3003 A,GOL,GOL,0.639214701765,0.639214701765,0.0,True,1,1.89999997616,0.917
3l4x GOL 3002 A,GOL,GOL,0.575643315449,0.575643315449,0.0,True,1,1.89999997616,0.777
3l4x GOL 3001 A,GOL,GOL,0.709833537491,0.709833537491,0.0,True,1,1.89999997616,0.906
3l4w NAG 2006 A,NAG,NAG,0.99068735193,0.99068735193,0.0,True,1,2.0,0.778
3l4w NAG 2005 A,NAG,NAG,0.71993318407,0.71993318407,0.0,True,1,2.0,0.859
3l4w NAG 2003 A,NAG_NAG,NAG_NAG,0.629700978632,0.629700978632,0.0,True,1,2.0,0.939
3l4w NAG 2001 A,NAG,NAG_NAG,0.943365838033,0.0379917640259,0.905374074008,False,2,2.0,0.854
3l4w GOL 3004 A,GOL,GOL,0.595342062286,0.595342062286,0.0,True,1,2.0,0.947
3l4w GOL 3003 A,GOL,GOL,0.359279534734,0.359279534734,0.0,True,1,2.0,0.927
3l4w GOL 3002 A,GOL,GOL,0.901012670574,0.901012670574,0.0,True,1,2.0,0.954
3l4w GOL 3001 A,GOL,GOL,0.662493568831,0.662493568831,0.0,True,1,2.0,0.898
3l4v NAG 2003 A,NAG_NAG,NAG_NAG,0.884871630867,0.884871630867,0.0,True,1,2.09999990463,0.966
3l4v NAG 2001 A,NAG,NAG,0.570905178112,0.570905178112,0.0,True,1,2.09999990463,0.903
3l4u NAG 2003 A,NAG,NAG_NAG,0.868271450347,0.0682642210101,0.800007229337,False,2,1.89999997616,0.948
3l4u NAG 2001 A,NAG,NAG,0.944866392407,0.944866392407,0.0,True,1,1.89999997616,0.76
3l4t NAG 2002 A,NAG,NAG,0.643730647726,0.643730647726,0.0,True,1,1.89999997616,0.806
3l4t NAG 2001 A,NAG,NAG,0.99627586665,0.99627586665,0.0,True,1,1.89999997616,0.768
3l4q GOL 1 D,GOL,GOL,0.469619719578,0.469619719578,0.0,True,1,2.29999995232,0.9
3l4o HEC 600 B,HEC,HEC,0.889921445788,0.889921445788,0.0,True,1,2.0,0.989
3l4o HEC 600 A,HEC,HEC,0.984025361842,0.984025361842,0.0,True,1,2.0,0.986
3l4o HEC 500 B,HEC,HEC,0.973215505976,0.973215505976,0.0,True,1,2.0,0.986
3l4o HEC 500 A,HEC,HEC,0.680495135857,0.680495135857,0.0,True,1,2.0,0.982
3l4o ACT 389 F,SO4,ACT,0.304446348161,0.0797263094183,0.224720038743,False,3,2.0,0.958
3l4o 1PE 387 F,PEG,1PE,0.387931340601,0.0431773177495,0.344754022852,False,5,2.0,0.866
3l4m HEC 600 B,HEC,HEC,0.902990290181,0.902990290181,0.0,True,1,2.0,0.993
3l4m HEC 600 A,HEC,HEC,0.930674875502,0.930674875502,0.0,True,1,2.0,0.99
3l4m HEC 500 B,HEC,HEC,0.78468805758,0.78468805758,0.0,True,1,2.0,0.989
3l4m HEC 500 A,HEM,HEC,0.721901561342,0.131711399061,0.590190162281,False,2,2.0,0.988
3l4m ACT 389 F,SO4,ACT,0.596210107279,0.0318760356797,0.564334071599,False,5,2.0,0.96
3l4m 1PE 387 F,PEG,1PE,0.279752263535,0.251991731782,0.0277605317532,False,2,2.0,0.886
3l44 LLP 270 B,LLP,LLP,0.938331383836,0.938331383836,0.0,True,1,2.09999990463,0.971
3l44 LLP 270 A,LLP,LLP,0.922725585169,0.922725585169,0.0,True,1,2.09999990463,0.967
3l43 GDP 901 D,NAP,GDP,0.103281256628,0.01129708009,0.0919841765379,False,14,2.29999995232,0.969
3l43 GDP 901 C,ADP,GDP,0.149031310022,0.0527742020306,0.0962571079914,False,4,2.29999995232,0.938
3l43 GDP 901 B,GDP,GDP,0.447641260123,0.447641260123,0.0,True,1,2.29999995232,0.963
3l43 GDP 901 A,ADP,GDP,0.676807550106,0.101976764487,0.574830785619,False,2,2.29999995232,0.962
3l41 SEP 129 B,SEP,SEP,0.40085958333,0.40085958333,0.0,True,1,1.5,0.992
3l3t FMT 4 A,EDO,FMT,0.755135902358,0.100868174038,0.65426772832,False,2,2.40000009537,0.816
3l3t FMT 3 B,SO4,FMT,0.369052898947,0.0017478238263,0.367305075121,False,20,2.40000009537,0.954
3l3t FMT 249 A,SO4,FMT,0.297981920775,0.0064128375074,0.291569083268,False,17,2.40000009537,0.934
3l3t FMT 248 A,GOL,FMT,0.316666500676,0.166539050337,0.150127450339,False,3,2.40000009537,0.875
3l3t FMT 247 C,GOL,FMT,0.283933676495,0.0199715873838,0.263962089111,False,7,2.40000009537,0.942
3l3t FMT 13 A,EDO,FMT,0.297136001424,0.0328162778104,0.264319723613,False,4,2.40000009537,0.814
3l3t FMT 12 B,EDO,FMT,0.519967175314,0.0903765668613,0.429590608452,False,2,2.40000009537,0.943
3l3t FMT 11 B,GOL,FMT,0.373602761698,0.0221339515537,0.351468810144,False,4,2.40000009537,0.734
3l3t FMT 10 B,EDO,FMT,0.372623317869,0.0554842443299,0.317139073539,False,3,2.40000009537,0.823
3l3t FMT 1 A,SO4,FMT,0.690849531453,0.0011050216781,0.689744509774,False,17,2.40000009537,0.959
3l3q FLC 1 A,CIT,FLC,0.570089813416,0.1261679852,0.443921828216,False,2,2.29999995232,0.911
3l3o NAG 646 D,NAG,NAG,0.320859756353,0.320859756353,0.0,True,1,3.40000009537,0.825
3l3o NAG 646 A,NAG,NAG,0.27427942615,0.27427942615,0.0,True,1,3.40000009537,0.841
3l3n NAG 693 A,NAG,NAG,0.840907835404,0.840907835404,0.0,True,1,2.29999995232,0.85
3l3k GOL 100 B,GOL,GOL,0.556744531386,0.556744531386,0.0,True,1,2.5,0.74
3l3j ACT 100 B,EDO,ACT,0.415042450473,0.0168867520319,0.398155698441,False,6,2.40000009537,0.922
3l3i GOL 278 A,GOL,GOL,0.537388550127,0.537388550127,0.0,True,1,1.70000004768,0.865
3l3i GOL 277 A,MPD,GOL,0.28159815932,0.135931410505,0.145666748815,False,2,1.70000004768,0.932
3l3g GOL 280 A,EDO,GOL,0.510533324297,0.247022474838,0.26351084946,False,2,2.09999990463,0.792
3l3g GOL 279 A,GOL,GOL,0.640182445806,0.640182445806,0.0,True,1,2.09999990463,0.678
3l3g GOL 100 B,EDO,GOL,0.558164588711,0.270214277188,0.287950311523,False,2,2.09999990463,0.826
3l3g ACT 277 A,GOL,ACT,0.447317220668,0.00574207741908,0.441575143248,False,9,2.09999990463,0.825
3l3d ACT 277 A,MES,ACT,0.257491557491,0.0110492128827,0.246442344608,False,10,1.79999995232,0.738
3l3c GTP 12 P,GTP,GTP,0.23559260617,0.23559260617,0.0,True,1,2.79999995232,0.823
3l3c GTP 1 S,GTP,GTP,0.482399676675,0.482399676675,0.0,True,1,2.79999995232,0.809
3l3c GTP 1 R,COA,GTP,0.417308285757,0.27785210975,0.139456176007,False,2,2.79999995232,0.807
3l3c GTP 1 Q,GTP,GTP,0.450894121587,0.450894121587,0.0,True,1,2.79999995232,0.841
3l31 AMP 1 A,AMP,AMP,0.800957148031,0.800957148031,0.0,True,1,2.29999995232,0.971
3l2w GOL 804 A,NAG,GOL,0.400430030804,0.0796971065234,0.320732924281,False,3,3.20000004768,0.854
3l2w GOL 803 A,SO4,GOL,0.911612937034,0.0238296011679,0.887783335866,False,3,3.20000004768,0.914
3l2w GOL 801 A,SO4,GOL,0.878636387518,0.00660889056666,0.872027496951,False,3,3.20000004768,0.911
3l2v GOL 803 A,SO4,GOL,0.464138058552,0.212895708734,0.251242349818,False,2,3.20000004768,0.829
3l2v GOL 802 A,SO4,GOL,0.853746672417,0.0095657536983,0.844180918719,False,3,3.20000004768,0.942
3l2v GOL 801 A,SO4,GOL,0.747039275499,0.0061459141809,0.740893361318,False,4,3.20000004768,0.886
3l2u GOL 804 A,SO4,GOL,0.520325457363,0.180780119321,0.339545338042,False,2,3.20000004768,0.883
3l2u GOL 803 A,SO4,GOL,0.964152764819,0.00521560612069,0.958937158699,False,3,3.20000004768,0.941
3l2u GOL 801 A,SO4,GOL,0.90206263161,0.00114974469154,0.900912886918,False,5,3.20000004768,0.915
3l2r GOL 805 A,SO4,GOL,0.939235567355,0.00287578755253,0.936359779803,False,3,2.90000009537,0.938
3l2r GOL 804 A,GOL,GOL,0.592051534922,0.592051534922,0.0,True,1,2.90000009537,0.903
3l2r GOL 803 B,GOL,GOL,0.513119229525,0.513119229525,0.0,True,1,2.90000009537,0.934
3l2r GOL 802 A,SO4,GOL,0.973849421511,0.00239983873289,0.971449582779,False,3,2.90000009537,0.937
3l2r GOL 801 A,SO4,GOL,0.489342933737,0.225664449158,0.263678484578,False,2,2.90000009537,0.705
3l2q GOL 803 A,ADP,GOL,0.233798498853,0.00688572775984,0.226912771093,False,14,3.29999995232,0.955
3l2q GOL 802 A,SO4,GOL,0.912925005671,0.00402838085294,0.908896624818,False,3,3.29999995232,0.892
3l2q GOL 801 A,SO4,GOL,0.60036071602,0.0154820906255,0.584878625394,False,7,3.29999995232,0.648
3l2p AMP 901 A,ADP,AMP,0.426972851246,0.0839395196054,0.343033331641,False,2,3.0,0.944
3l27 GOL 8 A,GOL,GOL,0.306769557778,0.306769557778,0.0,True,1,2.0,0.821
3l27 GOL 4 A,SO4,GOL,0.371505364739,0.133228847127,0.238276517612,False,3,2.0,0.892
3l27 GOL 341 B,GOL,GOL,0.359432062952,0.359432062952,0.0,True,1,2.0,0.856
3l25 GOL 341 A,GOL,GOL,0.96762200269,0.96762200269,0.0,True,1,2.0,0.865
3l25 FMT 6 D,ACT,FMT,0.452992546924,0.184919558641,0.268072988283,False,2,2.0,0.973
3l25 FMT 341 D,GOL,FMT,0.95470071024,0.000949252274086,0.953751457966,False,7,2.0,0.914
3l25 FMT 341 B,GOL,FMT,0.556277699087,0.00198923817166,0.554288460916,False,9,2.0,0.771
3l25 FMT 3 A,FMT,FMT,0.429423254852,0.429423254852,0.0,True,1,2.0,0.98
3l25 FMT 25 B,EDO,FMT,0.462876678762,0.0507954004248,0.412081278337,False,6,2.0,0.889
3l25 FMT 24 C,EDO,FMT,0.404157994033,0.0275309134644,0.376627080569,False,4,2.0,0.891
3l25 FMT 21 D,EDO,FMT,0.473479494529,0.152484379981,0.320995114548,False,3,2.0,0.871
3l25 FMT 14 E,EDO,FMT,0.783319765992,0.135662906586,0.647656859405,False,2,2.0,0.958
3l25 FMT 12 A,FMT,FMT,0.811729586162,0.811729586162,0.0,True,1,2.0,0.883
3l25 FMT 11 C,ACT,FMT,0.282997359555,0.0237493918923,0.259247967663,False,5,2.0,0.948
3l25 FMT 11 A,FMT,FMT,0.534375357615,0.534375357615,0.0,True,1,2.0,0.831
3l22 ACT 16 A,SO4,ACT,0.247908235243,0.152381167656,0.0955270675876,False,2,2.0,0.853
3l21 GOL 310 A,GOL,GOL,0.485701098765,0.485701098765,0.0,True,1,2.0,0.902
3l21 GOL 309 B,GOL,GOL,0.868664704478,0.868664704478,0.0,True,1,2.0,0.951
3l21 GOL 307 E,SO4,GOL,0.734631538032,0.0840900726905,0.650541465342,False,2,2.0,0.885
3l21 GOL 306 D,EDO,GOL,0.49665179046,0.0554669373976,0.441184853062,False,5,2.0,0.916
3l21 GOL 306 C,GOL,GOL,0.466621269277,0.466621269277,0.0,True,1,2.0,0.778
3l21 GOL 306 B,EDO,GOL,0.509691892283,0.217149436748,0.292542455536,False,2,2.0,0.889
3l21 GOL 306 A,GOL,GOL,0.361791624716,0.361791624716,0.0,True,1,2.0,0.836
3l21 GOL 305 C,GOL,GOL,0.537983916407,0.537983916407,0.0,True,1,2.0,0.931
3l21 GOL 305 B,SO4,GOL,0.365440221629,0.309957356298,0.0554828653313,False,2,2.0,0.898
3l21 GOL 305 A,GOL,GOL,0.130033206134,0.130033206134,0.0,True,1,2.0,0.869
3l21 GOL 304 F,SO4,GOL,0.344258925278,0.128360911755,0.215898013523,False,3,2.0,0.79
3l21 GOL 304 E,EDO,GOL,0.538703866557,0.201615270039,0.337088596517,False,2,2.0,0.822
3l21 GOL 304 D,GOL,GOL,0.679774793326,0.679774793326,0.0,True,1,2.0,0.937
3l21 GOL 304 B,TLA,GOL,0.232625912709,0.0327416377322,0.199884274977,False,8,2.0,0.892
3l21 GOL 303 D,GOL,GOL,0.614604482748,0.614604482748,0.0,True,1,2.0,0.883
3l21 ACT 309 A,ACT,ACT,0.353680706465,0.353680706465,0.0,True,1,2.0,0.864
3l21 ACT 308 C,SO4,ACT,0.555314255364,0.0325902067289,0.522724048635,False,3,2.0,0.895
3l21 ACT 308 A,EDO,ACT,0.337702089657,0.0513334080107,0.286368681646,False,5,2.0,0.877
3l21 ACT 307 B,SO4,ACT,0.57918706364,0.00553122105786,0.573655842582,False,8,2.0,0.954
3l21 ACT 307 A,EDO,ACT,0.474545535683,0.0307352730433,0.443810262639,False,3,2.0,0.774
3l21 ACT 306 E,DMS,ACT,0.367101921419,0.0167206138686,0.35038130755,False,7,2.0,0.929
3l21 ACT 303 F,SO4,ACT,0.287994210419,0.0316879164383,0.256306293981,False,5,2.0,0.907
3l1w FMT 264 C,FMT,FMT,0.73673180695,0.73673180695,0.0,True,1,1.60000002384,0.909
3l1w FMT 264 B,FMT,FMT,0.809112315598,0.809112315598,0.0,True,1,1.60000002384,0.898
3l1w FMT 263 F,FMT,FMT,0.793280434138,0.793280434138,0.0,True,1,1.60000002384,0.851
3l1w FMT 263 D,FMT,FMT,0.693274333528,0.693274333528,0.0,True,1,1.60000002384,0.902
3l1w FMT 263 A,EDO,FMT,0.390391185226,0.0655677138471,0.324823471379,False,4,1.60000002384,0.922
3l1t HEC 5 D,HEM,HEC,0.927013393933,0.0339874901452,0.893025903788,False,2,2.29999995232,0.97
3l1t HEC 5 C,HEM,HEC,0.830588225279,0.136298306924,0.694289918355,False,2,2.29999995232,0.98
3l1t HEC 5 B,HEM,HEC,0.954757135789,0.0296158068859,0.925141328903,False,2,2.29999995232,0.981
3l1t HEC 5 A,HEM,HEC,0.805582484689,0.152640195935,0.652942288755,False,2,2.29999995232,0.971
3l1t HEC 480 C,HEM,HEC,0.975718252563,0.0136965014065,0.962021751157,False,2,2.29999995232,0.98
3l1t HEC 480 B,HEM,HEC,0.9154928944,0.0699601269549,0.845532767445,False,2,2.29999995232,0.981
3l1t HEC 480 A,HEM,HEC,0.793863638951,0.158176914808,0.635686724143,False,2,2.29999995232,0.964
3l1t HEC 4 D,HEM,HEC,0.917864614068,0.0674747088727,0.850389905196,False,2,2.29999995232,0.974
3l1t HEC 4 C,HEM,HEC,0.877230019401,0.105931435917,0.771298583485,False,2,2.29999995232,0.975
3l1t HEC 4 B,HEM,HEC,0.905995161197,0.0824446056634,0.823550555534,False,2,2.29999995232,0.977
3l1t HEC 4 A,HEM,HEC,0.914560888665,0.0638458470433,0.850715041622,False,2,2.29999995232,0.969
3l1t HEC 3 D,HEM,HEC,0.965114735799,0.0100298609228,0.955084874876,False,2,2.29999995232,0.972
3l1t HEC 3 C,HEM,HEC,0.975648803436,0.0164875545975,0.959161248839,False,2,2.29999995232,0.988
3l1t HEC 3 B,HEM,HEC,0.927058068656,0.0582372118362,0.86882085682,False,2,2.29999995232,0.982
3l1t HEC 3 A,HEM,HEC,0.988525853137,0.00240050843133,0.986125344706,False,2,2.29999995232,0.978
3l1r NAG 600 B,NAG,NAG_NAG,0.459096126536,0.405547602744,0.0535485237921,False,2,3.20000004768,0.898
3l1r NAG 600 A,NAG,NAG,0.952514362531,0.952514362531,0.0,True,1,3.20000004768,0.88
3l19 GOL 521 B,SO4,GOL,0.120065703543,0.076088730444,0.0439769730988,False,5,2.09999990463,0.791
3l19 GOL 521 A,GOL,GOL,0.403158205667,0.403158205667,0.0,True,1,2.09999990463,0.912
3l19 GOL 2 B,SO4,GOL,0.528024249485,0.194293687867,0.333730561618,False,2,2.09999990463,0.919
3l19 1PE 1 B,GOL,1PE,0.406484991049,0.00450946194278,0.401975529106,False,6,2.09999990463,0.773
3l15 GOL 2 B,GOL,GOL,0.553680072467,0.553680072467,0.0,True,1,2.0,0.648
3l15 GOL 1 B,C8E,GOL,0.275728719048,0.0209804174671,0.254748301581,False,10,2.0,0.89
3l0r GOL 117 B,GOL,GOL,0.292951156503,0.292951156503,0.0,True,1,2.40000009537,0.773
3l0p GOL 225 A,SO4,GOL,0.420926939709,0.12400692326,0.296920016449,False,2,3.0,0.94
3l0k GOL 258 A,GOL,GOL,0.605915969045,0.605915969045,0.0,True,1,1.29999995232,0.915
3l0g FMT 301 D,FMT,FMT,0.272904224645,0.272904224645,0.0,True,1,2.0,0.982
3l0g FMT 301 C,FMT,FMT,0.491839000675,0.491839000675,0.0,True,1,2.0,0.979
3l0g FMT 301 B,SO4,FMT,0.320972347137,0.0582694334475,0.262702913689,False,4,2.0,0.977
3l0g FMT 301 A,FMT,FMT,0.61155809414,0.61155809414,0.0,True,1,2.0,0.989
3l07 IMD 503 A,SO4,IMD,0.646380334166,0.000401254591147,0.645979079575,False,36,1.89999997616,0.896
3l07 IMD 502 B,SO4,IMD,0.624550631151,0.00300893677637,0.621541694374,False,9,1.89999997616,0.963
3l07 ACT 508 B,SO4,ACT,0.349901089257,0.0751942450427,0.274706844214,False,4,1.89999997616,0.802
3l03 GOL 2 A,GOL,GOL,0.365227399924,0.365227399924,0.0,True,1,1.89999997616,0.884
3l01 GOL 6503 B,SO4,GOL,0.471798396879,0.219902898298,0.251895498581,False,2,2.59999990463,0.971
3l01 GOL 6502 A,SO4,GOL,0.3719770372,0.101602028858,0.270375008343,False,2,2.59999990463,0.94
3l01 GOL 6501 B,MES,GOL,0.360572905847,0.279038511082,0.0815343947646,False,2,2.59999990463,0.951
3l01 GOL 6500 A,GOL,GOL,0.591609429621,0.591609429621,0.0,True,1,2.59999990463,0.949
3kzv GOL 257 A,SO4,GOL,0.500634154038,0.214278170417,0.286355983621,False,2,2.0,0.681
3kzv GOL 255 A,SO4,GOL,0.801243250508,0.00153912784113,0.799704122667,False,10,2.0,0.895
3kzq GOL 212 C,GOL,GOL,0.640073276066,0.640073276066,0.0,True,1,2.09999990463,0.853
3kzq GOL 211 F,SO4,GOL,0.319992367045,0.196502994768,0.123489372277,False,2,2.09999990463,0.819
3kzq GOL 211 C,EDO,GOL,0.692818815551,0.0553235530711,0.637495262479,False,3,2.09999990463,0.754
3kzq GOL 210 D,SO4,GOL,0.340017658014,0.265632569909,0.0743850881041,False,2,2.09999990463,0.8
3kzq GOL 210 C,EDO,GOL,0.705296828764,0.128442743633,0.576854085131,False,2,2.09999990463,0.853
3kzq GOL 209 F,EDO,GOL,0.923050162415,0.00919818706818,0.913851975347,False,3,2.09999990463,0.813
3kzq GOL 209 D,GOL,GOL,0.511233081504,0.511233081504,0.0,True,1,2.09999990463,0.789
3kzo GOL 347 A,SO4,GOL,0.768839786158,0.0164708872969,0.752368898861,False,3,1.89999997616,0.676
3kzn GOL 347 A,SO4,GOL,0.752061880332,0.12678294067,0.625278939662,False,2,1.79999995232,0.798
3kzm GOL 347 A,SO4,GOL,0.818390057194,0.0423695629664,0.776020494227,False,2,2.0,0.692
3kzi MES 367 A,CLA,MES,0.427955747917,0.167210073736,0.260745674181,False,2,3.59999990463,0.925
3kzf GOL 324 A,BMA,GOL,0.331338746435,0.0504782502877,0.280860496147,False,5,3.0,0.925
3kzf GOL 323 C,GOL,GOL,0.274332889985,0.274332889985,0.0,True,1,3.0,0.731
3kzf GOL 322 D,SO4,GOL,0.642981369741,0.113768634716,0.529212735025,False,2,3.0,0.802
3kzf GOL 321 B,SO4,GOL,0.651017876028,0.0904715234361,0.560546352592,False,2,3.0,0.76
3kya ACT 19 A,EDO,ACT,0.329778810826,0.0369968529395,0.292781957886,False,5,1.79999995232,0.746
3kya ACT 17 A,SO4,ZN,0.393486653917,0.0500372301181,0.343449423799,False,4,1.79999995232,0.918
3kxz PTR 394 A,KCX,PTR,0.167581613399,0.124182536107,0.0433990772923,False,2,2.40000009537,0.89
3kxl SCN 365 A,SO4,SCN,0.681185958191,0.00206203894341,0.679123919248,False,11,2.5,0.748
3kxi SCN 366 A,GOL,SCN,0.298177737344,0.00196460194482,0.296213135399,False,20,2.70000004768,0.96
3kxi GDP 500 A,GDP,GDP,0.916877315989,0.916877315989,0.0,True,1,2.70000004768,0.976
3kxh CSO 89 A,CSO,CSO,0.140560950648,0.140560950648,0.0,True,1,1.70000004768,0.923
3kxg CSO 89 A,CSO,CSO,0.378588283101,0.378588283101,0.0,True,1,1.70000004768,0.915
3kx9 GOL 174 W,SO4,GOL,0.744544885193,0.104308347198,0.640236537995,False,2,2.09999990463,0.966
3kx9 GOL 174 V,SO4,GOL,0.909927901959,0.0123844180288,0.89754348393,False,3,2.09999990463,0.841
3kx9 GOL 174 U,SO4,GOL,0.878019023047,0.0120437297681,0.865975293278,False,3,2.09999990463,0.875
3kx9 GOL 174 T,SO4,GOL,0.674524806111,0.0519950673866,0.622529738724,False,2,2.09999990463,0.93
3kx9 GOL 174 R,SO4,GOL,0.60571043599,0.0735358052508,0.532174630739,False,3,2.09999990463,0.786
3kx9 GOL 174 Q,SO4,GOL,0.808446077648,0.0248193197109,0.783626757937,False,3,2.09999990463,0.894
3kx9 GOL 174 P,SO4,GOL,0.757209371831,0.0607996007617,0.696409771069,False,2,2.09999990463,0.92
3kx9 GOL 174 O,SO4,GOL,0.679915598934,0.0325030818188,0.647412517115,False,3,2.09999990463,0.915
3kx9 GOL 174 N,SO4,GOL,0.853935929534,0.00258306490665,0.851352864627,False,3,2.09999990463,0.911
3kx9 GOL 174 M,SO4,GOL,0.829630891594,0.00928864963777,0.820342241956,False,4,2.09999990463,0.95
3kx9 GOL 174 L,SO4,GOL,0.918026262848,0.00662828226578,0.911397980582,False,3,2.09999990463,0.872
3kx9 GOL 174 K,SO4,GOL,0.514251762319,0.285086820554,0.229164941766,False,2,2.09999990463,0.932
3kx9 GOL 174 J,SO4,GOL,0.801490637718,0.0321207223058,0.769369915412,False,3,2.09999990463,0.837
3kx9 GOL 174 I,SO4,GOL,0.679125432309,0.0315844817294,0.64754095058,False,3,2.09999990463,0.89
3kx9 GOL 174 H,GOL,GOL,0.408055201582,0.408055201582,0.0,True,1,2.09999990463,0.94
3kx9 GOL 174 G,SO4,GOL,0.865550924432,0.0170912940921,0.84845963034,False,4,2.09999990463,0.891
3kx9 GOL 174 F,SO4,GOL,0.921996728113,0.0117664055968,0.910230322516,False,3,2.09999990463,0.878
3kx9 GOL 174 E,SO4,GOL,0.479544038206,0.284998436344,0.194545601863,False,2,2.09999990463,0.922
3kx9 GOL 174 D,SO4,GOL,0.435187288024,0.204024261602,0.231163026422,False,2,2.09999990463,0.823
3kx9 GOL 174 C,SO4,GOL,0.660396000875,0.047314428708,0.613081572167,False,3,2.09999990463,0.924
3kx9 GOL 174 B,SO4,GOL,0.785644082818,0.0731261537711,0.712517929047,False,2,2.09999990463,0.921
3kx9 GOL 174 A,SO4,GOL,0.406796813821,0.0463292113007,0.36046760252,False,4,2.09999990463,0.909
3kwy ACT 463 A,GOL,ACT,0.740709149329,0.00522212571625,0.735487023613,False,9,2.29999995232,0.981
3kwx NAG 500 A,NAG_NAG,NAG,0.515049992094,0.264754356833,0.250295635261,False,2,2.40000009537,0.902
3kww GOL 283 A,EDO,GOL,0.417010559284,0.121987713128,0.295022846156,False,3,2.20000004768,0.811
3kwj NAG 796 B,NAG,NAG,0.64372763687,0.64372763687,0.0,True,1,2.79999995232,0.913
3kwj NAG 796 A,BMA_MAN_NAG_NAG,NAG,0.607618947518,0.00195776722952,0.605661180289,False,14,2.79999995232,0.831
3kwj NAG 794 B,NAG,NAG,0.850003182845,0.850003182845,0.0,True,1,2.79999995232,0.927
3kwj NAG 794 A,NAG,NAG,0.932022515735,0.932022515735,0.0,True,1,2.79999995232,0.852
3kwf NAG 796 B,NAG_NAG,NAG,0.791043135442,0.163795832972,0.627247302471,False,2,2.40000009537,0.899
3kwf NAG 796 A,BMA_MAN_NAG_NAG,NAG,0.302033904625,0.0408519046032,0.261182000022,False,4,2.40000009537,0.808
3kwf NAG 794 B,NAG,NAG,0.975400421897,0.975400421897,0.0,True,1,2.40000009537,0.966
3kwf NAG 794 A,NAG,NAG,0.998051465599,0.998051465599,0.0,True,1,2.40000009537,0.923
3kwc IPA 210 C,EDO,IPA,0.66557089266,0.00220945758377,0.663361435077,False,17,1.89999997616,0.709
3kw8 PG4 610 A,MYR,PG4,0.615374045364,0.132790664174,0.48258338119,False,2,2.29999995232,0.913
3kw7 NAG 706 B,NAG,NAG,0.884338494094,0.884338494094,0.0,True,1,3.40000009537,0.854
3kw7 NAG 706 A,NAG,NAG,0.708773379019,0.708773379019,0.0,True,1,3.40000009537,0.889
3kw7 NAG 705 B,NAG,NAG,0.309981446458,0.309981446458,0.0,True,1,3.40000009537,0.806
3kw7 NAG 704 A,NAG,NAG,0.993229685505,0.993229685505,0.0,True,1,3.40000009537,0.963
3kw7 NAG 703 B,NAG,NAG,0.977505131209,0.977505131209,0.0,True,1,3.40000009537,0.951
3kw7 NAG 703 A,LMT,NAG_NAG,0.599055717798,0.0387059199816,0.560349797816,False,3,3.40000009537,0.902
3kw7 NAG 702 B,NAG_NAG,NAG_NAG,0.855590065137,0.855590065137,0.0,True,1,3.40000009537,0.886
3kw7 NAG 701 A,SO4,NAG,0.367643406365,0.33763826238,0.0300051439847,False,2,3.40000009537,0.844
3kw3 LLP 47 B,LLP,LLP,0.852291334173,0.852291334173,0.0,True,1,2.0,0.977
3kw3 LLP 47 A,LLP,LLP,0.781906775961,0.781906775961,0.0,True,1,2.0,0.97
3kw2 ADN 300 A,NAG,ADN,0.992199961755,2.74674433113e-05,0.992172494312,False,28,2.0,0.813
3kvw SEP 385 A,SEP,SEP,0.911116350697,0.911116350697,0.0,True,1,2.29999995232,0.835
3kvw SEP -14 A,GOL,SEP,0.558371207196,0.00592215976996,0.552449047426,False,13,2.29999995232,0.82
3kvw PTR 309 A,PTR,PTR,0.809975603287,0.809975603287,0.0,True,1,2.29999995232,0.98
3kvn C8E 623 X,PLM,C8E,0.267439849327,0.149393184804,0.118046664523,False,2,2.5,0.917
3kvm ACT 401 A,GOL,ACT,0.655526384497,0.00771455212395,0.647811832373,False,5,2.0,0.814
3kvl ACT 401 A,ACT,ACT,0.718211811135,0.718211811135,0.0,True,1,1.89999997616,0.854
3kvj ACT 401 A,GOL,ACT,0.402717953473,0.00140573854191,0.401312214931,False,26,1.89999997616,0.874
3kvg ANP 401 B,ANP_MG,ANP,0.214687013787,0.00616447867935,0.208522535108,False,16,2.20000004768,0.983
3kvg ANP 401 A,ATP_MG,ANP,0.127212200099,0.0111758810519,0.116036319047,False,14,2.20000004768,0.989
3kve NAG 488 D,NAG,NAG,0.877162919026,0.877162919026,0.0,True,1,2.59999990463,0.72
3kve NAG 488 C,NAG,NAG,0.973382499734,0.973382499734,0.0,True,1,2.59999990463,0.748
3kve NAG 488 B,NAG,NAG,0.966139650813,0.966139650813,0.0,True,1,2.59999990463,0.817
3kve NAG 488 A,NAG,NAG,0.907128181738,0.907128181738,0.0,True,1,2.59999990463,0.826
3kv7 ACT 142 B,PCA,ACT,0.54532758337,0.0320592918905,0.513268291479,False,5,1.60000002384,0.848
3kv7 ACT 142 A,GOL,ACT,0.861439564029,0.00700489875712,0.854434665271,False,3,1.60000002384,0.745
3kv7 ACT 141 B,EDO,ACT,0.930641503458,0.00626043071091,0.924381072747,False,3,1.60000002384,0.813
3kv7 ACT 140 A,EDO,ACT,0.696128758132,0.00557366605114,0.690555092081,False,7,1.60000002384,0.816
3kv4 MLY 9 B,CME,MLY,0.117259657119,0.0116381273313,0.105621529787,False,14,2.20000004768,0.971
3kv1 GOL 271 A,GOL,GOL,0.78841861502,0.78841861502,0.0,True,1,1.70000004768,0.927
3kv0 MLY 97 A,SO4,MLY,0.322258221941,0.049099244023,0.273158977918,False,6,1.89999997616,0.854
3kv0 MLY 76 A,MLY,MLY,0.914864821672,0.914864821672,0.0,True,1,1.89999997616,0.844
3kv0 MLY 73 A,MLY,MLY,0.957287352469,0.957287352469,0.0,True,1,1.89999997616,0.932
3kv0 MLY 64 A,CSO,MLY,0.467235283633,0.009046193597,0.458189090035,False,11,1.89999997616,0.901
3kv0 MLY 207 A,GOL,MLY,0.320791099867,0.00706621200175,0.313724887865,False,8,1.89999997616,0.803
3kv0 MLY 204 A,EDO,MLY,0.487174482927,0.00129308421469,0.485881398713,False,19,1.89999997616,0.757
3kv0 MLY 198 A,MLY,MLY,0.864097263638,0.864097263638,0.0,True,1,1.89999997616,0.934
3kv0 MLY 192 A,MLY,MLY,0.882606819264,0.882606819264,0.0,True,1,1.89999997616,0.958
3kv0 MLY 171 A,GOL,MLY,0.424110070137,0.171041079417,0.253068990721,False,2,1.89999997616,0.905
3kv0 MLY 166 A,MLY,MLY,0.293291956288,0.293291956288,0.0,True,1,1.89999997616,0.88
3kv0 MLY 152 A,MLY,MLY,0.628150622721,0.628150622721,0.0,True,1,1.89999997616,0.965
3kv0 MLY 144 A,MLY,MLY,0.953493185604,0.953493185604,0.0,True,1,1.89999997616,0.932
3kv0 MLY 123 A,MLY,MLY,0.885446062532,0.885446062532,0.0,True,1,1.89999997616,0.915
3kuv ACT 142 B,GOL,ACT,0.360179993225,0.0306187112588,0.329561281966,False,5,1.5,0.867
3kuv ACT 140 B,EDO,ACT,0.858446496624,0.0221698239671,0.836276672657,False,3,1.5,0.772
3kuv ACT 140 A,EDO,ACT,0.855779181517,0.0161647557302,0.839614425787,False,3,1.5,0.77
3kus GOL 1 A,GOL,GOL,0.562042669953,0.562042669953,0.0,True,1,1.39999997616,0.645
3kul PTR 793 B,MLY,PTR,0.327422769153,0.0224525479832,0.30497022117,False,7,2.20000004768,0.854
3kuf GOL 137 A,GOL,GOL,0.330440318234,0.330440318234,0.0,True,1,2.70000004768,0.663
3ku9 NAG 600 B,NAG,NAG,0.608792698889,0.608792698889,0.0,True,1,3.20000004768,0.931
3ku9 NAG 600 A,NAG,NAG,0.633483392916,0.633483392916,0.0,True,1,3.20000004768,0.9
3ku6 NAG 330 A,NAG,NAG,0.904752898134,0.904752898134,0.0,True,1,1.70000004768,0.914
3ku5 NAG 330 A,NAG,NAG,0.979738050665,0.979738050665,0.0,True,1,1.70000004768,0.945
3ku3 NAG 330 A,NAG,NAG,0.996596015435,0.996596015435,0.0,True,1,1.5,0.866
3ku2 ANP 508 A,ADP,ANP,0.330173056766,0.00677310265917,0.323399954107,False,16,2.29999995232,0.802
3ku0 NAG 411 B,NAG,NAG,0.708033619103,0.708033619103,0.0,True,1,1.79999995232,0.717
3ku0 ADE 801 B,ADE,ADE,0.585956656525,0.585956656525,0.0,True,1,1.79999995232,0.959
3ku0 ADE 800 A,ADE,ADE,0.912497186281,0.912497186281,0.0,True,1,1.79999995232,0.976
3ktz NAG 411 B,NAG,NAG,0.945043008578,0.945043008578,0.0,True,1,1.60000002384,0.809
3ktz NAG 410 A,GOL,NAG,0.202098576888,0.159343042117,0.0427555347711,False,2,1.60000002384,0.703
3kty GOL 182 B,GOL,GOL,0.20154964469,0.20154964469,0.0,True,1,2.29999995232,0.739
3ktx GOL 503 A,NAG,GOL,0.28688621908,0.0596382073805,0.2272480117,False,3,2.09999990463,0.731
3ktx GOL 502 A,GOL,GOL,0.352756210898,0.352756210898,0.0,True,1,2.09999990463,0.903
3ktx GOL 499 B,MES,GOL,0.48363149397,0.0406985477779,0.442932946192,False,4,2.09999990463,0.807
3ktx GOL 499 A,EDO,GOL,0.620796706815,0.0547126986045,0.56608400821,False,4,2.09999990463,0.841
3ktv GDP 122 C,ADP,GDP,0.376663784582,0.0206418539732,0.356021930609,False,5,3.79999995232,0.754
3ktm ACT 9 E,SO4,ACT,0.732881060277,0.0112953440389,0.721585716238,False,5,2.70000004768,0.901
3ktm ACT 8 C,SO4,ACT,0.400192743934,0.0129580055326,0.387234738401,False,7,2.70000004768,0.667
3ktm ACT 6 H,SO4,ACT,0.90533825382,0.00235029838583,0.902987955434,False,5,2.70000004768,0.942
3ktm ACT 208 B,SO4,ACT,0.712410057931,0.00621218763854,0.706197870293,False,5,2.70000004768,0.908
3ktj NHE 507 G,EPE,NHE,0.6012005041,0.0660878107047,0.535112693395,False,2,2.59999990463,0.97
3ktj NHE 506 F,SO4,NHE,0.879873837855,0.000142782339975,0.879731055515,False,191,2.59999990463,0.947
3ktj NHE 505 E,EPE,NHE,0.297572007956,0.0417681321856,0.25580387577,False,4,2.59999990463,0.963
3ktj NHE 504 D,SO4,NHE,0.885127701585,0.000232146533876,0.884895555051,False,16,2.59999990463,0.91
3ktj NHE 503 C,EPE,NHE,0.567363478946,0.0349383616976,0.532425117248,False,4,2.59999990463,0.947
3ktj NHE 502 B,EPE,NHE,0.436280813986,0.0297069797052,0.406573834281,False,4,2.59999990463,0.934
3ktj NHE 501 A,EPE,NHE,0.668499156226,0.0346279086534,0.633871247573,False,3,2.59999990463,0.96
3kti NHE 507 G,NHE,NHE,0.358599219355,0.358599219355,0.0,True,1,2.0,0.958
3kti NHE 506 F,SO4,NHE,0.845548245144,0.00109747452955,0.844450770615,False,11,2.0,0.937
3kti NHE 505 E,SO4,NHE,0.481689124943,0.0805908915471,0.401098233396,False,4,2.0,0.957
3kti DMS 307 G,SO4,DMS,0.628203892539,0.154535859884,0.473668032655,False,2,2.0,0.901
3kti DMS 306 F,SO4,DMS,0.446916662315,0.200228837833,0.246687824482,False,3,2.0,0.94
3kti DMS 305 E,SO4,DMS,0.332346619336,0.0447824221868,0.287564197149,False,5,2.0,0.953
3kti DMS 304 D,SO4,DMS,0.518274525315,0.304017962032,0.214256563283,False,2,2.0,0.936
3kti DMS 303 C,SO4,DMS,0.669348283136,0.0847402925372,0.584607990599,False,2,2.0,0.97
3kti DMS 302 B,SO4,DMS,0.756477134807,0.065374466001,0.691102668806,False,2,2.0,0.922
3kti DMS 301 A,SO4,DMS,0.625773592567,0.172997266761,0.452776325806,False,2,2.0,0.977
3kt1 GOL 658 A,PO4,GOL,0.360983524081,0.0624052514422,0.298578272639,False,4,2.5,0.756
3ksj MES 5121 A,NHE,MES,0.489741443298,0.0497346364213,0.440006806876,False,4,2.0,0.978
3ksc GOL 507 B,SO4,GOL,0.859472793975,0.017123570975,0.842349223,False,3,2.59999990463,0.907
3ksc GOL 506 B,SO4,GOL,0.459349750883,0.00503584988828,0.454313900994,False,12,2.59999990463,0.93
3ksc GOL 505 B,SO4,GOL,0.636285629969,0.0487765854744,0.587509044494,False,3,2.59999990463,0.912
3ksc GOL 504 B,GOL,GOL,0.636722809993,0.636722809993,0.0,True,1,2.59999990463,0.95
3ksc GOL 503 B,SO4,GOL,0.749693011489,0.0207073951052,0.728985616384,False,4,2.59999990463,0.895
3ksc GOL 502 C,SO4,GOL,0.651579494463,0.142729000588,0.508850493875,False,2,2.59999990463,0.95
3ksc GOL 501 C,GOL,GOL,0.307254483121,0.307254483121,0.0,True,1,2.59999990463,0.939
3ksc GOL 500 D,GOL,GOL,0.463303712147,0.463303712147,0.0,True,1,2.59999990463,0.873
3ksc GOL 500 C,GOL,GOL,0.505566431404,0.505566431404,0.0,True,1,2.59999990463,0.973
3ksc GOL 500 A,GOL,GOL,0.331896511499,0.331896511499,0.0,True,1,2.59999990463,0.927
3ksc GOL 499 F,GOL,GOL,0.271051060838,0.271051060838,0.0,True,1,2.59999990463,0.906
3ksc GOL 499 E,SO4,GOL,0.49009144804,0.198581421522,0.291510026518,False,2,2.59999990463,0.914
3ksc GOL 499 D,SO4,GOL,0.602998267865,0.0457479004752,0.55725036739,False,4,2.59999990463,0.89
3ksc GOL 499 A,GOL,GOL,0.389236168774,0.389236168774,0.0,True,1,2.59999990463,0.964
3ksc GOL 498 F,SO4,GOL,0.432372691019,0.114399945531,0.317972745487,False,2,2.59999990463,0.943
3ksc GOL 498 D,SO4,GOL,0.184512913944,0.162468308175,0.0220446057689,False,2,2.59999990463,0.936
3ksc GOL 497 F,PEG,GOL,0.136517344589,0.0779985040852,0.0585188405033,False,4,2.59999990463,0.897
3ks5 ACT 253 B,GOL,ACT,0.536759984153,0.0670338175038,0.469726166649,False,3,2.0,0.902
3ks5 ACT 253 A,EDO,ACT,0.557624529147,0.0331770842419,0.524447444905,False,4,2.0,0.631
3krv GOL 215 B,SO4,GOL,0.853242225939,0.0214713432318,0.831770882707,False,3,2.5,0.844
3krv GOL 214 A,SO4,GOL,0.238629745646,0.12758924033,0.111040505317,False,3,2.5,0.842
3kru ACT 402 D,EDO,ACT,0.409196707991,0.0146265705796,0.394570137412,False,4,1.60000002384,0.922
3kru ACT 402 B,ACT,ACT,0.439144300724,0.439144300724,0.0,True,1,1.60000002384,0.927
3kru ACT 402 A,DMS,ACT,0.155122717361,0.0519918414051,0.103130875956,False,5,1.60000002384,0.899
3krr PTR 1007 A,PTR_PTR,PTR_PTR,0.961486453851,0.961486453851,0.0,True,1,1.79999995232,0.917
3krq SEP 198 A,MLY,SEP,0.255499938082,0.0438073931263,0.211692544956,False,5,2.29999995232,0.826
3krq NAG 602 A,NAG,NAG,0.993163582431,0.993163582431,0.0,True,1,2.29999995232,0.813
3krm GOL 4 A,SO4,GOL,0.403732126733,0.362105716139,0.0416264105935,False,2,2.79999995232,0.929
3krm GOL 3 B,GOL,GOL,0.513448297205,0.513448297205,0.0,True,1,2.79999995232,0.81
3krm GOL 2 A,SO4,GOL,0.591872375342,0.0215513618897,0.570321013452,False,5,2.79999995232,0.889
3krm GOL 1 B,GOL,GOL,0.3754259299,0.3754259299,0.0,True,1,2.79999995232,0.912
3krk NAG 681 B,NAG,NAG,0.745222702449,0.745222702449,0.0,True,1,2.40000009537,0.899
3krk NAG 681 A,NAG,NAG,0.978683451898,0.978683451898,0.0,True,1,2.40000009537,0.908
3krk NAG 671 B,NAG_NAG,NAG,0.681752122945,0.249774581401,0.431977541545,False,2,2.40000009537,0.968
3krk NAG 671 A,NAG_NAG,NAG_NAG,0.956675773117,0.956675773117,0.0,True,1,2.40000009537,0.927
3krk NAG 661 B,NAG,NAG,0.531660987109,0.531660987109,0.0,True,1,2.40000009537,0.844
3krk NAG 661 A,NAG,NAG,0.815041735979,0.815041735979,0.0,True,1,2.40000009537,0.87
3krk GOL 624 B,GOL,GOL,0.761682977139,0.761682977139,0.0,True,1,2.40000009537,0.958
3krk GOL 624 A,EDO,GOL,0.297470082521,0.206566277214,0.0909038053075,False,3,2.40000009537,0.928
3kr8 GOL 10 A,GOL,GOL,0.592928100826,0.592928100826,0.0,True,1,2.09999990463,0.91
3kr7 GOL 4 A,GOL,GOL,0.601992640456,0.601992640456,0.0,True,1,2.0,0.903
3kr5 1PE 9 D,GOL,1PE,0.209613433957,0.0930371390684,0.116576294889,False,4,2.59999990463,0.908
3kr5 1PE 8 E,1PE,1PE,0.60283274484,0.60283274484,0.0,True,1,2.59999990463,0.933
3kr5 1PE 64 H,EDO,1PE,0.166463734229,0.0328017567652,0.133661977464,False,5,2.59999990463,0.884
3kr5 1PE 61 B,GOL,1PE,0.344012052668,0.00899055614678,0.335021496521,False,12,2.59999990463,0.857
3kr5 1PE 5 K,1PE,1PE,0.904750691893,0.904750691893,0.0,True,1,2.59999990463,0.919
3kr5 1PE 33 F,EDO,1PE,0.465692755118,0.0253816948828,0.440311060235,False,4,2.59999990463,0.861
3kr5 1PE 31 F,GOL,1PE,0.280002748282,0.0394739152116,0.240528833071,False,5,2.59999990463,0.862
3kr5 1PE 21 I,GOL,1PE,0.618095078028,0.0766185352379,0.54147654279,False,2,2.59999990463,0.91
3kr5 1PE 2 J,1PE,1PE,0.91177104679,0.91177104679,0.0,True,1,2.59999990463,0.941
3kr5 1PE 19 A,SO4,1PE,0.308772115425,0.0464065003092,0.262365615116,False,5,2.59999990463,0.931
3kr5 1PE 18 C,SO4,1PE,0.66802672537,0.00496179944269,0.663064925928,False,11,2.59999990463,0.922
3kr5 1PE 17 C,EDO,1PE,0.292791059975,0.00877217402116,0.284018885954,False,11,2.59999990463,0.904
3kr5 1PE 12 G,PEG,1PE,0.140106143535,0.0931817569392,0.0469243865956,False,4,2.59999990463,0.936
3kr5 1PE 1 L,GOL,1PE,0.409936138239,0.113957767248,0.295978370991,False,2,2.59999990463,0.955
3kr4 1PE 9 D,1PE,1PE,0.871974148366,0.871974148366,0.0,True,1,2.0,0.907
3kr4 1PE 8 E,1PE,1PE,0.841340170907,0.841340170907,0.0,True,1,2.0,0.956
3kr4 1PE 7 E,1PE,1PE,0.883828978709,0.883828978709,0.0,True,1,2.0,0.87
3kr4 1PE 65 H,GOL,1PE,0.246572210132,0.131843957333,0.114728252799,False,2,2.0,0.831
3kr4 1PE 64 H,1PE,1PE,0.318989927622,0.318989927622,0.0,True,1,2.0,0.947
3kr4 1PE 63 D,SO4,1PE,0.621558184496,0.00216512214352,0.619393062352,False,18,2.0,0.788
3kqj GOL 420 A,GOL,GOL,0.556870252283,0.556870252283,0.0,True,1,1.70000004768,0.75
3kq7 ACT 366 A,SO4,ACT,0.459966112303,0.0416201079293,0.418346004373,False,6,1.79999995232,0.924
3kq7 ACT 365 A,EDO,ACT,0.463575455563,0.00866311071217,0.45491234485,False,6,1.79999995232,0.781
3kq7 ACT 364 A,ACT,ACT,0.251015174448,0.251015174448,0.0,True,1,1.79999995232,0.938
3kq7 ACT 363 A,SO4,ACT,0.523589274482,0.0644602365609,0.459129037921,False,3,1.79999995232,0.867
3kq7 ACT 362 A,EDO,ACT,0.546765648257,0.0483281469055,0.498437501351,False,4,1.79999995232,0.918
3kq4 NAG 2013 D,NAG,NAG,0.606399547369,0.606399547369,0.0,True,1,3.29999995232,0.757
3kq4 NAG 2013 B,NAG,NAG,0.629575322032,0.629575322032,0.0,True,1,3.29999995232,0.831
3kq4 NAG 2012 F,NAG,NAG,0.711123908753,0.711123908753,0.0,True,1,3.29999995232,0.687
3kq4 NAG 2012 D,NAG,NAG,0.737365045411,0.737365045411,0.0,True,1,3.29999995232,0.799
3kq4 NAG 2012 B,NAG,NAG,0.666638104861,0.666638104861,0.0,True,1,3.29999995232,0.708
3kq4 NAG 2010 F,NAG,NAG,0.540515464276,0.540515464276,0.0,True,1,3.29999995232,0.876
3kq4 NAG 2010 D,NAG_NAG,NAG,0.473438928715,0.170571724009,0.302867204706,False,2,3.29999995232,0.891
3kq4 NAG 2010 B,NAG,NAG_NAG,0.77826441153,0.158657013125,0.619607398405,False,2,3.29999995232,0.863
3kq4 NAG 2007 F,NAG,NAG,0.923692294775,0.923692294775,0.0,True,1,3.29999995232,0.717
3kq4 NAG 2007 D,NAG,NAG,0.955249587681,0.955249587681,0.0,True,1,3.29999995232,0.902
3kq4 NAG 2007 B,NAG,NAG,0.89683727749,0.89683727749,0.0,True,1,3.29999995232,0.777
3kq4 NAG 2002 F,NAG,NAG,0.81083978901,0.81083978901,0.0,True,1,3.29999995232,0.683
3kq4 NAG 2002 B,NAG,NAG,0.564484086435,0.564484086435,0.0,True,1,3.29999995232,0.734
3kq4 NAG 2001 E,NAG,NAG,0.153725502689,0.153725502689,0.0,True,1,3.29999995232,0.88
3kq4 NAG 2001 C,NAG,NAG,0.438096685997,0.438096685997,0.0,True,1,3.29999995232,0.858
3kq4 NAG 2001 A,NAG,NAG,0.212502873326,0.212502873326,0.0,True,1,3.29999995232,0.885
3kpv ADE 290 B,GOL,ADE,0.667240813642,0.0177788174431,0.649461996199,False,4,2.40000009537,0.97
3kpv ADE 290 A,NAG,ADE,0.313155622674,0.00963904015762,0.303516582517,False,14,2.40000009537,0.95
3kpf NAG 600 B,NAG,NAG,0.80196018453,0.80196018453,0.0,True,1,2.90000009537,0.941
3kpf NAG 600 A,NAG,NAG,0.970681352016,0.970681352016,0.0,True,1,2.90000009537,0.951
3kpf ACT 480 B,SO4,ACT,0.344208314501,0.00364837218521,0.340559942316,False,12,2.90000009537,0.906
3kpf ACT 480 A,SO4,ACT,0.489965652736,0.00673559509803,0.483230057638,False,9,2.90000009537,0.947
3kpe PG4 210 A,PG4,PG4,0.578997788462,0.578997788462,0.0,True,1,1.5,0.782
3kpb GOL 3000 B,GOL,GOL,0.958611777305,0.958611777305,0.0,True,1,1.60000002384,0.908
3kpb GOL 1102 D,GOL,GOL,0.964296856702,0.964296856702,0.0,True,1,1.60000002384,0.916
3kpb GOL 1101 D,GOL,GOL,0.794413622367,0.794413622367,0.0,True,1,1.60000002384,0.96
3koy B12 1801 B,FAD,B12,0.994367256493,0.000476244637538,0.993891011855,False,5,2.79999995232,0.967
3koy B12 1801 A,NAG_NAG,B12,0.495838730935,0.000893288835384,0.494945442099,False,110,2.79999995232,0.93
3kow B12 1801 D,FAD,B12,0.953815678739,0.0107442756304,0.943071403108,False,3,2.90000009537,0.945
3kow B12 1801 C,FAD,B12,0.608653836762,0.0114844394639,0.597169397298,False,5,2.90000009537,0.969
3kow B12 1801 A,NAD,B12,0.480166361471,0.00163596840193,0.478530393069,False,53,2.90000009537,0.951
3kou NAG 501 B,NAG,NAG,0.986952184528,0.986952184528,0.0,True,1,1.79999995232,0.883
3kou NAG 501 A,NAG_NAG,NAG_NAG,0.542487898865,0.542487898865,0.0,True,1,1.79999995232,0.915
3kot GOL 3 A,SO4,GOL,0.324838650632,0.218481364872,0.10635728576,False,2,1.89999997616,0.917
3kos MES 303 A,MES,MES,0.744087263233,0.744087263233,0.0,True,1,1.79999995232,0.922
3kos MES 302 A,SO4,MES,0.603795487792,0.00891988815076,0.594875599641,False,6,1.79999995232,0.946
3kos GOL 6 A,GOL,GOL,0.449295922392,0.449295922392,0.0,True,1,1.79999995232,0.865
3kos GOL 2 A,GOL,GOL,0.585797981688,0.585797981688,0.0,True,1,1.79999995232,0.805
3kos GOL 1 A,GOL,GOL,0.495709129218,0.495709129218,0.0,True,1,1.79999995232,0.77
3koq GOL 175 D,EDO,GOL,0.588543759859,0.130363801083,0.458179958775,False,2,1.60000002384,0.918
3koq GOL 173 D,GOL,GOL,0.4181420208,0.4181420208,0.0,True,1,1.60000002384,0.93
3koq GOL 173 A,GOL,GOL,0.945512291682,0.945512291682,0.0,True,1,1.60000002384,0.951
3kog GOL 5 A,EDO,GOL,0.457776678376,0.344814001983,0.112962676394,False,2,1.89999997616,0.898
3kog GOL 4 A,EDO,GOL,0.676881990299,0.19089175477,0.485990235529,False,2,1.89999997616,0.936
3knz IMD 349 A,GOL,IMD,0.346727603974,0.00243651942317,0.344291084551,False,26,2.5,0.884
3knz IMD 348 C,SO4,IMD,0.258825192134,0.0262390457207,0.232586146413,False,4,2.5,0.912
3kns GOL 237 A,GOL,GOL,0.937143996661,0.937143996661,0.0,True,1,1.60000002384,0.948
3kns GOL 236 A,GOL,GOL,0.909070529688,0.909070529688,0.0,True,1,1.60000002384,0.944
3kns GOL 235 A,SO4,GOL,0.35760243586,0.27370265954,0.0838997763207,False,2,1.60000002384,0.841
3kns GOL 234 A,GOL,GOL,0.43465529034,0.43465529034,0.0,True,1,1.60000002384,0.903
3knr GOL 234 A,SO4,GOL,0.561539664286,0.115617728126,0.44592193616,False,2,1.70000004768,0.793
3knr GOL 233 A,SO4,GOL,0.366857619252,0.058483743884,0.308373875368,False,5,1.70000004768,0.92
3kne DAW 502 A,ZN,ZN,0.174635871279,0.174635871279,0.0,True,1,1.39999997616,0.974
3kn5 ANP 400 B,GOL,ANP,0.505241519426,0.000724727952049,0.504516791474,False,65,2.40000009537,0.724
3kn5 ANP 400 A,NAG,ANP,0.912221275432,0.000664312356263,0.911556963075,False,22,2.40000009537,0.727
3kn4 GOL 659 A,MPD,GOL,0.315284762227,0.285701561954,0.0295832002728,False,2,2.09999990463,0.938
3kn4 GOL 658 A,GOL,GOL,0.636220333967,0.636220333967,0.0,True,1,2.09999990463,0.755
3kn4 GOL 657 A,GOL,GOL,0.471419305186,0.471419305186,0.0,True,1,2.09999990463,0.905
3kn4 GOL 656 A,GOL,GOL,0.403919761632,0.403919761632,0.0,True,1,2.09999990463,0.866
3kn4 GOL 655 A,GOL,GOL,0.612965117826,0.612965117826,0.0,True,1,2.09999990463,0.662
3kn4 GOL 653 A,GOL,GOL,0.4901944096,0.4901944096,0.0,True,1,2.09999990463,0.735
3kn4 GOL 652 A,GOL,GOL,0.373434404512,0.373434404512,0.0,True,1,2.09999990463,0.919
3kn4 GOL 651 A,GOL,GOL,0.314394122893,0.314394122893,0.0,True,1,2.09999990463,0.811
3kn4 GOL 650 A,GOL,GOL,0.186974503612,0.186974503612,0.0,True,1,2.09999990463,0.914
3kn4 GOL 649 A,GOL,GOL,0.585192889213,0.585192889213,0.0,True,1,2.09999990463,0.86
3kn3 GOL 264 A,SO4,GOL,0.237726714384,0.185956530325,0.0517701840588,False,2,2.40000009537,0.834
3kn3 GOL 262 C,GOL,GOL,0.451749885031,0.451749885031,0.0,True,1,2.40000009537,0.883
3kn3 GOL 262 A,GOL,GOL,0.253056970348,0.253056970348,0.0,True,1,2.40000009537,0.895
3kn3 GOL 261 B,GOL,GOL,0.530893719256,0.530893719256,0.0,True,1,2.40000009537,0.925
3kn3 GOL 261 A,GOL,GOL,0.549489862379,0.549489862379,0.0,True,1,2.40000009537,0.857
3kmz GOL 9 B,SO4,GOL,0.416782104913,0.255594999579,0.161187105334,False,2,2.09999990463,0.947
3kmz GOL 8 A,GOL,GOL,0.806534950069,0.806534950069,0.0,True,1,2.09999990463,0.893
3kmz GOL 5 B,GOL,GOL,0.57627124067,0.57627124067,0.0,True,1,2.09999990463,0.923
3kmz GOL 422 A,GOL,GOL,0.456712339279,0.456712339279,0.0,True,1,2.09999990463,0.877
3kmz GOL 3 A,EDO,GOL,0.417262876161,0.0641645594597,0.353098316701,False,3,2.09999990463,0.941
3kmz CSO 2056 D,CSO,CSO,0.795908434634,0.795908434634,0.0,True,1,2.09999990463,0.958
3kmz CSO 2056 C,CSO,CSO,0.830866488739,0.830866488739,0.0,True,1,2.09999990463,0.922
3kmv GOL 158 H,SO4,GOL,0.484787379388,0.240712037767,0.244075341622,False,2,1.79999995232,0.937
3kmv GOL 158 F,GOL,GOL,0.59112633562,0.59112633562,0.0,True,1,1.79999995232,0.835
3kmv GOL 158 E,EDO,GOL,0.565962774768,0.158803487586,0.407159287182,False,2,1.79999995232,0.839
3kmv GOL 158 D,GOL,GOL,0.339291054714,0.339291054714,0.0,True,1,1.79999995232,0.853
3kmv GOL 158 A,EDO,GOL,0.566184507065,0.0379095474066,0.528274959659,False,5,1.79999995232,0.815
3kmv FMT 162 A,ACT,FMT,0.209606666319,0.0495017346683,0.16010493165,False,5,1.79999995232,0.924
3kmv FMT 161 G,SO4,FMT,0.338104524992,0.010617609013,0.327486915979,False,11,1.79999995232,0.776
3kmv FMT 161 C,EDO,FMT,0.414369411004,0.00524304981849,0.409126361186,False,11,1.79999995232,0.807
3kmv FMT 160 G,EDO,FMT,0.917475384433,0.0179247556598,0.899550628773,False,2,1.79999995232,0.784
3kmv FMT 160 E,SO4,FMT,0.379275388541,0.0546330563541,0.324642332186,False,3,1.79999995232,0.623
3kmv FMT 160 C,ACE,FMT,0.44243247117,0.107257253339,0.335175217831,False,2,1.79999995232,0.903
3kmv FMT 160 B,SO4,FMT,0.390361200712,0.054992835995,0.335368364717,False,5,1.79999995232,0.915
3kmv FMT 160 A,FMT,FMT,0.733470674608,0.733470674608,0.0,True,1,1.79999995232,0.77
3kmv FMT 159 F,MLY,FMT,0.262445630305,0.0483103755903,0.214135254715,False,6,1.79999995232,0.623
3kmv FMT 159 B,SO4,FMT,0.218106229563,0.0169508024692,0.201155427094,False,12,1.79999995232,0.924
3kmv FMT 158 B,EDO,FMT,0.666146943922,0.0055643362168,0.660582607705,False,6,1.79999995232,0.846
3kmv ACT 158 G,ACT,ACT,0.3943674937,0.3943674937,0.0,True,1,1.79999995232,0.81
3kmp GOL 133 B,GOL,GOL,0.385434405917,0.385434405917,0.0,True,1,2.70000004768,0.803
3kmp GOL 133 A,SO4,GOL,0.576924135116,0.0467814213964,0.53014271372,False,4,2.70000004768,0.821
3kmm PTR 394 A,1PE,PTR,0.603431367797,0.00584407977705,0.59758728802,False,8,2.79999995232,0.907
3kmi FMT 403 B,EDO,FMT,0.666479511264,0.0560246053857,0.610454905878,False,3,2.0,0.823
3kmi FMT 402 B,GOL,FMT,0.772876635523,0.00145347692541,0.771423158598,False,6,2.0,0.914
3kmh GOL 229 B,GOL,GOL,0.755010456587,0.755010456587,0.0,True,1,1.60000002384,0.792
3kmh GOL 228 A,EDO,GOL,0.28750852923,0.115929876345,0.171578652885,False,3,1.60000002384,0.612
3kmh ACT 229 A,EDO,ACT,0.637887232125,0.0307753525428,0.607111879582,False,3,1.60000002384,0.824
3kme IPA 7 A,DMS,IPA,0.657003877418,0.00140746765873,0.655596409759,False,7,1.79999995232,0.961
3km5 GOL 2001 B,GOL,GOL,0.903320960758,0.903320960758,0.0,True,1,1.39999997616,0.908
3km4 NAG 600 A,NAG,NAG,0.620182598985,0.620182598985,0.0,True,1,1.70000004768,0.931
3klz FMT 295 B,EDO,FMT,0.224924774652,0.0102315177023,0.21469325695,False,12,2.5,0.917
3klz FMT 294 B,GOL,FMT,0.321974922551,0.0490729636894,0.272901958861,False,5,2.5,0.932
3klz FMT 293 B,EDO,FMT,0.530424839907,0.0227661937105,0.507658646197,False,6,2.5,0.879
3klz FMT 292 A,GOL,FMT,0.408265635937,0.00834413494684,0.39992150099,False,9,2.5,0.966
3klz FMT 290 B,GOL,FMT,0.437300628578,0.0113576928158,0.425942935762,False,9,2.5,0.908
3klz FMT 290 A,GOL,FMT,0.584190671793,0.0236712194196,0.560519452373,False,4,2.5,0.909
3klz FMT 289 A,EDO,FMT,0.39677254416,0.12435818497,0.27241435919,False,3,2.5,0.885
3klz FMT 288 D,SO4,FMT,0.25963867795,0.00908949758289,0.250549180367,False,12,2.5,0.928
3klz FMT 288 C,EDO,FMT,0.690031188936,0.0137772682273,0.676253920708,False,8,2.5,0.974
3klz FMT 288 A,SO4,FMT,0.447741192915,0.0044530510603,0.443288141854,False,16,2.5,0.926
3klz FMT 287 C,PEG,FMT,0.17861409037,0.00241089082616,0.176203199544,False,52,2.5,0.888
3klz FMT 287 A,MAN,FMT,0.30423181769,0.000892225281744,0.303339592408,False,71,2.5,0.7
3klz FMT 286 E,GOL,FMT,0.619947779975,0.00750531341462,0.612442466561,False,7,2.5,0.798
3klz FMT 286 A,GOL,FMT,0.284446831501,0.00720214563466,0.277244685867,False,17,2.5,0.927
3klz FMT 285 C,GOL,FMT,0.332450018061,0.00186905639913,0.330580961661,False,33,2.5,0.936
3klz FMT 284 E,EDO,FMT,0.48218852149,0.0360411117336,0.446147409756,False,3,2.5,0.958
3klz FMT 284 D,EDO,FMT,0.437937715635,0.0272371981916,0.410700517443,False,6,2.5,0.935
3klz FMT 283 E,GOL,FMT,0.325363596255,0.0473074472586,0.278056148996,False,4,2.5,0.867
3klz FMT 283 D,EDO,FMT,0.489553297048,0.110720861057,0.378832435991,False,2,2.5,0.808
3klz FMT 283 C,EDO,FMT,0.346163380662,0.0150471575743,0.331116223088,False,5,2.5,0.817
3klz FMT 282 E,EDO,FMT,0.367288512222,0.171301358532,0.19598715369,False,2,2.5,0.892
3klz FMT 282 D,SO4,FMT,0.335774415775,0.00228034029303,0.333494075482,False,51,2.5,0.868
3klz BOG 310 E,SO4,FMT,0.195871918579,0.00106574160947,0.19480617697,False,141,2.5,0.847
3klz BOG 281 A,SO4,BOG,0.355054487752,0.00225722556538,0.352797262186,False,30,2.5,0.602
3kly BOG 310 E,NAG,BOG,0.257112540789,0.0147073499945,0.242405190794,False,11,2.09999990463,0.932
3kly BOG 310 D,SO4,BOG,0.288718486905,0.0141507434861,0.274567743419,False,6,2.09999990463,0.882
3kly BOG 310 B,GOL,BOG,0.484263412039,0.00363339568669,0.480630016352,False,14,2.09999990463,0.828
3kly BOG 285 B,NAG,BOG,0.274299206638,0.0194486356946,0.254850570943,False,8,2.09999990463,0.625
3kly BOG 284 B,GOL,BOG,0.27325416892,0.000865733893659,0.272388435026,False,126,2.09999990463,0.776
3kly BOG 283 C,LDA,BOG,0.546780947055,0.0186403438687,0.528140603186,False,8,2.09999990463,0.762
3kly BOG 283 B,LDA,BOG,0.436926673407,0.22295496238,0.213971711027,False,2,2.09999990463,0.856
3kly BOG 282 E,GOL,BOG,0.339312410493,0.0884093926517,0.250903017842,False,3,2.09999990463,0.796
3kly BOG 282 C,GOL,BOG,0.280182885459,0.0224483077193,0.257734577739,False,8,2.09999990463,0.805
3kly BOG 282 B,LMT,BOG,0.245561257973,0.0161547646993,0.229406493273,False,15,2.09999990463,0.806
3kly BOG 282 A,SUC,BOG,0.547526747796,0.0078493364348,0.539677411361,False,12,2.09999990463,0.818
3kly BOG 281 E,GOL,BOG,0.277395083061,0.0123382628017,0.265056820259,False,10,2.09999990463,0.71
3kly BOG 281 D,PEG,BOG,0.47730525087,0.0206868356911,0.456618415179,False,7,2.09999990463,0.673
3kly BOG 281 C,PEG,BOG,0.311044734131,0.0486787480358,0.262365986095,False,4,2.09999990463,0.772
3kly BOG 281 B,MYR,BOG,0.34472930808,0.02020621722,0.32452309086,False,6,2.09999990463,0.884
3klr GOL 2003 A,GOL,GOL,0.471104953782,0.471104953782,0.0,True,1,0.899999976158,0.963
3kll GOL 1786 A,EDO,GOL,0.456662365768,0.348932063044,0.107730302724,False,2,2.0,0.916
3kll GOL 1785 A,SO4,GOL,0.323176698757,0.150916412274,0.172260286482,False,2,2.0,0.83
3kll GOL 1783 A,GOL,GOL,0.880694904239,0.880694904239,0.0,True,1,2.0,0.934
3klk GOL 1784 A,GOL,GOL,0.94454826165,0.94454826165,0.0,True,1,1.70000004768,0.95
3klk GOL 1782 A,GOL,GOL,0.820334057652,0.820334057652,0.0,True,1,1.70000004768,0.943
3klk GOL 1781 A,GOL,GOL,0.997632199137,0.997632199137,0.0,True,1,1.70000004768,0.972
3klk GOL 1780 A,GOL,GOL,0.696179824618,0.696179824618,0.0,True,1,1.70000004768,0.919
3klf GOL 429 F,NAG,GOL,0.937435971914,0.000841381110871,0.936594590803,False,11,3.09999990463,0.812
3klf GOL 429 B,GOL,GOL,0.208136583028,0.208136583028,0.0,True,1,3.09999990463,0.859
3kle GOL 438 F,NAG,GOL,0.503373579466,0.00843672788075,0.494936851586,False,10,3.20000004768,0.683
3kle GOL 438 B,NAG,GOL,0.292933326126,0.00687094955718,0.286062376569,False,20,3.20000004768,0.795
3kld NAG 1003 A,NAG,NAG,0.9742428584,0.9742428584,0.0,True,1,2.0,0.787
3kld NAG 1001 A,NAG,NAG,0.979630004287,0.979630004287,0.0,True,1,2.0,0.953
3kl3 PG4 405 B,PG4,PG4,0.477343328004,0.477343328004,0.0,True,1,2.29999995232,0.938
3kl3 PG4 402 C,PG4,PG4,0.394139611789,0.394139611789,0.0,True,1,2.29999995232,0.967
3kl0 MLA 403 A,CIT,MLA,0.445782637942,0.0188317625666,0.426950875376,False,6,1.60000002384,0.891
3kl0 MLA 402 D,MLI,MLA,0.429529297372,0.118601782275,0.310927515097,False,3,1.60000002384,0.934
3kl0 MLA 402 C,MLI,MLA,0.783069476577,0.0573861808553,0.725683295722,False,2,1.60000002384,0.951
3kl0 MLA 402 B,MLI,MLA,0.859495128933,0.0108207776143,0.848674351319,False,4,1.60000002384,0.979
3kl0 MLA 402 A,MLI,MLA,0.29752631426,0.0189980561504,0.278528258109,False,8,1.60000002384,0.939
3kkz SAM 301 A,SAH,SAM,0.945957913422,0.0327308659715,0.913227047451,False,2,1.70000004768,0.967
3kkv TPO 197 A,TPO,TPO,0.996064409796,0.996064409796,0.0,True,1,1.79999995232,0.966
3kkv SEP 338 A,SEP,SEP,0.98627187432,0.98627187432,0.0,True,1,1.79999995232,0.937
3kkv SEP 139 A,SEP,SEP,0.742177139518,0.742177139518,0.0,True,1,1.79999995232,0.939
3kks GOL 8 B,MAN,GOL,0.18476455578,0.132096746342,0.0526678094384,False,2,2.20000004768,0.847
3kks GOL 13 A,GOL,GOL,0.104586470974,0.104586470974,0.0,True,1,2.20000004768,0.743
3kks ACT 5 A,ACT,ACT,0.28258462757,0.28258462757,0.0,True,1,2.20000004768,0.831
3kks ACT 2 B,DMS,ACT,0.287816561634,0.144023513464,0.14379304817,False,3,2.20000004768,0.838
3kkq GDP 179 A,GDP,GDP,0.620833165366,0.620833165366,0.0,True,1,1.20000004768,0.984
3kki PLP 390 B,GOL,MG,0.190973879393,0.00467380468491,0.186300074708,False,28,1.79999995232,0.955
3kki DTT 502 B,GOL,DTT,0.533521468005,0.000405829384043,0.533115638621,False,180,1.79999995232,0.892
3kki DTT 501 A,CIT,DTT,0.423510962911,0.00630828777068,0.41720267514,False,11,1.79999995232,0.902
3kkf ACT 203 A,SO4,ACT,0.420495518066,0.0819454436774,0.338550074389,False,3,1.29999995232,0.952
3kke ACT 350 A,EDO,ACT,0.276752607153,0.135037347118,0.141715260035,False,3,2.20000004768,0.906
3kke ACT 1 D,EDO,ACT,0.294902833985,0.0741451518869,0.220757682098,False,4,2.20000004768,0.972
3kke ACT 1 C,SO4,ACT,0.469885505587,0.217876310145,0.252009195442,False,2,2.20000004768,0.905
3kke ACT 1 B,ACT,ACT,0.62401248025,0.62401248025,0.0,True,1,2.20000004768,0.95
3kke ACT 1 A,ACT,ACT,0.706996558699,0.706996558699,0.0,True,1,2.20000004768,0.972
3kk9 TPO 285 A,TPO,TPO,0.31259092196,0.31259092196,0.0,True,1,3.20000004768,0.91
3kk8 TPO 285 A,TPO,TPO,0.460412474741,0.460412474741,0.0,True,1,1.70000004768,0.936
3kk2 DOC 822 P,AMP,DOC,0.536988175919,0.31255958162,0.224428594299,False,2,2.79999995232,0.975
3kk1 DOC 822 P,DOC,DOC,0.954680959136,0.954680959136,0.0,True,1,2.70000004768,0.98
3kjv DOC 822 P,DOC,DOC,0.441092691884,0.441092691884,0.0,True,1,3.09999990463,0.969
3kjr GOL 517 A,GOL,GOL,0.326387208467,0.326387208467,0.0,True,1,2.0,0.889
3kjr GOL 516 A,GOL,GOL,0.709630069467,0.709630069467,0.0,True,1,2.0,0.887
3kjr GOL 513 B,GOL,GOL,0.334183857709,0.334183857709,0.0,True,1,2.0,0.851
3kjn DTT 900 A,MPD,DTT,0.131582568558,0.014695793988,0.11688677457,False,7,1.79999995232,0.975
3kjm NAG 704 A,NAG,NAG,0.765209477308,0.765209477308,0.0,True,1,1.89999997616,0.831
3kjm NAG 701 A,NAG,NAG,0.842934056451,0.842934056451,0.0,True,1,1.89999997616,0.891
3kjm GOL 540 A,EDO,GOL,0.58924832309,0.20450197019,0.3847463529,False,2,1.89999997616,0.852
3kjm GOL 539 A,GOL,GOL,0.605848624429,0.605848624429,0.0,True,1,1.89999997616,0.805
3kjd GOL 580 A,GOL,GOL,0.96188403994,0.96188403994,0.0,True,1,2.0,0.958
3kjd GOL 2 B,GOL,GOL,0.962588385706,0.962588385706,0.0,True,1,2.0,0.942
3kj7 NAG 8 A,NAG,NAG,0.945155729241,0.945155729241,0.0,True,1,1.89999997616,0.925
3kj4 NAG 405 D,NAG,NAG,0.967867829861,0.967867829861,0.0,True,1,3.09999990463,0.853
3kj4 NAG 315 A,NAG,NAG,0.98536396651,0.98536396651,0.0,True,1,3.09999990463,0.768
3kii GOL 657 B,GOL,GOL,0.31044465283,0.31044465283,0.0,True,1,1.89999997616,0.928
3kii GOL 655 B,GOL,GOL,0.486864341435,0.486864341435,0.0,True,1,1.89999997616,0.731
3kii GOL 654 B,EDO,GOL,0.291211336767,0.220664079571,0.0705472571955,False,2,1.89999997616,0.931
3kii GOL 652 B,GOL,GOL,0.653464908286,0.653464908286,0.0,True,1,1.89999997616,0.705
3kii GOL 652 A,EDO,GOL,0.449921560753,0.319182064008,0.130739496745,False,2,1.89999997616,0.869
3kii GOL 650 A,GOL,GOL,0.571785477295,0.571785477295,0.0,True,1,1.89999997616,0.896
3ki8 ACY 3003 B,GOL,MG,0.410212520291,0.000895311874467,0.409317208416,False,55,1.60000002384,0.842
3khw GOL 1 A,EDO,GOL,0.884803268175,0.0587667510494,0.826036517126,False,2,2.09999990463,0.752
3khp TLA 300 B,CIT,TLA,0.712994756715,0.0105205082874,0.702474248427,False,4,2.29999995232,0.857
3khj ACT 401 D,NAG,ACT,0.65897782037,0.000573674524695,0.658404145845,False,32,2.79999995232,0.776
3khh DOC 814 D,DOC,DOC,0.72821376825,0.72821376825,0.0,True,1,2.70000004768,0.977
3khe GOL 199 B,EDO,GOL,0.397975760477,0.29815712037,0.0998186401067,False,2,2.0,0.926
3khe GOL 196 B,EDO,GOL,0.519790819438,0.0308456987102,0.488945120728,False,4,2.0,0.92
3kh5 AMP 282 A,ADP,AMP,0.217559320242,0.0445987263977,0.172960593844,False,6,2.09999990463,0.899
3kh1 ACT 201 A,ACT,ACT,0.62589472553,0.62589472553,0.0,True,1,1.39999997616,0.979
3kgq GOL 320 A,GOL,GOL,0.886709995142,0.886709995142,0.0,True,1,1.70000004768,0.844
3kgq GOL 315 A,GOL,GOL,0.288240961213,0.288240961213,0.0,True,1,1.70000004768,0.863
3kgl GOL 467 F,CSD,GOL,0.251146237634,0.0271037598868,0.224042477747,False,6,3.0,0.982
3kgl GOL 467 E,THM,GOL,0.107692170446,0.0138085595699,0.0938836108765,False,12,3.0,0.945
3kgl GOL 467 D,GOL,GOL,0.348988183817,0.348988183817,0.0,True,1,3.0,0.969
3kgl GOL 467 C,CSD,GOL,0.0825065245618,0.0585467978406,0.0239597267213,False,2,3.0,0.973
3kgl GOL 467 B,BEN,GOL,0.251973130861,0.151719888618,0.100253242243,False,2,3.0,0.98
3kgl GOL 467 A,GOL,GOL,0.0838620466556,0.0838620466556,0.0,True,1,3.0,0.981
3kgd GOL 341 D,NO3,GOL,0.437333951613,0.0363095173076,0.401024434305,False,5,1.60000002384,0.893
3kgd GOL 341 C,GOL,GOL,0.223228498041,0.223228498041,0.0,True,1,1.60000002384,0.843
3kgd GOL 340 A,GOL,GOL,0.57266203539,0.57266203539,0.0,True,1,1.60000002384,0.953
3kgd AMP 501 D,AMP,AMP,0.697831924943,0.697831924943,0.0,True,1,1.60000002384,0.975
3kgd AMP 501 C,AMP,AMP,0.616326651763,0.616326651763,0.0,True,1,1.60000002384,0.977
3kgd AMP 501 B,AMP,AMP,0.630489281294,0.630489281294,0.0,True,1,1.60000002384,0.985
3kgd AMP 501 A,AMP,AMP,0.733784979306,0.733784979306,0.0,True,1,1.60000002384,0.982
3kg2 NAG 834 D,NAG,NAG,0.502371327662,0.502371327662,0.0,True,1,3.59999990463,0.82
3kfs DMS 305 B,NO3,DMS,0.324173017427,0.0823681076723,0.241804909755,False,4,1.79999995232,0.924
3kfs DMS 304 A,SO4,DMS,0.372733700705,0.0974606562242,0.275273044481,False,3,1.79999995232,0.913
3kfn DMS 305 A,ACT,DMS,0.263238766206,0.14165868995,0.121580076256,False,3,1.79999995232,0.968
3kfn DMS 304 A,SO4,DMS,0.538463207945,0.0370232097656,0.501439998179,False,6,1.79999995232,0.988
3kfn DMS 302 B,EDO,DMS,0.287434986177,0.00339249299404,0.284042493183,False,15,1.79999995232,0.864
3kfl FMT 822 A,EDO,FMT,0.540972013842,0.12961044732,0.411361566523,False,2,2.0,0.948
3kfl FMT 821 A,EDO,FMT,0.445612902136,0.0057200708557,0.43989283128,False,10,2.0,0.911
3kfb ANP 544 H,ATP,ANP,0.275151047558,0.029750014735,0.245401032823,False,6,3.20000004768,0.94
3kfb ANP 544 G,ATP,ANP,0.594394381223,0.0389353374172,0.555459043806,False,3,3.20000004768,0.952
3kfb ANP 544 E,ATP,ANP,0.386195190974,0.0598488596386,0.326346331335,False,5,3.20000004768,0.943
3kfb ANP 544 D,ATP,ANP,0.623465649579,0.0779775944701,0.545488055109,False,3,3.20000004768,0.942
3kfb ANP 544 C,ATP,ANP,0.564821983417,0.0863873560804,0.478434627337,False,3,3.20000004768,0.964
3kfb ANP 544 B,ATP,ANP,0.214722226975,0.0463967620567,0.168325464918,False,5,3.20000004768,0.949
3kfb ANP 544 A,ATP,ANP,0.596097656805,0.014981992283,0.581115664522,False,6,3.20000004768,0.952
3kf5 NAG 5001 B,NAG,NAG,0.795038328076,0.795038328076,0.0,True,1,2.90000009537,0.871
3kf5 NAG 5001 A,NAG,NAG,0.98927487897,0.98927487897,0.0,True,1,2.90000009537,0.909
3kf5 NAG 4001 B,BMA_NAG_NAG,NAG,0.380081610116,0.0771153900529,0.302966220063,False,3,2.90000009537,0.828
3kf5 NAG 4001 A,NAG_NAG,NAG,0.965686740922,0.0216897032589,0.943997037663,False,2,2.90000009537,0.913
3kf5 NAG 3001 B,NAG_NAG,NAG,0.928726373986,0.0538009167775,0.874925457208,False,2,2.90000009537,0.867
3kf5 NAG 3001 A,NAG_NAG,NAG,0.626851342793,0.0182695021019,0.608581840691,False,4,2.90000009537,0.888
3kf5 NAG 2001 A,NAG,NAG,0.840668491809,0.840668491809,0.0,True,1,2.90000009537,0.844
3kf5 NAG 1001 A,NAG,NAG,0.977416639972,0.977416639972,0.0,True,1,2.90000009537,0.914
3kf5 GOL 6003 A,SO4,GOL,0.192175454004,0.181652053592,0.0105234004123,False,2,2.90000009537,0.802
3kf5 GOL 6002 A,GOL,GOL,0.322773059323,0.322773059323,0.0,True,1,2.90000009537,0.911
3kf5 GOL 6001 A,SO4,GOL,0.612404415857,0.176900802446,0.435503613412,False,2,2.90000009537,0.947
3kf3 NAG 4001 B,NAG,NAG,0.969529992953,0.969529992953,0.0,True,1,1.89999997616,0.821
3kf3 NAG 4001 A,NAG,NAG,0.980301735192,0.980301735192,0.0,True,1,1.89999997616,0.822
3kf3 NAG 3001 B,NAG,NAG,0.995444787912,0.995444787912,0.0,True,1,1.89999997616,0.865
3kf3 NAG 3001 A,NAG,NAG,0.969888941026,0.969888941026,0.0,True,1,1.89999997616,0.865
3kf3 NAG 1001 A,NAG,NAG,0.728627176334,0.728627176334,0.0,True,1,1.89999997616,0.7
3kf0 DMS 305 A,EDO,DMS,0.466266898748,0.0462853770088,0.419981521739,False,5,1.79999995232,0.883
3kf0 DMS 304 A,SO4,DMS,0.404067726213,0.0116093243256,0.392458401887,False,10,1.79999995232,0.925
3kev CSO 58 A,CSD,CSO,0.704951239405,0.0154182886243,0.689532950781,False,4,1.29999995232,0.959
3kev ACT 201 A,SO4,ACT,0.6390173043,0.0324036936053,0.606613610694,False,5,1.29999995232,0.849
3keh NAG 1505 B,NAG,NAG,0.826071244518,0.826071244518,0.0,True,1,2.79999995232,0.8
3keh NAG 1503 B,SUC,NAG,0.779811618218,0.0327677630951,0.747043855123,False,3,2.79999995232,0.914
3keh GOL 498 B,GOL,GOL,0.717075437662,0.717075437662,0.0,True,1,2.79999995232,0.969
3kee GOL 3968 D,SO4,GOL,0.57067826742,0.0556147527458,0.515063514674,False,3,2.40000009537,0.946
3kee GOL 3968 C,SO4,GOL,0.515112365734,0.0658682140115,0.449244151723,False,3,2.40000009537,0.907
3ked MLA 992 A,GOL,MLA,0.610132105492,0.000314078599609,0.609818026893,False,166,2.29999995232,0.948
3ked MLA 990 A,GOL,MLA,0.419014393391,0.0014473243953,0.417567068996,False,21,2.29999995232,0.879
3ked GOL 977 A,GOL,GOL,0.7744016039,0.7744016039,0.0,True,1,2.29999995232,0.941
3ked GOL 976 A,EDO,GOL,0.428674446722,0.249539412029,0.179135034694,False,2,2.29999995232,0.89
3ked GOL 975 A,GOL,GOL,0.770067156475,0.770067156475,0.0,True,1,2.29999995232,0.932
3ked GOL 974 A,EDO,GOL,0.677597508897,0.214737572913,0.462859935984,False,2,2.29999995232,0.961
3ked GOL 973 A,SO4,GOL,0.319663401088,0.231713757362,0.0879496437255,False,2,2.29999995232,0.882
3ked GOL 972 A,GOL,GOL,0.594902044783,0.594902044783,0.0,True,1,2.29999995232,0.925
3ked GOL 971 A,GOL,GOL,0.609539157306,0.609539157306,0.0,True,1,2.29999995232,0.986
3ked GOL 970 A,GOL,GOL,0.824593560068,0.824593560068,0.0,True,1,2.29999995232,0.938
3ke7 GOL 3 A,GOL,GOL,0.442557490712,0.442557490712,0.0,True,1,1.5,0.698
3ke6 GOL 540 A,GOL,GOL,0.265725867615,0.265725867615,0.0,True,1,2.59999990463,0.925
3ke3 LLP 198 A,LLP,LLP,0.987084398084,0.987084398084,0.0,True,1,2.20000004768,0.977
3ke3 ACT 384 A,ACT,ACT,0.516964361644,0.516964361644,0.0,True,1,2.20000004768,0.839
3ke3 ACT 383 A,ACT,ACT,0.499877208051,0.499877208051,0.0,True,1,2.20000004768,0.819
3ke3 ACT 380 A,SO4,ACT,0.676359818052,0.0379437582758,0.638416059776,False,4,2.20000004768,0.886
3ke0 NAG 1505 B,NAG,NAG,0.985464248721,0.985464248721,0.0,True,1,2.70000004768,0.844
3ke0 NAG 1503 B,NAG_NAG,NAG_NAG,0.912510994802,0.912510994802,0.0,True,1,2.70000004768,0.954
3ke0 GOL 498 B,GOL,GOL,0.818650809313,0.818650809313,0.0,True,1,2.70000004768,0.968
3ke0 GOL 1509 A,EDO,GOL,0.381934624708,0.35656052204,0.0253741026678,False,2,2.70000004768,0.94
3ke0 GOL 1508 A,GOL,GOL,0.455599461599,0.455599461599,0.0,True,1,2.70000004768,0.962
3kdr GOL 350 A,GOL,GOL,0.297926806495,0.297926806495,0.0,True,1,2.90000009537,0.854
3kdr GOL 2 B,SO4,GOL,0.148239317864,0.0454225149377,0.102816802927,False,3,2.90000009537,0.908
3kdd GOL 100 B,GOL,GOL,0.352230649658,0.352230649658,0.0,True,1,1.79999995232,0.936
3kdc GOL 101 A,GOL,GOL,0.524749163858,0.524749163858,0.0,True,1,2.20000004768,0.856
3kdb GOL 100 A,EDO,GOL,0.720870386609,0.118439284984,0.602431101624,False,2,1.70000004768,0.88
3kd9 GOL 968 A,GOL,GOL,0.408853559929,0.408853559929,0.0,True,1,2.70000004768,0.838
3kd6 GOL 501 B,GOL,GOL,0.753386693298,0.753386693298,0.0,True,1,1.89999997616,0.819
3kd6 GOL 501 A,GOL,GOL,0.868450727767,0.868450727767,0.0,True,1,1.89999997616,0.726
3kd6 AMP 509 B,IMP,AMP,0.679351728262,0.12638292784,0.552968800422,False,2,1.89999997616,0.945
3kd6 AMP 509 A,AMP,AMP,0.391767160213,0.391767160213,0.0,True,1,1.89999997616,0.962
3kd4 GOL 9 A,GOL,GOL,0.77091028841,0.77091028841,0.0,True,1,2.0,0.922
3kd4 GOL 8 A,GOL,GOL,0.364877349716,0.364877349716,0.0,True,1,2.0,0.808
3kd4 GOL 7 A,GOL,GOL,0.983385180012,0.983385180012,0.0,True,1,2.0,0.938
3kd4 GOL 530 A,GOL,GOL,0.574425650379,0.574425650379,0.0,True,1,2.0,0.912
3kd4 GOL 529 A,GOL,GOL,0.502400576743,0.502400576743,0.0,True,1,2.0,0.864
3kd4 GOL 528 B,GOL,GOL,0.900151454746,0.900151454746,0.0,True,1,2.0,0.922
3kd4 GOL 528 A,EDO,GOL,0.474285176626,0.155457667216,0.31882750941,False,3,2.0,0.801
3kd4 GOL 21 A,SO4,GOL,0.860328850678,0.0456052703722,0.814723580306,False,2,2.0,0.893
3kd4 GOL 20 B,EDO,GOL,0.587060347856,0.130817762385,0.456242585471,False,2,2.0,0.805
3kd4 GOL 19 A,GOL,GOL,0.440650936406,0.440650936406,0.0,True,1,2.0,0.878
3kd4 GOL 18 A,GOL,GOL,0.424917797052,0.424917797052,0.0,True,1,2.0,0.872
3kd4 GOL 17 B,EDO,GOL,0.650364933835,0.248466520399,0.401898413436,False,2,2.0,0.857
3kd4 GOL 16 B,GOL,GOL,0.873957608884,0.873957608884,0.0,True,1,2.0,0.915
3kd4 GOL 15 A,GOL,GOL,0.805305989855,0.805305989855,0.0,True,1,2.0,0.915
3kd4 GOL 14 B,SO4,GOL,0.871699991941,0.023743935671,0.84795605627,False,3,2.0,0.833
3kd4 GOL 13 B,GOL,GOL,0.354049866288,0.354049866288,0.0,True,1,2.0,0.832
3kd4 GOL 12 B,GOL,GOL,0.567542991137,0.567542991137,0.0,True,1,2.0,0.859
3kd4 GOL 11 B,GOL,GOL,0.894486236728,0.894486236728,0.0,True,1,2.0,0.931
3kd4 GOL 10 A,SO4,GOL,0.409741954557,0.0381711964048,0.371570758152,False,4,2.0,0.894
3kd3 GOL 1002 A,MPD,GOL,0.313535747602,0.105933564742,0.207602182861,False,3,1.70000004768,0.914
3kd3 GOL 1001 B,EDO,GOL,0.61636497189,0.01934345959,0.5970215123,False,5,1.70000004768,0.725
3kcz GOL 580 B,GOL,GOL,0.974559297869,0.974559297869,0.0,True,1,2.0,0.942
3kcz GOL 580 A,GOL,GOL,0.924683817241,0.924683817241,0.0,True,1,2.0,0.923
3kcx GOL 351 A,GOL,GOL,0.539522889042,0.539522889042,0.0,True,1,2.59999990463,0.832
3kcs NRQ 66 A,NRQ,NRQ,0.430694550021,0.430694550021,0.0,True,1,1.5,0.949
3kcq GOL 801 D,SO4,GOL,0.681101478752,0.0967993810246,0.584302097727,False,2,2.20000004768,0.886
3kcq GOL 801 C,FLC,GOL,0.220341931358,0.15629276968,0.064049161678,False,2,2.20000004768,0.843
3kcq GOL 801 B,GOL,GOL,0.188283150114,0.188283150114,0.0,True,1,2.20000004768,0.905
3kcq GOL 801 A,GOL,GOL,0.106506536115,0.106506536115,0.0,True,1,2.20000004768,0.882
3kck PTR 1008 A,RET,PTR_PTR,0.233381894124,0.176610484325,0.0567714097993,False,2,2.20000004768,0.894
3kck PTR 1007 A,SO4,PTR,0.212984489059,0.00900131122592,0.203983177833,False,17,2.20000004768,0.811
3kcg NAG 841 I,NAG_NAG,NAG_NAG,0.756999748582,0.756999748582,0.0,True,1,1.70000004768,0.833
3kbr GOL 263 A,GOL,GOL,0.775342191375,0.775342191375,0.0,True,1,1.70000004768,0.908
3kbh NAG 801 D,NAG,NAG,0.964758193173,0.964758193173,0.0,True,1,3.20000004768,0.698
3kbh NAG 801 A,NAG,NAG,0.989809831528,0.989809831528,0.0,True,1,3.20000004768,0.733
3kbh NAG 800 D,NAG,NAG,0.696045648468,0.696045648468,0.0,True,1,3.20000004768,0.887
3kbh NAG 800 C,NAG,NAG,0.438268484736,0.438268484736,0.0,True,1,3.20000004768,0.746
3kbh NAG 800 B,NAG,NAG,0.955898606762,0.955898606762,0.0,True,1,3.20000004768,0.79
3kbh NAG 800 A,LMT,NAG,0.259001289359,0.197639225368,0.0613620639918,False,3,3.20000004768,0.896
3kbh NAG 1486 H,NAG,NAG,0.979813546751,0.979813546751,0.0,True,1,3.20000004768,0.79
3kbh NAG 1486 G,NAG,NAG,0.363960339929,0.363960339929,0.0,True,1,3.20000004768,0.887
3kbh NAG 1486 F,NAG,NAG,0.986910370188,0.986910370188,0.0,True,1,3.20000004768,0.833
3kbh NAG 1486 E,NAG,NAG,0.968962258579,0.968962258579,0.0,True,1,3.20000004768,0.801
3kbb GOL 222 A,SO4,GOL,0.691769987609,0.0256185569696,0.666151430639,False,5,1.70000004768,0.872
3kbb GOL 220 A,SO4,GOL,0.308836783241,0.255411935654,0.0534248475879,False,2,1.70000004768,0.696
3kbb GOL 218 A,GOL,GOL,0.963177236133,0.963177236133,0.0,True,1,1.70000004768,0.929
3kb6 GOL 777 D,GOL,GOL,0.297709200764,0.297709200764,0.0,True,1,2.09999990463,0.879
3kb6 GOL 770 B,GOL,GOL,0.575681788675,0.575681788675,0.0,True,1,2.09999990463,0.637
3kb6 GOL 401 D,GOL,GOL,0.596305789732,0.596305789732,0.0,True,1,2.09999990463,0.828
3kas NAG 1021 B,NAG,NAG,0.750032088789,0.750032088789,0.0,True,1,2.40000009537,0.794
3kas NAG 1011 A,NAG,NAG,0.986674344311,0.986674344311,0.0,True,1,2.40000009537,0.817
3kas NAG 1001 A,NAG,NAG,0.885866392244,0.885866392244,0.0,True,1,2.40000009537,0.77
3kao GOL 335 A,GOL,GOL,0.188990955877,0.188990955877,0.0,True,1,1.89999997616,0.904
3kao GOL 334 A,GOL,GOL,0.609699620879,0.609699620879,0.0,True,1,1.89999997616,0.85
3kao GOL 332 A,GOL,GOL,0.96700286999,0.96700286999,0.0,True,1,1.89999997616,0.974
3kae GOL 245 C,GOL,GOL,0.599151249119,0.599151249119,0.0,True,1,2.29999995232,0.904
3k9w ACT 170 A,GOL,ACT,0.369449095328,0.0193943934187,0.35005470191,False,5,1.60000002384,0.889
3k9v CPS 702 B,MPD,CPS,0.153880084028,0.00135849944539,0.152521584583,False,85,2.5,0.832
3k9v CPS 701 B,CHD,CPS,0.226754582696,0.0171852925765,0.20956929012,False,8,2.5,0.648
3k9v CPS 700 B,CHD,CPS,0.357602245104,0.128768313262,0.228833931842,False,3,2.5,0.824
3k9q GOL 337 Q,EDO,GOL,0.181143420667,0.0621208120014,0.119022608665,False,3,2.5,0.861
3k9q GOL 337 P,ACT,GOL,0.294245640248,0.0104832674643,0.283762372784,False,7,2.5,0.82
3k9d GOL 466 C,GOL,GOL,0.682374136292,0.682374136292,0.0,True,1,1.89999997616,0.883
3k9c GOL 349 B,GOL,GOL,0.876977707991,0.876977707991,0.0,True,1,2.09999990463,0.886
3k9c GOL 349 A,GOL,GOL,0.945543089774,0.945543089774,0.0,True,1,2.09999990463,0.88
3k97 DMS 902 A,DMS,DMS,0.931036658054,0.931036658054,0.0,True,1,1.89999997616,0.953
3k94 CSO 95 B,CSD,CSO,0.414211654849,0.093983588196,0.320228066653,False,3,2.09999990463,0.959
3k94 CSO 95 A,CME,CSO,0.760181824547,0.0597383727185,0.700443451829,False,2,2.09999990463,0.911
3k94 CSO 26 B,CME,CSO,0.494343786801,0.47225232073,0.0220914660712,False,2,2.09999990463,0.959
3k94 CSO 26 A,3DR,CSO,0.26680145797,0.160315991082,0.106485466888,False,2,2.09999990463,0.938
3k94 CSO 185 B,CME,CSO,0.96227927409,0.00142506520551,0.960854208884,False,4,2.09999990463,0.955
3k94 CSO 185 A,NAG,CSO,0.153224511616,0.00560171988103,0.147622791735,False,26,2.09999990463,0.932
3k94 CSO 176 B,MLY,CSO,0.889408691073,0.00199287774657,0.887415813327,False,9,2.09999990463,0.909
3k94 CSO 176 A,CME,CSO,0.878420185268,0.00866105975329,0.869759125515,False,3,2.09999990463,0.895
3k93 GOL 226 A,PEG,GOL,0.267500867572,0.237318260081,0.0301826074914,False,2,2.20000004768,0.764
3k90 GOL 3968 B,GOL,GOL,0.86794393253,0.86794393253,0.0,True,1,2.0,0.72
3k90 GOL 192 C,EDO,GOL,0.626042030265,0.0412833819497,0.584758648315,False,4,2.0,0.731
3k8t GOL 892 A,GOL,GOL,0.442953290399,0.442953290399,0.0,True,1,2.09999990463,0.785
3k8k ACT 972 A,SO4,ACT,0.581321739597,0.0110929004541,0.570228839143,False,6,2.20000004768,0.911
3k8k ACT 971 B,GOL,ACT,0.499569885981,0.0531428691933,0.446427016788,False,3,2.20000004768,0.98
3k8k ACT 962 A,SO4,ACT,0.6912657588,0.0273047594353,0.663960999365,False,5,2.20000004768,0.898
3k8k ACT 961 A,SO4,ACT,0.291425995459,0.00798757828327,0.283438417176,False,10,2.20000004768,0.913
3k89 GOL 315 A,GOL,GOL,0.98819433187,0.98819433187,0.0,True,1,1.60000002384,0.953
3k82 GOL 100 A,GOL,GOL,0.973963984739,0.973963984739,0.0,True,1,1.39999997616,0.977
3k7n NAG 901 A,NAG,NAG,0.866495748898,0.866495748898,0.0,True,1,2.29999995232,0.713
3k7n NAG 801 A,NAG,NAG,0.61295111919,0.61295111919,0.0,True,1,2.29999995232,0.886
3k7l NAG 1 A,NAG,NAG,0.986341733901,0.986341733901,0.0,True,1,2.29999995232,0.899
3k6s NAG 3880 G,NAG_NAG,NAG,0.533697796577,0.1750125818,0.358685214777,False,2,3.5,0.9
3k6s NAG 3880 E,NAG,NAG,0.689588875949,0.689588875949,0.0,True,1,3.5,0.898
3k6s NAG 3880 C,NAG,NAG,0.900760913157,0.900760913157,0.0,True,1,3.5,0.92
3k6s NAG 3880 A,NAG,NAG,0.915965756059,0.915965756059,0.0,True,1,3.5,0.91
3k6s NAG 3716 G,NAG,NAG,0.688782569897,0.688782569897,0.0,True,1,3.5,0.903
3k6s NAG 3716 E,NAG_NAG,NAG_NAG,0.57475410553,0.57475410553,0.0,True,1,3.5,0.924
3k6s NAG 3716 C,HEM,NAG,0.353975765028,0.0116743404908,0.342301424537,False,9,3.5,0.914
3k6s NAG 3716 A,NAG_NAG,NAG_NAG,0.918628619288,0.918628619288,0.0,True,1,3.5,0.96
3k6s NAG 3678 E,NAG,NAG,0.844644436553,0.844644436553,0.0,True,1,3.5,0.847
3k6s NAG 3373 E,TPO,NAG,0.336758780164,0.0513766515513,0.285382128613,False,4,3.5,0.812
3k6s NAG 3094 F,NAG,NAG,0.342947966711,0.342947966711,0.0,True,1,3.5,0.837
3k6s NAG 3094 B,NAG,NAG,0.79815072503,0.79815072503,0.0,True,1,3.5,0.776
3k6s NAG 3042 G,NAG,NAG,0.842720324255,0.842720324255,0.0,True,1,3.5,0.752
3k6s NAG 3042 A,SO4,NAG,0.222927508305,0.0526462231618,0.170281285144,False,6,3.5,0.852
3k6o PG4 6 B,GOL,PG4,0.317472659033,0.0170650259977,0.300407633035,False,6,2.0,0.755
3k6o PG4 5 A,GOL,PG4,0.379444277236,0.00982449265051,0.369619784585,False,8,2.0,0.877
3k6o PG4 4 A,GOL,PG4,0.200329232304,0.0500439665042,0.1502852658,False,5,2.0,0.884
3k6o PG4 3 B,GOL,PG4,0.421153667461,0.0894219418285,0.331731725632,False,3,2.0,0.859
3k6o PG4 2 B,GOL,PG4,0.212738141825,0.0428004387298,0.169937703095,False,5,2.0,0.777
3k6o PG4 1 A,GOL,PG4,0.303331348097,0.00946269816292,0.293868649934,False,14,2.0,0.884
3k6m GOL 5001 C,GOL,GOL,0.645788711773,0.645788711773,0.0,True,1,1.5,0.915
3k6m GOL 5000 C,GOL,GOL,0.691055160134,0.691055160134,0.0,True,1,1.5,0.917
3k69 DMS 163 A,DMS,DMS,0.473939600242,0.473939600242,0.0,True,1,2.0,0.974
3k69 DMS 162 A,SO4,DMS,0.605240242448,0.142444041219,0.46279620123,False,2,2.0,0.976
3k5t NAG 7451 A,NAG,NAG,0.897005077518,0.897005077518,0.0,True,1,2.09999990463,0.832
3k5t NAG 1102 A,MPD,NAG,0.305572090541,0.00158021777803,0.303991872763,False,28,2.09999990463,0.838
3k5t NAG 1101 A,GOL,NAG,0.180236587541,0.114519897397,0.0657166901448,False,3,2.09999990463,0.949
3k5p GOL 416 A,GOL,GOL,0.487979299685,0.487979299685,0.0,True,1,2.09999990463,0.869
3k5p GOL 415 A,EDO,GOL,0.603079369543,0.123075958347,0.480003411197,False,2,2.09999990463,0.861
3k5l DOC 913 P,PTR,DOC,0.163967698845,0.131584688079,0.0323830107663,False,2,2.70000004768,0.964
3k5j GOL 187 A,PG4,GOL,0.244423711554,0.138966767781,0.105456943773,False,3,1.39999997616,0.937
3k59 DOC 913 P,DOC,DOC,0.880026091292,0.880026091292,0.0,True,1,1.89999997616,0.981
3k58 DOC 913 P,DOC,DOC,0.965395813083,0.965395813083,0.0,True,1,2.0,0.968
3k57 DOC 913 P,DOC,DOC,0.926996210159,0.926996210159,0.0,True,1,2.09999990463,0.975
3k4v DMS 902 A,SO4,DMS,0.397909063618,0.0905656535648,0.307343410053,False,3,1.39999997616,0.94
3k4v DMS 901 C,SO4,DMS,0.34765477257,0.169849640584,0.177805131986,False,2,1.39999997616,0.932
3k4v DMS 901 A,DMS,DMS,0.289016838089,0.289016838089,0.0,True,1,1.39999997616,0.893
3k4q NAG 1353 B,NAG,NAG,0.226945933008,0.226945933008,0.0,True,1,2.20000004768,0.975
3k4q NAG 1353 A,NAG,NAG,0.930096849403,0.930096849403,0.0,True,1,2.20000004768,0.959
3k4q NAG 1316 B,NAG,NAG,0.951763463201,0.951763463201,0.0,True,1,2.20000004768,0.898
3k4q NAG 1316 A,NAG,NAG,0.95532074125,0.95532074125,0.0,True,1,2.20000004768,0.905
3k4q NAG 1184 B,NAG,NAG,0.40430466042,0.40430466042,0.0,True,1,2.20000004768,0.871
3k4q NAG 1184 A,NAG,NAG,0.972297123789,0.972297123789,0.0,True,1,2.20000004768,0.92
3k4q NAG 1082 B,CSO,NAG,0.383746721988,0.34368406006,0.0400626619276,False,2,2.20000004768,0.936
3k4q NAG 1082 A,NAG,NAG,0.808392328324,0.808392328324,0.0,True,1,2.20000004768,0.952
3k4p NAG 1003 B,ADP,NAG,0.205295168888,0.030121348937,0.175173819951,False,4,2.40000009537,0.967
3k4p NAG 1003 A,NAG,NAG,0.928211498996,0.928211498996,0.0,True,1,2.40000009537,0.917
3k4p NAG 1002 B,NAG,NAG,0.978592205531,0.978592205531,0.0,True,1,2.40000009537,0.879
3k4p NAG 1002 A,NAG,NAG,0.989758638608,0.989758638608,0.0,True,1,2.40000009537,0.877
3k4p NAG 1001 B,NAG,NAG,0.483598662017,0.483598662017,0.0,True,1,2.40000009537,0.891
3k4p NAG 1001 A,NAG,NAG,0.614212373077,0.614212373077,0.0,True,1,2.40000009537,0.951
3k4m MES 902 F,MES,MES,0.781870589273,0.781870589273,0.0,True,1,2.20000004768,0.958
3k4m MES 902 C,DMS,MES,0.204028728239,0.0890442985201,0.114984429718,False,4,2.20000004768,0.76
3k4m MES 902 A,SO4,MES,0.871653199483,0.000654508095368,0.870998691387,False,8,2.20000004768,0.939
3k4m MES 624 H,SO4,MES,0.741176612479,0.0192191024715,0.721957510008,False,5,2.20000004768,0.883
3k4l MES 903 B,SO4,MES,0.654056491664,0.0598100262732,0.594246465391,False,3,1.79999995232,0.977
3k4j MES 901 A,MES,MES,0.725839605998,0.725839605998,0.0,True,1,2.0,0.978
3k4g MLY 304 H,MLY,MLY,0.823278285818,0.823278285818,0.0,True,1,2.09999990463,0.95
3k4g MLY 304 G,MLY,MLY,0.928235887832,0.928235887832,0.0,True,1,2.09999990463,0.924
3k4g MLY 304 F,MLY,MLY,0.287817304869,0.287817304869,0.0,True,1,2.09999990463,0.927
3k4g MLY 304 E,MLY,MLY,0.899854562323,0.899854562323,0.0,True,1,2.09999990463,0.936
3k4g MLY 304 D,MLY,MLY,0.570313930257,0.570313930257,0.0,True,1,2.09999990463,0.959
3k4g MLY 304 C,MLY,MLY,0.287700318084,0.287700318084,0.0,True,1,2.09999990463,0.909
3k4g MLY 304 B,MLY,MLY,0.967751344375,0.967751344375,0.0,True,1,2.09999990463,0.955
3k4g MLY 304 A,MLY,MLY,0.949677544304,0.949677544304,0.0,True,1,2.09999990463,0.936
3k4g MLY 298 G,GOL,MLY,0.654210439853,0.00805563773758,0.646154802116,False,8,2.09999990463,0.901
3k4g MLY 298 F,FMT,MLY,0.329043878472,0.00697530637518,0.322068572097,False,13,2.09999990463,0.952
3k4g MLY 298 E,GOL,MLY,0.65367210274,0.0098836997689,0.643788402971,False,7,2.09999990463,0.865
3k4g MLY 298 C,MLY,MLY,0.306600219764,0.306600219764,0.0,True,1,2.09999990463,0.926
3k4g MLY 298 B,SO4,MLY,0.191527448638,0.0854058626329,0.106121586005,False,2,2.09999990463,0.913
3k4g MLY 298 A,ACE,MLY,0.955691226721,0.00150270735794,0.954188519363,False,5,2.09999990463,0.91
3k4g MLY 297 D,ACT,MLY,0.0953867025699,0.0140834261757,0.0813032763942,False,12,2.09999990463,0.912
3k4g MLY 297 A,GOL,MLY,0.438398285963,0.014385028464,0.424013257499,False,6,2.09999990463,0.866
3k4g MLY 291 H,MLY,MLY,0.862053720171,0.862053720171,0.0,True,1,2.09999990463,0.917
3k4g MLY 291 F,MLY,MLY,0.863057322902,0.863057322902,0.0,True,1,2.09999990463,0.864
3k4g MLY 291 D,MLY,MLY,0.954400910833,0.954400910833,0.0,True,1,2.09999990463,0.88
3k4g MLY 291 B,MLY,MLY,0.886227014156,0.886227014156,0.0,True,1,2.09999990463,0.918
3k4g MLY 271 H,MLY,MLY,0.836186929975,0.836186929975,0.0,True,1,2.09999990463,0.952
3k4g MLY 271 G,MLY,MLY,0.712837147627,0.712837147627,0.0,True,1,2.09999990463,0.949
3k4g MLY 271 F,ACE,MLY,0.502908566313,0.469609394321,0.0332991719919,False,2,2.09999990463,0.941
3k4g MLY 271 E,MLY,MLY,0.937648085156,0.937648085156,0.0,True,1,2.09999990463,0.959
3k4g MLY 271 D,MLY,MLY,0.940444594531,0.940444594531,0.0,True,1,2.09999990463,0.941
3k4g MLY 271 C,MLY,MLY,0.623755262619,0.623755262619,0.0,True,1,2.09999990463,0.951
3k4g MLY 271 B,MLY,MLY,0.909895592249,0.909895592249,0.0,True,1,2.09999990463,0.891
3k4g MLY 271 A,MLY,MLY,0.809073575959,0.809073575959,0.0,True,1,2.09999990463,0.901
3k4g MLY 246 H,MLY,MLY,0.667755323387,0.667755323387,0.0,True,1,2.09999990463,0.939
3k4g MLY 246 G,PO4,MLY,0.11882340595,0.09772644828,0.0210969576704,False,2,2.09999990463,0.873
3k4g MLY 246 F,MLY,MLY,0.866053304841,0.866053304841,0.0,True,1,2.09999990463,0.899
3k4g MLY 246 E,MLY,MLY,0.857067416241,0.857067416241,0.0,True,1,2.09999990463,0.925
3k4g MLY 246 D,MLY,MLY,0.815503467888,0.815503467888,0.0,True,1,2.09999990463,0.932
3k4g MLY 246 C,SO4,MLY,0.304980985609,0.222901380543,0.0820796050668,False,2,2.09999990463,0.884
3k4g MLY 246 B,MLY,MLY,0.802445227392,0.802445227392,0.0,True,1,2.09999990463,0.916
3k4c MES 901 C,SO4,MES,0.474062665106,0.0219218845077,0.452140780599,False,4,1.70000004768,0.946
3k4c MES 901 B,SO4,MES,0.554666049287,0.00406464049041,0.550601408797,False,11,1.70000004768,0.975
3k43 NAG 4001 B,NAG,NAG,0.988408709533,0.988408709533,0.0,True,1,2.0,0.854
3k43 IMD 5000 B,SO4,IMD,0.745793851704,0.000812699435373,0.744981152269,False,27,2.0,0.831
3k42 NAG 4001 B,NAG,NAG,0.993239262398,0.993239262398,0.0,True,1,2.29999995232,0.893
3k42 NAG 3001 A,NAG,NAG,0.992249275962,0.992249275962,0.0,True,1,2.29999995232,0.813
3k41 NAG 2299 B,NAG,NAG,0.946116255102,0.946116255102,0.0,True,1,1.89999997616,0.852
3k41 NAG 1300 A,BMA,NAG,0.200893741923,0.17776103405,0.0231327078724,False,2,1.89999997616,0.78
3k41 NAG 1299 A,NAG,NAG,0.982978578963,0.982978578963,0.0,True,1,1.89999997616,0.825
3k40 LLP 302 B,LLP,LLP,0.987766205808,0.987766205808,0.0,True,1,1.79999995232,0.961
3k40 LLP 302 A,LLP,LLP,0.997540547884,0.997540547884,0.0,True,1,1.79999995232,0.973
3k40 GOL 476 A,GOL,GOL,0.420124915079,0.420124915079,0.0,True,1,1.79999995232,0.715
3k3s MLA 85 D,GOL,MLA,0.493196920375,0.000819809135998,0.492377111239,False,27,2.09999990463,0.906
3k3s MLA 85 A,GOL,MLA,0.914627394339,0.000273548011331,0.914353846327,False,16,2.09999990463,0.928
3k3s ACT 86 H,EDO,ACT,0.599341496882,0.0125894645547,0.586752032327,False,5,2.09999990463,0.886
3k3s ACT 86 G,EDO,ACT,0.358878808353,0.0134237866187,0.345455021734,False,5,2.09999990463,0.882
3k3s ACT 85 F,GOL,ACT,0.492470059627,0.0211711526518,0.471298906976,False,3,2.09999990463,0.963
3k3s ACT 85 E,GOL,ACT,0.380449435768,0.161193949981,0.219255485787,False,2,2.09999990463,0.967
3k3s ACT 85 C,EDO,ACT,0.386866132334,0.16145618415,0.225409948184,False,2,2.09999990463,0.955
3k3s ACT 85 B,GOL,ACT,0.401482315853,0.00804235298742,0.393439962866,False,7,2.09999990463,0.886
3k3l GOL 3731 C,GOL,GOL,0.395148817155,0.395148817155,0.0,True,1,2.59999990463,0.906
3k3l GOL 3731 A,GOL,GOL,0.510730912542,0.510730912542,0.0,True,1,2.59999990463,0.906
3k3l GOL 182 C,SO4,GOL,0.694769422771,0.115483369649,0.579286053122,False,2,2.59999990463,0.908
3k3l GOL 180 C,SO4,GOL,0.552075991238,0.133292488289,0.418783502949,False,2,2.59999990463,0.918
3k3l GOL 180 A,EDO,GOL,0.524745976272,0.197842143825,0.326903832448,False,2,2.59999990463,0.801
3k3c GOL 161 A,1PE,GOL,0.117200932328,0.113240531711,0.0039604006175,False,2,1.60000002384,0.872
3k3c GOL 160 B,GOL,GOL,0.347667478784,0.347667478784,0.0,True,1,1.60000002384,0.814
3k3c GOL 159 A,GOL,GOL,0.566435019071,0.566435019071,0.0,True,1,1.60000002384,0.973
3k39 NAG 900 O,NAG,NAG,0.974012773952,0.974012773952,0.0,True,1,2.29999995232,0.782
3k39 NAG 900 L,GOL,NAG,0.230273379082,0.00505715283534,0.225216226247,False,25,2.29999995232,0.892
3k38 NAG 900 O,NAG,NAG,0.898489052802,0.898489052802,0.0,True,1,2.20000004768,0.843
3k38 NAG 900 M,NAG,NAG,0.974305024,0.974305024,0.0,True,1,2.20000004768,0.887
3k38 NAG 900 L,NAG,NAG,0.995272457531,0.995272457531,0.0,True,1,2.20000004768,0.857
3k38 NAG 900 J,NAG,NAG,0.977440947569,0.977440947569,0.0,True,1,2.20000004768,0.886
3k38 NAG 900 H,GOL,NAG,0.39626925041,0.00997107174307,0.386298178667,False,10,2.20000004768,0.871
3k38 NAG 900 G,NAG,NAG,0.891010304711,0.891010304711,0.0,True,1,2.20000004768,0.879
3k38 NAG 900 E,NAG,NAG,0.888047907685,0.888047907685,0.0,True,1,2.20000004768,0.862
3k38 NAG 900 C,NAG,NAG,0.982190422319,0.982190422319,0.0,True,1,2.20000004768,0.876
3k38 NAG 900 A,NAG,NAG,0.993455566989,0.993455566989,0.0,True,1,2.20000004768,0.891
3k37 NAG 1 B,1PE,NAG,0.168266520967,0.0894278372321,0.0788386837353,False,3,2.0,0.926
3k37 NAG 1 A,GOL,NAG,0.316724882135,0.0694747360698,0.247250146065,False,3,2.0,0.929
3k33 ACT 201 D,GOL,ACT,0.637253816672,0.0426811901086,0.594572626563,False,4,2.40000009537,0.909
3k32 GOL 201 F,SO4,GOL,0.449547205181,0.365292718152,0.0842544870286,False,2,2.5,0.918
3k32 GOL 201 E,SO4,GOL,0.401273526544,0.133284275828,0.267989250716,False,2,2.5,0.915
3k32 GOL 201 C,GOL,GOL,0.510065342676,0.510065342676,0.0,True,1,2.5,0.967
3k32 GOL 201 B,EDO,GOL,0.301015496233,0.109033625558,0.191981870674,False,3,2.5,0.959
3k31 GOL 301 A,GOL,GOL,0.963668936956,0.963668936956,0.0,True,1,1.79999995232,0.956
3k2w GOL 499 B,GOL,GOL,0.731889563884,0.731889563884,0.0,True,1,1.89999997616,0.875
3k2w GOL 498 G,GOL,GOL,0.430416279742,0.430416279742,0.0,True,1,1.89999997616,0.962
3k2w GOL 498 D,SO4,GOL,0.412939525345,0.146214351475,0.266725173871,False,2,1.89999997616,0.938
3k2w GOL 497 G,GOL,GOL,0.939332748248,0.939332748248,0.0,True,1,1.89999997616,0.957
3k2w GOL 497 E,GOL,GOL,0.709938593969,0.709938593969,0.0,True,1,1.89999997616,0.944
3k2w GOL 497 D,GOL,GOL,0.681674452921,0.681674452921,0.0,True,1,1.89999997616,0.979
3k2w GOL 497 B,GOL,GOL,0.881217212751,0.881217212751,0.0,True,1,1.89999997616,0.966
3k2w GOL 496 G,GOL,GOL,0.630383946432,0.630383946432,0.0,True,1,1.89999997616,0.923
3k2w GOL 496 F,GOL,GOL,0.543534565314,0.543534565314,0.0,True,1,1.89999997616,0.979
3k2w GOL 496 E,GOL,GOL,0.803679018158,0.803679018158,0.0,True,1,1.89999997616,0.958
3k2w GOL 496 D,GOL,GOL,0.615836248672,0.615836248672,0.0,True,1,1.89999997616,0.966
3k2w GOL 496 B,GOL,GOL,0.47621748025,0.47621748025,0.0,True,1,1.89999997616,0.938
3k2w GOL 496 A,GOL,GOL,0.548358311823,0.548358311823,0.0,True,1,1.89999997616,0.939
3k2w ACT 500 F,EDO,ACT,0.553437231378,0.206977197085,0.346460034293,False,2,1.89999997616,0.935
3k2w ACT 500 D,SO4,ACT,0.509744631812,0.0770062781169,0.432738353696,False,4,1.89999997616,0.95
3k2w ACT 499 E,SO4,ACT,0.407614339381,0.0902700122242,0.317344327157,False,3,1.89999997616,0.935
3k2w ACT 499 C,GOL,ACT,0.580476357868,0.0117270145942,0.568749343273,False,5,1.89999997616,0.86
3k2w ACT 498 C,SO4,ACT,0.482320762981,0.0649763024877,0.417344460493,False,4,1.89999997616,0.977
3k2w ACT 498 B,EDO,ACT,0.273103581608,0.154509810591,0.118593771017,False,3,1.89999997616,0.732
3k2u NAG 741 A,NAG,NAG,0.908371093971,0.908371093971,0.0,True,1,2.40000009537,0.782
3k2o GOL 341 A,GOL,GOL,0.396355827016,0.396355827016,0.0,True,1,1.79999995232,0.806
3k2o ACT 345 B,EDO,ACT,0.707687685242,0.0183126450579,0.689375040184,False,5,1.79999995232,0.875
3k2o ACT 340 A,ACT,ACT,0.562141475743,0.562141475743,0.0,True,1,1.79999995232,0.958
3k2l SEP 385 A,NAG,SEP,0.545183815224,0.000743088941981,0.544440726282,False,100,2.40000009537,0.827
3k2l SEP 369 A,CIT,SEP,0.207072281302,0.00240195838012,0.204670322922,False,60,2.40000009537,0.666
3k2l SEP 159 A,HYP,SEP,0.268172364117,0.00759167478332,0.260580689333,False,14,2.40000009537,0.771
3k2k GOL 389 A,SO4,GOL,0.591293998499,0.231522584977,0.359771413522,False,2,2.5,0.965
3k2e GOL 301 B,EDO,GOL,0.497488128837,0.0130778933096,0.484410235528,False,8,1.89999997616,0.789
3k2e GOL 300 B,EDO,GOL,0.919112169467,0.0568511911459,0.862260978321,False,2,1.89999997616,0.882
3k2a ACT 510 A,DMS,ACT,0.50780849053,0.180161625154,0.327646865376,False,2,1.89999997616,0.902
3k27 M3L 9 B,MLY,M3L,0.626948648517,0.166415078542,0.460533569975,False,2,1.79999995232,0.942
3k24 NAG 221 A,NAG,NAG,0.995290482354,0.995290482354,0.0,True,1,2.5,0.818
3k1z GOL 3 A,EDO,GOL,0.579728260238,0.296379175461,0.283349084777,False,2,1.5,0.836
3k1w FMT 343 A,EDO,FMT,0.52965357987,0.0581853373103,0.47146824256,False,4,1.5,0.929
3k1t GOL 446 A,EDO,GOL,0.581429704337,0.203641014481,0.377788689856,False,2,1.89999997616,0.886
3k1t GOL 444 A,EDO,GOL,0.594381169131,0.280004291734,0.314376877397,False,2,1.89999997616,0.856
3k1t GOL 443 A,SO4,GOL,0.929489674906,0.0041814838657,0.92530819104,False,4,1.89999997616,0.881
3k1t GOL 441 A,SO4,GOL,0.410444561299,0.131713140946,0.278731420353,False,2,1.89999997616,0.822
3k1t GOL 440 A,GOL,GOL,0.697024934671,0.697024934671,0.0,True,1,1.89999997616,0.948
3k1t GOL 439 A,EDO,GOL,0.669332264589,0.0638783294204,0.605453935168,False,3,1.89999997616,0.908
3k1t GOL 438 A,GOL,GOL,0.575235887523,0.575235887523,0.0,True,1,1.89999997616,0.912
3k1n IMD 313 B,PCA,IMD,0.156298575015,0.00577617183899,0.150522403176,False,20,3.0,0.98
3k1m IMD 313 B,ACT,IMD,0.262470049044,0.00476633366046,0.257703715384,False,10,2.29999995232,0.957
3k1m IMD 313 A,DMS,IMD,0.45603947364,0.0525633619008,0.40347611174,False,5,2.29999995232,0.964
3k1m GOL 315 B,GOL,GOL,0.469120702194,0.469120702194,0.0,True,1,2.29999995232,0.906
3k1m GOL 315 A,SO4,GOL,0.28684481939,0.0438957896785,0.242949029711,False,3,2.29999995232,0.936
3k14 ACT 165 C,FMT,ACT,0.350850136474,0.274033468188,0.076816668286,False,2,1.70000004768,0.662
3k14 535 164 B,ACT_ZN,ZN,0.662014156122,0.285156594934,0.376857561189,False,2,1.70000004768,0.675
3k14 535 164 A,ACT_ZN,ZN,0.628946298144,0.312955619444,0.3159906787,False,2,1.70000004768,0.778
3k13 GOL 646 B,GOL,GOL,0.475227912702,0.475227912702,0.0,True,1,2.0,0.834
3k13 GOL 643 A,GOL,GOL,0.807124683098,0.807124683098,0.0,True,1,2.0,0.902
3k13 GOL 642 C,GOL,GOL,0.753286072493,0.753286072493,0.0,True,1,2.0,0.901
3k13 GOL 642 B,GOL,GOL,0.699868992169,0.699868992169,0.0,True,1,2.0,0.878
3k13 GOL 1 C,MPD,GOL,0.636689979887,0.102877448698,0.533812531189,False,2,2.0,0.932
3k13 GOL 1 B,GOL,GOL,0.207524046421,0.207524046421,0.0,True,1,2.0,0.85
3k13 GOL 1 A,SO4,GOL,0.275131241719,0.274794122213,0.000337119506429,False,2,2.0,0.799
3k12 GOL 1 E,EDO,GOL,0.26737087061,0.0804295079103,0.1869413627,False,4,1.5,0.663
3k0v NAG 8 A,NAG,NAG,0.984488864485,0.984488864485,0.0,True,1,1.89999997616,0.935
3k0f SEP 431 E,SO4,SEP,0.263674156559,0.118447811484,0.145226345075,False,2,3.0,0.827
3k0f SEP 431 D,SO4,SEP,0.679100657201,0.019453281311,0.65964737589,False,5,3.0,0.611
3k0f SEP 431 C,SO4,SEP,0.349936218155,0.00557149647182,0.344364721683,False,10,3.0,0.732
3k0f SEP 431 B,SO4,SEP,0.490153577472,0.0022747080396,0.487878869432,False,29,3.0,0.66
3k0e TPO 432 F,GOL,TPO,0.148793192925,0.00334179167129,0.145451401253,False,54,3.20000004768,0.924
3k0e TPO 432 C,NAG,TPO,0.271650966895,0.00164508278453,0.270005884111,False,103,3.20000004768,0.942
3k0e SEP 431 E,NAG,SEP,0.66772505364,0.00730158298653,0.660423470653,False,8,3.20000004768,0.883
3k0e SEP 431 A,SO4,SEP,0.174528854577,0.0456834035711,0.128845451006,False,4,3.20000004768,0.662
3k0c TPO 426 A,MLY,TPO,0.317693951899,0.0529752115698,0.264718740329,False,3,3.29999995232,0.835
3k0b GOL 701 A,SO4,GOL,0.527147963866,0.00460479948784,0.522543164378,False,7,1.5,0.825
3k09 TPO 432 E,MLY,TPO,0.184250536605,0.0132766490945,0.17097388751,False,11,3.20000004768,0.94
3k09 TPO 432 B,MLY,TPO,0.758923629271,0.00247298993643,0.756450639334,False,12,3.20000004768,0.771
3k09 TPO 432 A,SO4,TPO,0.272985805525,0.00371902556035,0.269266779964,False,18,3.20000004768,0.843
3k05 SEP 139 D,TPO,SEP,0.53804069589,0.16333756123,0.374703134661,False,2,1.29999995232,0.98
3k05 SEP 139 C,SEP,SEP,0.428231430398,0.428231430398,0.0,True,1,1.29999995232,0.979
3k05 GOL 2091 B,GOL,GOL,0.887081438845,0.887081438845,0.0,True,1,1.29999995232,0.896
3k05 GOL 2090 B,GOL,GOL,0.935148561709,0.935148561709,0.0,True,1,1.29999995232,0.826
3k05 GOL 1 B,GOL,GOL,0.960407787832,0.960407787832,0.0,True,1,1.29999995232,0.917
3k05 GOL 1 A,GOL,GOL,0.942234803685,0.942234803685,0.0,True,1,1.29999995232,0.941
3jzm SEP 431 F,SO4,SEP,0.294280450655,0.176768631397,0.117511819258,False,2,2.79999995232,0.857
3jzm SEP 431 E,CME,SEP,0.0989135818584,0.077740054078,0.0211735277805,False,3,2.79999995232,0.831
3jzm SEP 431 D,SO4,SEP,0.264091777973,0.00480433848558,0.259287439487,False,16,2.79999995232,0.837
3jzm SEP 431 C,SO4,SEP,0.368635800523,0.00401643494505,0.364619365578,False,22,2.79999995232,0.74
3jzm SEP 431 B,GOL,SEP,0.346426714061,0.0358017435281,0.310624970533,False,4,2.79999995232,0.848
3jzm SEP 431 A,SO4,SEP,0.316859360267,0.0569596478253,0.259899712442,False,3,2.79999995232,0.889
3jzl LLP 226 B,LLP,LLP,0.995026399388,0.995026399388,0.0,True,1,1.89999997616,0.947
3jzl LLP 226 A,LLP,LLP,0.964320283613,0.964320283613,0.0,True,1,1.89999997616,0.935
3jzl GOL 409 B,GOL,GOL,0.385515345207,0.385515345207,0.0,True,1,1.89999997616,0.837
3jzl GOL 409 A,GOL,GOL,0.673317331863,0.673317331863,0.0,True,1,1.89999997616,0.935
3jzh M3L 79 B,FME,M3L,0.451134902751,0.00125166868832,0.449883234063,False,39,2.0,0.933
3jzg M3L 27 B,ALY,M3L,0.209009168047,0.0900330457204,0.118976122327,False,5,2.09999990463,0.918
3jze PG4 422 D,PEG,PG4,0.234271856989,0.039342971591,0.194928885398,False,6,1.79999995232,0.782
3jze PG4 419 B,PG4,PG4,0.609106933683,0.609106933683,0.0,True,1,1.79999995232,0.87
3jzd PG4 363 A,PG4,PG4,0.402355698627,0.402355698627,0.0,True,1,2.09999990463,0.762
3jzd PG4 360 B,1PE,PG4,0.387430819517,0.165994264581,0.221436554936,False,3,2.09999990463,0.828
3jz7 IPA 2 A,DMS,IPA,0.638281592782,0.00195698742706,0.636324605355,False,14,2.20000004768,0.889
3jz6 GOL 370 B,GOL,GOL,0.959022111473,0.959022111473,0.0,True,1,1.89999997616,0.813
3jz6 GOL 370 A,GOL,GOL,0.623456034721,0.623456034721,0.0,True,1,1.89999997616,0.825
3jz2 GOL 404 B,SO4,GOL,0.19925872623,0.196066116666,0.00319260956373,False,2,2.40000009537,0.734
3jz2 GOL 403 B,GOL,GOL,0.442849837312,0.442849837312,0.0,True,1,2.40000009537,0.759
3jz2 GOL 402 B,EDO,GOL,0.436092988004,0.288447018414,0.14764596959,False,2,2.40000009537,0.86
3jz1 NAG 301 B,NAG,NAG,0.997437145229,0.997437145229,0.0,True,1,1.5,0.617
3jz1 GOL 405 B,GOL,GOL,0.610055718588,0.610055718588,0.0,True,1,1.5,0.915
3jyi EPE 3380 B,SO4,EPE,0.629687128078,0.00397141558302,0.625715712495,False,9,2.70000004768,0.966
3jyi EPE 3380 A,SEP,EPE,0.282681274347,0.137744183619,0.144937090728,False,2,2.70000004768,0.946
3jyh NAG 496 C,NAG_NAG,NAG_NAG,0.882098125462,0.882098125462,0.0,True,1,2.20000004768,0.94
3jyh NAG 496 A,NAG_NAG,NAG_NAG,0.776687295666,0.776687295666,0.0,True,1,2.20000004768,0.965
3jyh NAG 495 D,NAG_NAG,NAG_NAG,0.770339665719,0.770339665719,0.0,True,1,2.20000004768,0.904
3jyh NAG 495 C,NAG,NAG,0.989997754369,0.989997754369,0.0,True,1,2.20000004768,0.926
3jyh NAG 495 B,NAG_NAG,NAG_NAG,0.868284297394,0.868284297394,0.0,True,1,2.20000004768,0.976
3jyh NAG 495 A,NAG,NAG,0.932908975909,0.932908975909,0.0,True,1,2.20000004768,0.94
3jyh NAG 494 C,NAG,NAG,0.956743628313,0.956743628313,0.0,True,1,2.20000004768,0.922
3jyh NAG 493 D,NAG_NAG,NAG_NAG,0.807101938473,0.807101938473,0.0,True,1,2.20000004768,0.959
3jyh NAG 1 D,NAG,NAG,0.929318824221,0.929318824221,0.0,True,1,2.20000004768,0.875
3jyh NAG 1 B,NAG,NAG,0.992477658014,0.992477658014,0.0,True,1,2.20000004768,0.788
3jyh NAG 1 A,NAG,NAG,0.990537576819,0.990537576819,0.0,True,1,2.20000004768,0.891
3jyf GOL 351 A,SO4,GOL,0.748689786099,0.0756579526811,0.673031833418,False,2,2.40000009537,0.721
3jyf GOL 343 A,GOL,GOL,0.364134504765,0.364134504765,0.0,True,1,2.40000009537,0.86
3jy9 PTR 1007 A,PTR_PTR,PTR_PTR,0.815963308783,0.815963308783,0.0,True,1,2.09999990463,0.873
3jxt ACT 1 A,ACT,ACT,0.382507422083,0.382507422083,0.0,True,1,1.5,0.939
3jxs ACT 401 B,EDO,ACT,0.202987041931,0.0875292355747,0.115457806356,False,4,1.60000002384,0.913
3jxa NAG 7 B,NAG,NAG,0.9025040873,0.9025040873,0.0,True,1,2.40000009537,0.95
3jxa NAG 5 B,NAG,NAG,0.719020465576,0.719020465576,0.0,True,1,2.40000009537,0.867
3jxa NAG 3 A,CIT,NAG,0.30763350203,0.0846488624263,0.222984639603,False,4,2.40000009537,0.926
3jxa NAG 1 A,NAG,NAG,0.867186603389,0.867186603389,0.0,True,1,2.40000009537,0.881
3jx9 GOL 171 A,GOL,GOL,0.709470281828,0.709470281828,0.0,True,1,2.0,0.911
3jx8 GOL 275 B,EDO,GOL,0.305345987108,0.0965392696845,0.208806717423,False,4,2.20000004768,0.893
3jx8 GOL 273 C,GOL,GOL,0.515227994026,0.515227994026,0.0,True,1,2.20000004768,0.803
3jx8 GOL 273 B,GOL,GOL,0.591569137889,0.591569137889,0.0,True,1,2.20000004768,0.903
3jx8 GOL 273 A,FMT,GOL,0.417897297178,0.0371577427949,0.380739554383,False,5,2.20000004768,0.833
3jx8 GOL 272 F,SO4,GOL,0.182455133039,0.171011331881,0.0114438011585,False,2,2.20000004768,0.913
3jx8 GOL 272 E,EDO,GOL,0.539017169511,0.071423484855,0.467593684656,False,3,2.20000004768,0.854
3jx8 GOL 272 C,SO4,GOL,0.161909670329,0.142274521625,0.0196351487035,False,2,2.20000004768,0.837
3jx8 GOL 272 B,SO4,GOL,0.615033000122,0.147624853001,0.467408147121,False,2,2.20000004768,0.889
3jx8 GOL 272 A,GOL,GOL,0.522458980595,0.522458980595,0.0,True,1,2.20000004768,0.706
3jx8 GOL 271 E,GOL,GOL,0.426160719482,0.426160719482,0.0,True,1,2.20000004768,0.902
3jx8 GOL 271 D,GOL,GOL,0.587833875058,0.587833875058,0.0,True,1,2.20000004768,0.901
3jx8 GOL 271 C,SO4,GOL,0.321610237622,0.146897301087,0.174712936535,False,2,2.20000004768,0.781
3jx8 GOL 271 A,EDO,GOL,0.408031289204,0.310768036103,0.0972632531015,False,2,2.20000004768,0.851
3jx8 GOL 270 F,GOL,GOL,0.404735056034,0.404735056034,0.0,True,1,2.20000004768,0.905
3jx8 GOL 270 E,SO4,GOL,0.286193941431,0.160275520879,0.125918420552,False,2,2.20000004768,0.919
3jx8 GOL 270 D,GOL,GOL,0.827575101802,0.827575101802,0.0,True,1,2.20000004768,0.921
3jx8 GOL 270 C,GOL,GOL,0.51233539685,0.51233539685,0.0,True,1,2.20000004768,0.88
3jx8 GOL 270 A,GOL,GOL,0.325162066773,0.325162066773,0.0,True,1,2.20000004768,0.855
3jx6 ACT 861 B,SO4,ACT,0.515664282313,0.0423952681201,0.473269014193,False,3,2.40000009537,0.937
3jx5 ACT 860 B,GOL,ACT,0.220975482213,0.147809944752,0.0731655374606,False,4,2.20000004768,0.939
3jx4 ACT 860 B,GOL,ACT,0.274683826381,0.0725262953171,0.202157531064,False,4,2.29999995232,0.897
3jx4 ACT 860 A,ACT,ACT,0.327369283345,0.327369283345,0.0,True,1,2.29999995232,0.955
3jx3 ACT 860 B,SO4,ACT,0.476951866908,0.124603373186,0.352348493722,False,2,2.0,0.868
3jx2 ACT 860 B,GOL,ACT,0.373497418647,0.0110791688522,0.362418249795,False,8,2.09999990463,0.941
3jx2 ACT 860 A,EDO,ACT,0.331293536317,0.164782173987,0.166511362329,False,2,2.09999990463,0.953
3jx1 ACT 860 B,SO4,ACT,0.462848761529,0.314721352186,0.148127409343,False,2,2.0,0.93
3jx0 GOL 880 B,GOL,GOL,0.348138128729,0.348138128729,0.0,True,1,2.20000004768,0.889
3jx0 GOL 880 A,SO4,GOL,0.357725477355,0.134772310715,0.222953166641,False,3,2.20000004768,0.814
3jx0 ACT 860 B,GOL,ACT,0.548350010837,0.0504669951477,0.49788301569,False,4,2.20000004768,0.969
3jx0 ACT 860 A,ACT,ACT,0.414068816098,0.414068816098,0.0,True,1,2.20000004768,0.975
3jwz HEM 500 A,H4B_HEM,H4B_HEM,0.971480837338,0.971480837338,0.0,True,1,2.40000009537,0.982
3jwz GOL 880 A,SO4,GOL,0.816585582456,0.040407028438,0.776178554018,False,2,2.40000009537,0.94
3jwz ACT 860 B,SO4,ACT,0.297465416931,0.227363529969,0.0701018869622,False,2,2.40000009537,0.959
3jwz ACT 860 A,EDO,ACT,0.35034394968,0.0487196681562,0.301624281524,False,4,2.40000009537,0.976
3jwy GOL 880 B,GOL,GOL,0.575001648028,0.575001648028,0.0,True,1,2.20000004768,0.969
3jwy GOL 880 A,SO4,GOL,0.687099140617,0.0570356159534,0.630063524664,False,3,2.20000004768,0.922
3jwy ACT 860 B,GOL,ACT,0.274127420724,0.0642382660696,0.209889154654,False,4,2.20000004768,0.974
3jwy ACT 860 A,SO4,ACT,0.36934374997,0.0367081138919,0.332635636078,False,4,2.20000004768,0.955
3jwx GOL 880 B,GOL,GOL,0.307495074884,0.307495074884,0.0,True,1,2.0,0.941
3jwx GOL 880 A,GOL,GOL,0.594526481777,0.594526481777,0.0,True,1,2.0,0.904
3jwx ACT 860 B,ACT,ACT,0.337537416195,0.337537416195,0.0,True,1,2.0,0.947
3jwx ACT 860 A,ACT,ACT,0.376323207982,0.376323207982,0.0,True,1,2.0,0.965
3jww GOL 880 B,EDO,GOL,0.258669293208,0.0826365021654,0.176032791043,False,5,2.20000004768,0.946
3jww GOL 880 A,SO4,GOL,0.580937194397,0.0575401772085,0.523397017189,False,4,2.20000004768,0.924
3jww ACT 860 A,EDO,ACT,0.485813476488,0.095303293728,0.390510182761,False,2,2.20000004768,0.788
3jwv ACT 860 A,EDO,ACT,0.443999430243,0.237814554634,0.206184875609,False,2,2.0,0.937
3jwu ACT 860 B,SO4,ACT,0.421551259333,0.0775704552314,0.343980804101,False,3,1.89999997616,0.981
3jwu ACT 860 A,SO4,ACT,0.209001308065,0.155233908081,0.0537673999841,False,3,1.89999997616,0.949
3jwt ACT 860 B,SO4,ACT,0.316873763873,0.113868733518,0.203005030355,False,4,2.0,0.956
3jwt ACT 860 A,ACT,ACT,0.491680934315,0.491680934315,0.0,True,1,2.0,0.986
3jws ACT 861 B,EDO,ACT,0.268889823251,0.219308417693,0.0495814055575,False,2,2.0,0.959
3jws ACT 860 A,EDO,ACT,0.328161584291,0.145086268003,0.183075316288,False,2,2.0,0.96
3jwp AMP 266 A,AMP,AMP,0.189155465903,0.189155465903,0.0,True,1,2.70000004768,0.908
3jwo NAG 948 A,NAG,NAG,0.921843705387,0.921843705387,0.0,True,1,3.5,0.773
3jwo NAG 892 A,NAG,NAG,0.603832568527,0.603832568527,0.0,True,1,3.5,0.816
3jwo NAG 886 A,NAG,NAG,0.991278327608,0.991278327608,0.0,True,1,3.5,0.85
3jwo NAG 776 A,NAG,NAG,0.684500744275,0.684500744275,0.0,True,1,3.5,0.838
3jwo NAG 762 A,NAG,NAG,0.27285016972,0.27285016972,0.0,True,1,3.5,0.932
3jwo NAG 734 A,NAG,NAG,0.892159562985,0.892159562985,0.0,True,1,3.5,0.864
3jwo NAG 588 A,NAG,NAG,0.951812031262,0.951812031262,0.0,True,1,3.5,0.797
3jwb LLP 210 A,PLP,LLP,0.353464592355,0.0956584422711,0.257806150084,False,3,1.60000002384,0.973
3jwb CSO 4 A,EDO,CSO,0.216802530791,0.031162408761,0.18564012203,False,5,1.60000002384,0.645
3jwa CSO 4 A,CSO,CSO,0.135888962499,0.135888962499,0.0,True,1,1.5,0.898
3jw9 LLP 210 A,LLP,LLP,0.602997398391,0.602997398391,0.0,True,1,1.79999995232,0.963
3jw7 GOL 357 H,GOL,GOL,0.83000937714,0.83000937714,0.0,True,1,1.79999995232,0.898
3jw7 GOL 357 E,GOL,GOL,0.77501049098,0.77501049098,0.0,True,1,1.79999995232,0.914
3jw7 GOL 357 B,GOL,GOL,0.751025619586,0.751025619586,0.0,True,1,1.79999995232,0.928
3jw7 GOL 357 A,GOL,GOL,0.960643033245,0.960643033245,0.0,True,1,1.79999995232,0.891
3jw4 IMD 146 C,IMD,IMD,0.604217686478,0.604217686478,0.0,True,1,2.09999990463,0.947
3jw4 GOL 147 C,SO4,GOL,0.255883108626,0.0542760108007,0.201607097825,False,6,2.09999990463,0.838
3jvj GOL 1 A,GOL,GOL,0.777335661309,0.777335661309,0.0,True,1,1.60000002384,0.91
3jvh HHV 164 C,ACT_ZN,ZN,0.717264042099,0.270741454111,0.446522587988,False,2,1.70000004768,0.831
3jvh GOL 165 A,GOL,GOL,0.89937671638,0.89937671638,0.0,True,1,1.70000004768,0.776
3jvg NAG 287 A,NAG,NAG,0.934096190732,0.934096190732,0.0,True,1,2.20000004768,0.632
3jvg NAG 286 B,NAG,NAG,0.791936534251,0.791936534251,0.0,True,1,2.20000004768,0.775
3jvg NAG 286 A,GOL,NAG,0.284511164663,0.0381985526173,0.246312612045,False,6,2.20000004768,0.653
3jvg NAG 285 B,NAG,NAG,0.974432317163,0.974432317163,0.0,True,1,2.20000004768,0.636
3jvg NAG 285 A,NAG,NAG,0.634673470094,0.634673470094,0.0,True,1,2.20000004768,0.682
3jvf NAG 305 C,NAG,NAG,0.702958158546,0.702958158546,0.0,True,1,3.29999995232,0.908
3jvf NAG 304 C,SO4,NAG,0.464360812564,0.151178254235,0.313182558329,False,2,3.29999995232,0.847
3jvf NAG 303 C,SO4,NAG,0.643738734562,0.172653320071,0.471085414491,False,2,3.29999995232,0.862
3jvf NAG 301 C,NAG,NAG,0.951374058342,0.951374058342,0.0,True,1,3.29999995232,0.873
3jvf NAG 201 A,NAG,NAG_NAG,0.56875150016,0.370865726684,0.197885773476,False,2,3.29999995232,0.922
3jvf MLY 43 C,SO4,MLY,0.796476575541,0.00252650504634,0.793950070495,False,9,3.29999995232,0.958
3jvd GOL 334 B,SO4,GOL,0.38771166256,0.220878373148,0.166833289412,False,2,2.29999995232,0.831
3jva GOL 356 B,GOL,GOL,0.967813522409,0.967813522409,0.0,True,1,1.70000004768,0.947
3jva GOL 355 B,EDO,GOL,0.392468238995,0.234922600404,0.157545638591,False,2,1.70000004768,0.815
3jva GOL 355 A,GOL,GOL,0.868436627973,0.868436627973,0.0,True,1,1.70000004768,0.902
3juu MES 1 B,EPE,MES,0.309131267113,0.158429553906,0.150701713207,False,2,1.79999995232,0.895
3juu MES 1 A,MES,MES,0.96510404274,0.96510404274,0.0,True,1,1.79999995232,0.951
3juu GOL 296 B,SO4,GOL,0.604552068693,0.0497157046856,0.554836364007,False,3,1.79999995232,0.919
3juu GOL 295 B,GOL,GOL,0.842435873534,0.842435873534,0.0,True,1,1.79999995232,0.974
3juu GOL 295 A,GOL,GOL,0.293432905528,0.293432905528,0.0,True,1,1.79999995232,0.76
3juu GOL 294 A,GOL,GOL,0.920233868146,0.920233868146,0.0,True,1,1.79999995232,0.977
3jui GOL 1 A,TRS,GOL,0.322443775669,0.28678055306,0.0356632226089,False,2,2.0,0.97
3juh GOL 340 A,DMS,GOL,0.352621266619,0.0295736869646,0.323047579655,False,6,1.70000004768,0.906
3juh ANP 339 B,ADP,ANP,0.0687090016729,0.0071443958151,0.0615646058578,False,28,1.70000004768,0.756
3jud NO3 156 A,NO3,NO3,0.811324365251,0.811324365251,0.0,True,1,1.0,0.989
3jud NO3 154 A,NO3,NO3,0.922728827075,0.922728827075,0.0,True,1,1.0,0.988
3juc NO3 155 A,FMT,NO3,0.321599700821,0.027664121768,0.293935579053,False,7,1.20000004768,0.978
3juc NO3 154 A,NO3,NO3,0.946668752214,0.946668752214,0.0,True,1,1.20000004768,0.98
3jub NO3 157 A,NO3,NO3,0.232049916755,0.232049916755,0.0,True,1,1.20000004768,0.992
3jub NO3 155 A,NO3,NO3,0.662588092933,0.662588092933,0.0,True,1,1.20000004768,0.991
3jub NO3 154 A,NO3,NO3,0.878296686691,0.878296686691,0.0,True,1,1.20000004768,0.994
3ju9 GOL 239 A,EDO,GOL,0.361474715719,0.299861290326,0.0616134253932,False,2,2.09999990463,0.9
3ju8 GOL 509 B,GOL,GOL,0.609486409602,0.609486409602,0.0,True,1,1.79999995232,0.795
3ju8 GOL 508 A,EDO,GOL,0.798633944886,0.0490641837101,0.749569761176,False,2,1.79999995232,0.886
3ju8 GOL 489 A,GOL,GOL,0.378155442098,0.378155442098,0.0,True,1,1.79999995232,0.828
3ju7 LLP 190 B,LLP,LLP,0.984346545383,0.984346545383,0.0,True,1,2.20000004768,0.984
3ju7 LLP 190 A,LLP,LLP,0.985387351407,0.985387351407,0.0,True,1,2.20000004768,0.979
3ju7 ACT 381 A,ACT,ACT,0.440984907299,0.440984907299,0.0,True,1,2.20000004768,0.979
3ju7 ACT 380 A,NO3,ACT,0.798915961691,0.0797402999366,0.719175661755,False,2,2.20000004768,0.956
3ju7 ACT 379 B,ACT,ACT,0.709716361148,0.709716361148,0.0,True,1,2.20000004768,0.968
3ju7 ACT 378 B,SO4,ACT,0.743663596914,0.160936309511,0.582727287403,False,2,2.20000004768,0.984
3ju2 GOL 286 A,GOL,GOL,0.591490469733,0.591490469733,0.0,True,1,1.79999995232,0.813
3ju2 GOL 284 A,SO4,GOL,0.319675178524,0.057593741386,0.262081437138,False,4,1.79999995232,0.889
3ju2 GOL 283 A,GOL,GOL,0.756776435098,0.756776435098,0.0,True,1,1.79999995232,0.937
3ju1 GOL 404 A,NAG,GOL,0.467944021276,0.125449449174,0.342494572102,False,2,2.29999995232,0.783
3ju1 FMT 403 B,EDO,FMT,0.531905344748,0.0515142557962,0.480391088951,False,4,2.29999995232,0.889
3ju1 FMT 403 A,ACT,FMT,0.140934608635,0.0713624123382,0.0695721962972,False,5,2.29999995232,0.84
3ju1 FMT 401 B,EDO,FMT,0.516011927972,0.118501337003,0.397510590969,False,2,2.29999995232,0.859
3jtx MES 400 B,GOL,MES,0.450203108954,0.00158088582561,0.448622223128,False,48,1.89999997616,0.717
3jtx MES 400 A,MES,MES,0.479146057868,0.479146057868,0.0,True,1,1.89999997616,0.917
3jtx LLP 244 B,LLP,LLP,0.997054701767,0.997054701767,0.0,True,1,1.89999997616,0.977
3jtx LLP 244 A,LLP,LLP,0.981942251794,0.981942251794,0.0,True,1,1.89999997616,0.971
3jtx GOL 405 B,SO4,GOL,0.593523071294,0.0729511343108,0.520571936983,False,3,1.89999997616,0.864
3jtx GOL 403 B,GOL,GOL,0.770741087332,0.770741087332,0.0,True,1,1.89999997616,0.783
3jtx GOL 402 B,GOL,GOL,0.515046756722,0.515046756722,0.0,True,1,1.89999997616,0.922
3jtx GOL 399 B,GOL,GOL,0.710443010825,0.710443010825,0.0,True,1,1.89999997616,0.862
3jtx GOL 398 A,GOL,GOL,0.477284017863,0.477284017863,0.0,True,1,1.89999997616,0.686
3jtx GOL 397 A,EDO,GOL,0.2829812596,0.125683524188,0.157297735412,False,3,1.89999997616,0.921
3jtx GOL 396 A,EDO,GOL,0.722760189065,0.181011537749,0.541748651315,False,2,1.89999997616,0.82
3jtx ACT 398 B,ACT,ACT,0.222008874571,0.222008874571,0.0,True,1,1.89999997616,0.898
3jtx ACT 397 B,SO4,ACT,0.530785502538,0.135420388719,0.395365113819,False,2,1.89999997616,0.818
3jtr GOL 529 B,PO4,GOL,0.400634267746,0.00665796695989,0.393976300786,False,7,2.5,0.929
3jtq GOL 529 B,GOL,GOL,0.408831058511,0.408831058511,0.0,True,1,2.20000004768,0.871
3jtq GOL 170 A,GOL,GOL,0.624148465562,0.624148465562,0.0,True,1,2.20000004768,0.953
3jtj IMD 302 A,GOL,IMD,0.408149425886,0.00532355535723,0.402825870529,False,12,2.20000004768,0.852
3jtj IMD 301 A,IMD,IMD,0.448599194886,0.448599194886,0.0,True,1,2.20000004768,0.992
3jtf AMP 1 B,AMP,AMP,0.942829448333,0.942829448333,0.0,True,1,2.0,0.964
3jtf AMP 1 A,NAP,AMP,0.256271818452,0.0108903962124,0.245381422239,False,13,2.0,0.921
3jtc NAG 600 B,NAG,NAG,0.990000359069,0.990000359069,0.0,True,1,1.60000002384,0.964
3jta ACT 860 B,SO4,ACT,0.347463005029,0.0908183027574,0.256644702272,False,4,2.20000004768,0.944
3jt9 ACT 860 B,SO4,ACT,0.32403728599,0.105658964572,0.218378321418,False,4,2.09999990463,0.905
3jt8 ACT 860 B,EDO,ACT,0.338181972378,0.108304650254,0.229877322124,False,3,1.89999997616,0.953
3jt7 ACT 860 B,ACT,ACT,0.42040517165,0.42040517165,0.0,True,1,2.09999990463,0.971
3jt7 ACT 860 A,EDO,ACT,0.559989193411,0.262235806807,0.297753386605,False,2,2.09999990463,0.966
3jt6 ACT 860 B,SO4,ACT,0.462165760496,0.0587533521932,0.403412408303,False,4,2.20000004768,0.954
3jt5 ACT 860 B,ACT,ACT,0.692669362836,0.692669362836,0.0,True,1,2.09999990463,0.969
3jt5 ACT 860 A,ACT,ACT,0.485885739246,0.485885739246,0.0,True,1,2.09999990463,0.955
3jt4 ACT 860 B,ACT,ACT,0.639964876114,0.639964876114,0.0,True,1,1.79999995232,0.964
3jt3 ACT 860 B,SO4,ACT,0.624247303336,0.104682734939,0.519564568397,False,2,2.09999990463,0.955
3jt3 ACT 860 A,SO4,ACT,0.530779971888,0.0753737410566,0.455406230832,False,3,2.09999990463,0.968
3jt1 UDP 526 A,AMP,UDP,0.108375718774,0.010775138654,0.0976005801203,False,17,2.29999995232,0.796
3js5 EPE 201 A,EPE,EPE,0.946278494079,0.946278494079,0.0,True,1,1.89999997616,0.977
3jrw SEP 222 A,CAS,SEP,0.469743396515,0.140017882383,0.329725514132,False,2,2.40000009537,0.962
3jrk GOL 324 D,GOL,GOL,0.457213970245,0.457213970245,0.0,True,1,2.0,0.94
3jrk GOL 324 B,GOL,GOL,0.490981009562,0.490981009562,0.0,True,1,2.0,0.801
3jrk GOL 324 A,GOL,GOL,0.429294030633,0.429294030633,0.0,True,1,2.0,0.732
3jrk GOL 323 D,EDO,GOL,0.440300456496,0.422055086134,0.0182453703627,False,2,2.0,0.73
3jr5 GOL 1 A,GOL,GOL,0.930676262892,0.930676262892,0.0,True,1,1.70000004768,0.959
3jr2 GOL 1002 A,GOL,GOL,0.665006658061,0.665006658061,0.0,True,1,1.79999995232,0.886
3jr2 GOL 1001 D,EDO,GOL,0.845780882246,0.135051283569,0.710729598677,False,2,1.79999995232,0.902
3jqm GTP 158 I,NAD,GTP,0.118371393258,0.00102501951887,0.117346373739,False,186,2.5,0.934
3jqm GTP 158 H,ATP,GTP,0.151236828799,0.00624000276004,0.144996826039,False,23,2.5,0.843
3jqm GTP 158 G,NAG,GTP,0.219445430286,0.00108885455343,0.218356575732,False,97,2.5,0.84
3jqm GTP 158 F,ANP,GTP,0.0672576349059,0.00933511270678,0.0579225221991,False,21,2.5,0.96
3jqm GTP 158 E,SEP,GTP,0.085886419674,0.00385550507666,0.0820309145973,False,45,2.5,0.94
3jqm GTP 158 D,FLC,GTP,0.303787461341,0.0014703450672,0.302317116274,False,69,2.5,0.868
3jqm GTP 158 C,CIT,GTP,0.0704298373408,0.00906355632538,0.0613662810154,False,19,2.5,0.923
3jqm GTP 158 B,FLC,GTP,0.309020609295,0.00588388496124,0.303136724334,False,17,2.5,0.887
3jqm GTP 158 A,ATP,GTP,0.0660159304788,0.0123426518224,0.0536732786564,False,17,2.5,0.956
3jqm FLC 159 G,SO4,FLC,0.487937251765,0.000534359680199,0.487402892085,False,123,2.5,0.721
3jqk ACT 159 A,SO4,ACT,0.57331846945,0.0146103367226,0.558708132728,False,5,1.79999995232,0.844
3jqj GOL 342 L,SO4,GOL,0.259235097368,0.249654369083,0.00958072828514,False,2,1.89999997616,0.731
3jqj GOL 341 K,SO4,GOL,0.720027405627,0.093258044987,0.62676936064,False,2,1.89999997616,0.696
3jqj GOL 340 J,SO4,GOL,0.529692174244,0.181351351144,0.348340823101,False,2,1.89999997616,0.695
3jqj GOL 337 G,SO4,GOL,0.766966201133,0.0477012938872,0.719264907246,False,2,1.89999997616,0.717
3jqj GOL 332 I,MPD,GOL,0.235810437093,0.201934569115,0.0338758679778,False,2,1.89999997616,0.76
3jqf GOL 277 A,GOL,GOL,0.612871314394,0.612871314394,0.0,True,1,1.60000002384,0.923
3jqf GOL 275 C,GOL,GOL,0.311193547008,0.311193547008,0.0,True,1,1.60000002384,0.897
3jqf DTT 276 A,GOL,DTT,0.603305356198,0.00223915787685,0.601066198321,False,24,1.60000002384,0.839
3jqf DTT 273 C,BME,DTT,0.937232109567,0.00908461733877,0.928147492229,False,2,1.60000002384,0.95
3jqf DTT 271 D,BME,DTT,0.608220287394,0.146810106771,0.461410180623,False,2,1.60000002384,0.948
3jqf DTT 271 B,BME,DTT,0.94616185632,0.0169366579789,0.929225198341,False,2,1.60000002384,0.944
3jqf DTT 271 A,GOL,DTT,0.225230404375,0.00548569959019,0.219744704785,False,19,1.60000002384,0.963
3jqf ACT 274 C,ACT,ACT,0.230403305009,0.230403305009,0.0,True,1,1.60000002384,0.96
3jqf ACT 274 A,SO4,ACT,0.276132136501,0.120590769667,0.155541366833,False,3,1.60000002384,0.952
3jqf ACT 273 D,ACT,ACT,0.412972229673,0.412972229673,0.0,True,1,1.60000002384,0.921
3jqf ACT 273 A,ACT,ACT,0.413577160948,0.413577160948,0.0,True,1,1.60000002384,0.989
3jqe ACT 271 A,ACT,ACT,0.25813077985,0.25813077985,0.0,True,1,2.0,0.98
3jq7 CSX 59 B,CSO,CSX,0.549585109148,0.198001684226,0.351583424922,False,2,1.79999995232,0.957
3jq7 CSX 59 A,CSX,CSX,0.410498567536,0.410498567536,0.0,True,1,1.79999995232,0.954
3jq7 CSX 168 D,CSO,CSX,0.449738050059,0.0424673149149,0.407270735144,False,4,1.79999995232,0.952
3jq7 CSX 168 C,CSO,CSX,0.644280160958,0.0900670070679,0.55421315389,False,3,1.79999995232,0.946
3jq7 CSX 168 A,CSX,CSX,0.225684578884,0.225684578884,0.0,True,1,1.79999995232,0.947
3jq7 ACT 270 B,ACT,ACT,0.247757025614,0.247757025614,0.0,True,1,1.79999995232,0.969
3jq7 ACT 270 A,ACT,ACT,0.359534762314,0.359534762314,0.0,True,1,1.79999995232,0.986
3jq6 DTT 271 D,SO4,DTT,0.828241783699,0.000477375838722,0.82776440786,False,29,1.79999995232,0.821
3jq6 DTT 271 C,BME,DTT,0.453687471777,0.0577879889951,0.395899482782,False,2,1.79999995232,0.889
3jq6 DTT 271 B,DTT,DTT,0.42558709401,0.42558709401,0.0,True,1,1.79999995232,0.913
3jq6 DTT 271 A,BME,DTT,0.629115296009,0.22660752861,0.402507767399,False,2,1.79999995232,0.917
3jq0 GOL 2 A,SO4,GOL,0.812387569682,0.0194483622431,0.792939207439,False,4,1.10000002384,0.862
3jpz NO3 658 A,EDO,NO3,0.308482688997,0.05076546294,0.257717226057,False,4,1.79999995232,0.928
3jpz NO3 655 B,EDO,NO3,0.559540958075,0.00290058400973,0.556640374066,False,11,1.79999995232,0.939
3jpy NAG 502 A,NAG,NAG,0.961942136424,0.961942136424,0.0,True,1,3.20000004768,0.74
3jpy NAG 501 A,NAG,NAG,0.959290743048,0.959290743048,0.0,True,1,3.20000004768,0.847
3jpx M3L 20 B,YCM,M3L,0.397746509805,0.0025265022761,0.395220007529,False,25,2.0,0.961
3jpw NAG 502 A,NAG,NAG,0.967727565805,0.967727565805,0.0,True,1,2.79999995232,0.773
3jpw NAG 501 A,NAG,NAG,0.959089396004,0.959089396004,0.0,True,1,2.79999995232,0.818
3jpt DOC 10 P,GOL,DOC,0.0766058416219,0.0735565344336,0.00304930718829,False,2,2.09999990463,0.93
3jps DOC 10 P,DOC,DOC,0.676343488177,0.676343488177,0.0,True,1,2.0,0.935
3jpr DOC 10 P,DOC,DOC,0.0790446236169,0.0790446236169,0.0,True,1,2.09999990463,0.924
3jpq DOC 10 P,NAG,DOC,0.121588647014,0.0249615068738,0.0966271401407,False,6,1.89999997616,0.939
3jpp DOC 10 P,EPE,DOC,0.174278431249,0.0441879272427,0.130090504007,False,4,2.09999990463,0.927
3jpo DOC 10 P,GOL,DOC,0.0784513020745,0.0435120918642,0.0349392102103,False,3,2.0,0.948
3jpn DOC 10 P,GOL,DOC,0.570525651425,0.000668643103915,0.569857008321,False,81,2.09999990463,0.941
3ixq PGO 235 B,DMS,PGO,0.230652497249,0.000960717736512,0.229691779513,False,166,1.79999995232,0.664
3ixq PGO 234 C,GOL,PGO,0.681572016616,0.000858562199559,0.680713454417,False,17,1.79999995232,0.881
3ixq PGO 233 D,EDO,PGO,0.263283437875,0.00175224821512,0.26153118966,False,36,1.79999995232,0.822
3ixq PGO 233 C,EDO,PGO,0.500147346837,0.00106303246512,0.499084314372,False,22,1.79999995232,0.907
3ixq PGO 233 A,EDO,PGO,0.44362179084,0.000690679227565,0.442931111612,False,57,1.79999995232,0.833
3ixq PGO 232 D,EDO,PGO,0.695327319896,0.00081632762857,0.694510992267,False,23,1.79999995232,0.748
3ixq PGO 232 A,ACT,PGO,0.281732010174,0.000617473033291,0.281114537141,False,178,1.79999995232,0.885
3ixa GOL 277 D,GOL,GOL,0.507645832817,0.507645832817,0.0,True,1,2.09999990463,0.902
3ixa GOL 276 D,GOL,GOL,0.349959502717,0.349959502717,0.0,True,1,2.09999990463,0.86
3ixa GOL 100 E,GOL,GOL,0.391244833353,0.391244833353,0.0,True,1,2.09999990463,0.753
3iww NAG 1761 A,NAG_NAG,NAG_NAG,0.888658807693,0.888658807693,0.0,True,1,2.29999995232,0.933
3iww NAG 1760 A,NAG,NAG,0.730054577197,0.730054577197,0.0,True,1,2.29999995232,0.861
3iww NAG 1759 A,NAG,NAG,0.352932166277,0.352932166277,0.0,True,1,2.29999995232,0.869
3iww NAG 1758 A,NAG,NAG,0.806975837885,0.806975837885,0.0,True,1,2.29999995232,0.917
3iww NAG 1757 A,NAG,NAG,0.974024719478,0.974024719478,0.0,True,1,2.29999995232,0.853
3iww NAG 1755 A,NAG,NAG_NAG,0.745507930969,0.209979040896,0.535528890073,False,2,2.29999995232,0.955
3iwt GOL 180 B,EDO,GOL,0.749214501836,0.0664548186902,0.682759683146,False,2,1.89999997616,0.616
3iwt GOL 179 A,GOL,GOL,0.697249228126,0.697249228126,0.0,True,1,1.89999997616,0.73
3iwr MES 2 B,SO4,MES,0.589306403261,0.209723927778,0.379582475482,False,2,2.59999990463,0.948
3iwr MES 1 A,PEG,MES,0.205462848074,0.0164599278195,0.189002920255,False,13,2.59999990463,0.888
3iwk GOL 2019 K,GOL,GOL,0.468606423984,0.468606423984,0.0,True,1,2.40000009537,0.81
3iwk GOL 2016 K,SO4,GOL,0.117983922147,0.0174381033623,0.100545818785,False,10,2.40000009537,0.853
3iwk GOL 2014 J,GOL,GOL,0.293712611558,0.293712611558,0.0,True,1,2.40000009537,0.871
3iwk GOL 2013 J,GOL,GOL,0.354603314284,0.354603314284,0.0,True,1,2.40000009537,0.864
3iwk GOL 2012 I,MLY,GOL,0.244508320714,0.00513862106661,0.239369699648,False,15,2.40000009537,0.873
3iwk GOL 2010 H,SO4,GOL,0.23419255097,0.0540563546517,0.180136196319,False,3,2.40000009537,0.839
3iwk GOL 2009 G,GOL,GOL,0.421683148484,0.421683148484,0.0,True,1,2.40000009537,0.854
3iwk GOL 2008 L,MLY,GOL,0.110775107017,0.034216137055,0.0765589699619,False,7,2.40000009537,0.886
3iwk GOL 2006 F,SO4,GOL,0.6540887794,0.00870750256195,0.645381276838,False,5,2.40000009537,0.887
3iwk GOL 2005 L,SO4,GOL,0.264080626485,0.130047689899,0.134032936585,False,3,2.40000009537,0.917
3iwk GOL 2003 C,SO4,GOL,0.241708129416,0.100113379399,0.141594750018,False,2,2.40000009537,0.799
3iwk GOL 2001 B,SO4,GOL,0.200266773924,0.18192051045,0.0183462634744,False,2,2.40000009537,0.814
3iwk GOL 2000 L,SO4,GOL,0.320883858929,0.106230474808,0.214653384121,False,2,2.40000009537,0.716
3iwj GOL 507 A,GOL,GOL,0.444195954806,0.444195954806,0.0,True,1,2.20000004768,0.792
3iwj GOL 506 B,GOL,GOL,0.688618933972,0.688618933972,0.0,True,1,2.20000004768,0.86
3iwj GOL 506 A,GOL,GOL,0.63645202186,0.63645202186,0.0,True,1,2.20000004768,0.839
3iw8 BOG 362 A,BOG,BOG,0.491143511183,0.491143511183,0.0,True,1,2.0,0.909
3iw7 BOG 363 A,SO4,BOG,0.348956812914,0.000678993519703,0.348277819394,False,188,2.40000009537,0.707
3iw7 BOG 362 A,LDA,BOG,0.224160337833,0.178673132229,0.0454872056037,False,2,2.40000009537,0.802
3iw7 BOG 1000 A,BOG,BOG,0.338120618822,0.338120618822,0.0,True,1,2.40000009537,0.92
3iw6 BOG 363 A,MAN,BOG,0.223482538955,0.00168259713948,0.221799941816,False,60,2.09999990463,0.789
3iw6 BOG 362 A,EPE,BOG,0.111554096194,0.0186516598713,0.0929024363232,False,14,2.09999990463,0.804
3iw6 BOG 1000 A,MAN,BOG,0.0986576851963,0.0111705625183,0.087487122678,False,20,2.09999990463,0.902
3iw5 BOG 363 A,BMA,BOG,0.200494092229,0.0047380610657,0.195756031163,False,19,2.5,0.743
3iw5 BOG 361 A,NAG,BOG,0.129265865443,0.095560149947,0.0337057154959,False,3,2.5,0.93
3iw4 TPO 638 C,FAD,TPO,0.0781671884536,0.0278855209192,0.0502816675345,False,10,2.79999995232,0.878
3iw4 TPO 638 B,NAG,TPO,0.152314599987,0.00509481951341,0.147219780474,False,27,2.79999995232,0.898
3iw4 TPO 638 A,NAG,TPO,0.373186449678,0.0424874566007,0.330698993077,False,4,2.79999995232,0.916
3iw4 SEP 657 C,SEP,SEP,0.230924925638,0.230924925638,0.0,True,1,2.79999995232,0.961
3iw4 SEP 657 B,SEP,SEP,0.643097826952,0.643097826952,0.0,True,1,2.79999995232,0.961
3iw4 SEP 657 A,SEP,SEP,0.514367783191,0.514367783191,0.0,True,1,2.79999995232,0.967
3ivz CSX 146 B,CSD,CSX,0.611758153158,0.0138306090885,0.597927544069,False,5,1.60000002384,0.984
3ivz CSX 146 A,CSD,CSX,0.473364809067,0.0410449790675,0.432319829999,False,4,1.60000002384,0.986
3ivr GOL 513 A,GOL,GOL,0.664244964256,0.664244964256,0.0,True,1,2.0,0.93
3ivr GOL 512 A,GOL,GOL,0.553422525744,0.553422525744,0.0,True,1,2.0,0.934
3ivr GOL 511 B,GOL,GOL,0.374930525282,0.374930525282,0.0,True,1,2.0,0.949
3ivr GOL 511 A,GOL,GOL,0.716955772188,0.716955772188,0.0,True,1,2.0,0.94
3ivr GOL 1 B,GOL,GOL,0.523149214681,0.523149214681,0.0,True,1,2.0,0.923
3ivr GOL 1 A,FLC,GOL,0.31758090921,0.305638363072,0.011942546138,False,2,2.0,0.982
3ivp PG4 127 C,PG4,PG4,0.350922523046,0.350922523046,0.0,True,1,2.0,0.918
3ivi GOL 901 B,EDO,GOL,0.413845447461,0.277832384734,0.136013062728,False,2,2.20000004768,0.822
3ivi GOL 901 A,GOL,GOL,0.668379770078,0.668379770078,0.0,True,1,2.20000004768,0.802
3ivg GOL 310 A,GOL,GOL,0.23863049978,0.23863049978,0.0,True,1,2.0,0.843
3ivg GOL 309 A,EDO,GOL,0.942340271063,0.0138640983458,0.928476172717,False,2,2.0,0.918
3ivg GOL 303 A,EDO,GOL,0.432834232383,0.152017363556,0.280816868827,False,2,2.0,0.879
3ivc GOL 339 B,EDO,GOL,0.688089588486,0.186182090121,0.501907498365,False,2,2.09999990463,0.924
3ivc GOL 338 A,GOL,GOL,0.97108898522,0.97108898522,0.0,True,1,2.09999990463,0.983
3ivc GOL 337 A,GOL,GOL,0.782922139161,0.782922139161,0.0,True,1,2.09999990463,0.83
3ivc GOL 333 B,GOL,GOL,0.437672281567,0.437672281567,0.0,True,1,2.09999990463,0.926
3iva NO3 1305 A,GOL,NO3,0.361048801761,0.000833025676047,0.360215776085,False,174,2.70000004768,0.646
3iva NO3 1304 A,EDO,NO3,0.309238033788,0.00917033330859,0.300067700479,False,11,2.70000004768,0.894
3iva NO3 1303 A,SO4,NO3,0.122726887946,0.00145107257464,0.121275815371,False,146,2.70000004768,0.622
3iva B12 1301 A,HEM,B12,0.456490759349,0.246170113362,0.210320645987,False,2,2.70000004768,0.938
3iv9 B12 1301 A,HEM,B12,0.186845955354,0.0354996362371,0.151346319117,False,5,3.29999995232,0.917
3iv6 SAM 301 D,ADN,SAM,0.0768959918653,0.0279449932685,0.0489509985967,False,6,2.70000004768,0.956
3iv6 SAM 301 C,SAM,SAM,0.2708270379,0.2708270379,0.0,True,1,2.70000004768,0.977
3iv6 SAM 301 B,ADN,SAM,0.182276675777,0.0101056428023,0.172171032974,False,15,2.70000004768,0.96
3iv6 SAM 301 A,SAH,SAM,0.75523586206,0.0293269884546,0.725908873605,False,3,2.70000004768,0.961
3iv2 NAG 301 A,NAG,NAG,0.974436514113,0.974436514113,0.0,True,1,2.20000004768,0.886
3iv2 GOL 304 B,SO4,GOL,0.563001162368,0.231010242211,0.331990920157,False,2,2.20000004768,0.898
3iv2 GOL 303 A,SO4,GOL,0.28742814623,0.161660601526,0.125767544704,False,2,2.20000004768,0.889
3iv0 CSO 191 A,SMC,CSO,0.234511103335,0.10335406234,0.131157040995,False,4,1.39999997616,0.977
3iuz MLY 88 A,MLY,MLY,0.972208240253,0.972208240253,0.0,True,1,1.89999997616,0.969
3iuz MLY 76 A,MLY,MLY,0.228944658076,0.228944658076,0.0,True,1,1.89999997616,0.923
3iuz MLY 272 A,MLY,MLY,0.495165432145,0.495165432145,0.0,True,1,1.89999997616,0.974
3iuz MLY 260 A,MLY,MLY,0.656726010259,0.656726010259,0.0,True,1,1.89999997616,0.945
3iuz MLY 253 A,MLY,MLY,0.921236311126,0.921236311126,0.0,True,1,1.89999997616,0.923
3iuy AMP 160 B,AMP,AMP,0.703968256623,0.703968256623,0.0,True,1,2.40000009537,0.984
3iuy AMP 160 A,AMP,AMP,0.611820221251,0.611820221251,0.0,True,1,2.40000009537,0.975
3iux ACT 3 A,SO4,ACT,0.825901157573,0.00428908916396,0.821612068409,False,6,1.60000002384,0.888
3iux ACT 2 A,SO4,ACT,0.424089524338,0.0140846873332,0.410004837005,False,6,1.60000002384,0.928
3iux ACT 1 A,SO4,ACT,0.675944903767,0.0192233428456,0.656721560921,False,4,1.60000002384,0.893
3iur GOL 703 A,GOL,GOL,0.960549509132,0.960549509132,0.0,True,1,2.09999990463,0.857
3iur GOL 702 A,GOL,GOL,0.266391267709,0.266391267709,0.0,True,1,2.09999990463,0.925
3iur GOL 701 A,GOL,GOL,0.827705742651,0.827705742651,0.0,True,1,2.09999990463,0.884
3iuq GOL 703 A,EDO,GOL,0.205604833702,0.193834438084,0.0117703956178,False,2,2.09999990463,0.635
3iuq GOL 702 A,GOL,GOL,0.597757974344,0.597757974344,0.0,True,1,2.09999990463,0.841
3iuq GOL 701 A,GOL,GOL,0.538337786829,0.538337786829,0.0,True,1,2.09999990463,0.877
3iup ACT 382 A,EDO,ACT,0.652843377895,0.0531669859352,0.59967639196,False,4,1.70000004768,0.827
3iun GOL 703 A,GOL,GOL,0.24445721156,0.24445721156,0.0,True,1,2.40000009537,0.883
3ium GOL 704 A,GOL,GOL,0.50281608769,0.50281608769,0.0,True,1,2.29999995232,0.807
3iul GOL 706 A,SO4,GOL,0.329742949132,0.12546489111,0.204278058023,False,4,2.0,0.809
3iul GOL 705 A,ACT,GOL,0.348218185278,0.0721530170069,0.276065168271,False,4,2.0,0.844
3iul GOL 704 A,PEG,GOL,0.499269352138,0.0404285914507,0.458840760687,False,5,2.0,0.701
3iul GOL 703 A,EDO,GOL,0.293569091792,0.197777866722,0.0957912250704,False,3,2.0,0.858
3iul GOL 702 A,SO4,GOL,0.766826625725,0.00358696674333,0.763239658982,False,3,2.0,0.844
3iul GOL 701 A,MPD,GOL,0.781944248258,0.0780888077243,0.703855440534,False,2,2.0,0.837
3iuk GOL 1001 A,GOL,GOL,0.667502816539,0.667502816539,0.0,True,1,1.79999995232,0.842
3itq GOL 969 B,GOL,GOL,0.747454379991,0.747454379991,0.0,True,1,1.39999997616,0.911
3itq GOL 968 A,EDO,GOL,0.918037765999,0.0509889634166,0.867048802582,False,2,1.39999997616,0.697
3itk PG4 468 C,P6G,PG4,0.123883030406,0.00785609900171,0.116026931405,False,18,2.40000009537,0.905
3itk PG4 467 F,EDO,PG4,0.267735301693,0.000569388166632,0.267165913526,False,49,2.40000009537,0.827
3itk PG4 467 D,GOL,PG4,0.111952066914,0.00180254068902,0.110149526225,False,96,2.40000009537,0.853
3itk PG4 467 C,NAD,PG4,0.0831518701251,0.0034146822599,0.0797371878652,False,38,2.40000009537,0.89
3itk PG4 467 A,MES,PG4,0.26891489883,0.00594403392319,0.262970864907,False,11,2.40000009537,0.946
3itd GOL 271 A,GOL,GOL,0.475096508136,0.475096508136,0.0,True,1,1.89999997616,0.827
3it8 NAG 326 L,NAG,NAG,0.83449580972,0.83449580972,0.0,True,1,2.79999995232,0.756
3it8 NAG 326 K,NAG_NAG,NAG,0.435707397033,0.413438768866,0.0222686281663,False,2,2.79999995232,0.758
3it8 NAG 326 J,NAG,NAG,0.461558623916,0.461558623916,0.0,True,1,2.79999995232,0.803
3it8 NAG 326 E,COA,NAG,0.20518308605,0.0732448510664,0.131938234984,False,3,2.79999995232,0.725
3it8 NAG 326 D,NAG,NAG,0.953871518023,0.953871518023,0.0,True,1,2.79999995232,0.659
3it8 NAG 325 L,NAG,NAG,0.512523089122,0.512523089122,0.0,True,1,2.79999995232,0.859
3it8 NAG 325 K,NAG,NAG,0.882769144854,0.882769144854,0.0,True,1,2.79999995232,0.939
3it8 NAG 325 J,NAG_NAG,NAG,0.972488903344,0.0160732526702,0.956415650674,False,2,2.79999995232,0.926
3it8 NAG 325 F,SAH,NAG,0.119624294479,0.0111602040196,0.10846409046,False,14,2.79999995232,0.869
3it8 NAG 325 E,NAG_NAG,NAG,0.469962559381,0.188521230364,0.281441329018,False,2,2.79999995232,0.95
3it8 NAG 325 D,NAG_NAG,NAG,0.882922066812,0.100044443276,0.782877623535,False,2,2.79999995232,0.888
3it7 GOL 184 B,GOL,GOL,0.194678704801,0.194678704801,0.0,True,1,2.09999990463,0.818
3it7 GOL 184 A,EDO,GOL,0.456021297922,0.0744483480325,0.38157294989,False,3,2.09999990463,0.902
3it4 GOL 502 C,EDO,GOL,0.379212017918,0.157850478213,0.221361539705,False,3,1.70000004768,0.82
3it4 GOL 500 A,GOL,GOL,0.914655892036,0.914655892036,0.0,True,1,1.70000004768,0.912
3it4 ACT 601 D,GOL,ACT,0.371012228354,0.0255727571137,0.345439471241,False,6,1.70000004768,0.879
3it4 ACT 601 B,SO4,ACT,0.480666479362,0.0633596662055,0.417306813157,False,3,1.70000004768,0.947
3it2 ACT 344 B,ACT,ACT,0.29528279226,0.29528279226,0.0,True,1,1.79999995232,0.914
3it2 ACT 344 A,NO3,ACT,0.221617125821,0.144944486453,0.076672639368,False,2,1.79999995232,0.925
3it2 ACT 343 B,SO4,ACT,0.326904427284,0.234329810481,0.0925746168024,False,2,1.79999995232,0.976
3it2 ACT 343 A,SO4,ACT,0.371460247345,0.126059739302,0.245400508043,False,3,1.79999995232,0.948
3it1 TLA 402 B,TLA,TLA,0.854112937356,0.854112937356,0.0,True,1,1.70000004768,0.978
3it1 TLA 402 A,TLA,TLA,0.666425702879,0.666425702879,0.0,True,1,1.70000004768,0.979
3it1 ACT 343 B,EDO,ACT,0.724459283371,0.121072809424,0.603386473947,False,2,1.70000004768,0.868
3it1 ACT 343 A,EDO,ACT,0.759821553868,0.054443175511,0.705378378357,False,3,1.70000004768,0.896
3isv ACT 268 A,ACT,ACT,0.319383504122,0.319383504122,0.0,True,1,1.79999995232,0.93
3isv ACT 267 A,GOL,ACT,0.51789322379,0.163826377797,0.354066845994,False,2,1.79999995232,0.962
3isj GOL 305 A,GOL,GOL,0.699882504117,0.699882504117,0.0,True,1,2.20000004768,0.979
3isa GOL 264 B,EDO,GOL,0.534692577129,0.184316415651,0.350376161477,False,2,1.79999995232,0.884
3isa GOL 264 A,EDO,GOL,0.435100990904,0.404367879079,0.0307331118249,False,2,1.79999995232,0.908
3isa GOL 263 D,GOL,GOL,0.882786454721,0.882786454721,0.0,True,1,1.79999995232,0.938
3isa GOL 263 B,GOL,GOL,0.515310772492,0.515310772492,0.0,True,1,1.79999995232,0.946
3isa GOL 262 E,SO4,GOL,0.475106570477,0.130506099391,0.344600471086,False,2,1.79999995232,0.945
3isa GOL 260 F,GOL,GOL,0.545612621257,0.545612621257,0.0,True,1,1.79999995232,0.901
3isa GOL 258 F,GOL,GOL,0.957310229161,0.957310229161,0.0,True,1,1.79999995232,0.918
3isa GOL 1 E,GOL,GOL,0.317387928369,0.317387928369,0.0,True,1,1.79999995232,0.94
3isa GOL 1 D,GOL,GOL,0.897808185831,0.897808185831,0.0,True,1,1.79999995232,0.966
3isa GOL 1 C,SO4,GOL,0.393340077101,0.200830218847,0.192509858253,False,2,1.79999995232,0.961
3isa GOL 1 B,GOL,GOL,0.416484999204,0.416484999204,0.0,True,1,1.79999995232,0.876
3isa GOL 1 A,GOL,GOL,0.899835085916,0.899835085916,0.0,True,1,1.79999995232,0.958
3is5 GOL 399 F,GOL,GOL,0.399126929564,0.399126929564,0.0,True,1,2.59999990463,0.964
3is5 GOL 398 D,SO4,GOL,0.37703080051,0.111384675954,0.265646124557,False,2,2.59999990463,0.945
3is5 GOL 398 B,GOL,GOL,0.628870687633,0.628870687633,0.0,True,1,2.59999990463,0.928
3is5 GOL 398 A,SO4,GOL,0.443015015471,0.245258420084,0.197756595387,False,2,2.59999990463,0.916
3is5 GOL 397 E,GOL,GOL,0.287050694971,0.287050694971,0.0,True,1,2.59999990463,0.903
3is5 GOL 397 D,GOL,GOL,0.402462742384,0.402462742384,0.0,True,1,2.59999990463,0.863
3is5 ANP 1 D,ADN,ANP,0.552678549072,0.00204897706275,0.55062957201,False,23,2.59999990463,0.889
3is4 GOL 503 A,NAG,GOL,0.239225928445,0.0580899735449,0.1811359549,False,5,2.09999990463,0.684
3is4 GOL 502 A,GOL,GOL,0.442080971768,0.442080971768,0.0,True,1,2.09999990463,0.843
3is4 GOL 500 A,SO4,GOL,0.577810131529,0.176824639845,0.400985491684,False,2,2.09999990463,0.729
3is4 GOL 499 A,EDO,GOL,0.317415231833,0.0109918410036,0.306423390829,False,10,2.09999990463,0.624
3is3 GOL 274 A,GOL,GOL,0.654185656859,0.654185656859,0.0,True,1,1.5,0.736
3is2 CSO 71 A,MLY,CSO,0.64055186479,0.0546470538634,0.585904810926,False,3,2.29999995232,0.866
3is1 GOL 1000 X,EDO,GOL,0.386876650741,0.331803582752,0.0550730679888,False,2,2.5,0.885
3is0 GOL 1000 X,EDO,GOL,0.538924240867,0.154015905874,0.384908334993,False,2,1.79999995232,0.955
3irz GOL 1001 A,GOL,GOL,0.855246239848,0.855246239848,0.0,True,1,1.70000004768,0.923
3irw GTP 8 R,NAG,GTP,0.481461241826,0.00254179182709,0.478919449999,False,42,2.70000004768,0.753
3irv GOL 1 A,GOL,GOL,0.382478751857,0.382478751857,0.0,True,1,1.60000002384,0.932
3irs GOL 291 C,GOL,GOL,0.536078763764,0.536078763764,0.0,True,1,1.79999995232,0.872
3irr EPE 14 F,PGV,EPE,0.0819540049,0.0173984591957,0.0645555457043,False,11,2.70000004768,0.825
3irp GOL 1001 X,GOL,GOL,0.914501167863,0.914501167863,0.0,True,1,1.5,0.955
3irp GOL 1000 X,GOL,GOL,0.960317934563,0.960317934563,0.0,True,1,1.5,0.905
3iro GOL 805 C,PO4,GOL,0.256123936373,0.186255980774,0.0698679555986,False,3,2.79999995232,0.874
3iro ACT 816 D,DMS,ACT,0.544627094216,0.00499392101994,0.539633173196,False,8,2.79999995232,0.938
3iro ACT 815 D,GOL,ACT,0.143801153144,0.00946000781655,0.134341145328,False,11,2.79999995232,0.955
3iro ACT 814 D,SO4,ACT,0.56216089851,0.0566584155767,0.505502482934,False,4,2.79999995232,0.89
3iro ACT 812 C,SO4,ACT,0.295980150004,0.0089401860114,0.287039963993,False,14,2.79999995232,0.818
3iro ACT 811 B,SO4,ACT,0.649103716645,0.0371695565791,0.611934160066,False,4,2.79999995232,0.724
3iro ACT 810 D,SO4,ACT,0.486272229432,0.01101015707,0.475262072362,False,7,2.79999995232,0.942
3iro ACT 809 A,DMS,ACT,0.364965235729,0.107720266481,0.257244969247,False,3,2.79999995232,0.928
3iro ACT 808 A,EDO,ACT,0.436733382003,0.107633412482,0.329099969521,False,3,2.79999995232,0.884
3iro ACT 807 A,GOL,ACT,0.303992456779,0.0185572624945,0.285435194285,False,7,2.79999995232,0.95
3irm ACT 808 D,SO4,ACT,0.498937222552,0.0302923451907,0.468644877362,False,3,2.09999990463,0.96
3irm ACT 806 B,SO4,ACT,0.86968472245,0.00835386070132,0.861330861748,False,4,2.09999990463,0.945
3irm ACT 805 B,EDO,ACT,0.460933185546,0.0950504269135,0.365882758633,False,4,2.09999990463,0.816
3irm ACT 804 B,SO4,ACT,0.65369983746,0.0170168960966,0.636682941363,False,5,2.09999990463,0.859
3irm ACT 803 A,MPD,ACT,0.347083267446,0.00319484053287,0.343888426913,False,20,2.09999990463,0.942
3irm ACT 802 A,SO4,ACT,0.351800037489,0.133555240864,0.218244796625,False,2,2.09999990463,0.887
3ird GOL 295 A,ACT,GOL,0.335365479477,0.0289512790698,0.306414200407,False,6,2.20000004768,0.864
3ird GOL 294 A,GOL,GOL,0.251545040709,0.251545040709,0.0,True,1,2.20000004768,0.938
3ir6 GDP 1248 A,NAD,GDP,0.128022599713,0.036411633315,0.0916109663983,False,10,2.79999995232,0.967
3ir6 GDP 1247 A,FMN,GDP,0.341630328997,0.0793830974274,0.26224723157,False,4,2.79999995232,0.956
3iqz GOL 286 B,BOG,GOL,0.473957827723,0.068784297731,0.405173529992,False,2,2.09999990463,0.807
3iqv SEP 259 P,SEP,SEP,0.852278538086,0.852278538086,0.0,True,1,1.20000004768,0.995
3iqu SEP 259 P,SEP,SEP,0.319262943031,0.319262943031,0.0,True,1,1.10000002384,0.995
3iqr SAM 301 A,SAM,SAM,0.330807523593,0.330807523593,0.0,True,1,2.59999990463,0.783
3iqn SAM 301 A,SAM,SAM,0.0914887095612,0.0914887095612,0.0,True,1,2.59999990463,0.827
3iqj SEP 259 P,SEP,SEP,0.680085288335,0.680085288335,0.0,True,1,1.10000002384,0.983
3iqj CSO 259 A,MLY,CSO,0.401155861846,0.0863743214393,0.314781540406,False,3,1.10000002384,0.975
3iqi LLP 42 X,LLP,LLP,0.983665298997,0.983665298997,0.0,True,1,1.70000004768,0.973
3iqh LLP 42 X,LLP,LLP,0.992312454068,0.992312454068,0.0,True,1,1.89999997616,0.982
3iqg LLP 42 X,LLP,LLP,0.993628028545,0.993628028545,0.0,True,1,1.89999997616,0.981
3ipw GOL 401 A,EDO,GOL,0.338631346261,0.13384507258,0.204786273681,False,3,2.0,0.884
3ipp GOL 437 A,GOL,GOL,0.567972453649,0.567972453649,0.0,True,1,2.40000009537,0.77
3ipp GOL 436 A,GOL,GOL,0.68019877028,0.68019877028,0.0,True,1,2.40000009537,0.826
3ipp GOL 1 B,GOL,GOL,0.622207078182,0.622207078182,0.0,True,1,2.40000009537,0.94
3ipo GOL 3968 B,GOL,GOL,0.866199955595,0.866199955595,0.0,True,1,2.40000009537,0.948
3ipi MLA 308 A,GOL,MLA,0.655886230162,0.00262478704814,0.653261443114,False,14,1.89999997616,0.759
3ipi MLA 307 A,GOL,MLA,0.731985226311,0.00210527064289,0.729879955668,False,12,1.89999997616,0.826
3ipi MLA 306 A,IPH,MLA,0.223739006174,0.00121217976433,0.22252682641,False,108,1.89999997616,0.738
3ipi MLA 305 A,GOL,MLA,0.663148995723,0.000910009949897,0.662238985773,False,39,1.89999997616,0.773
3ipi MLA 304 A,GOL,MLA,0.506964573855,0.0126825089797,0.494282064875,False,9,1.89999997616,0.922
3iph GOL 368 A,GOL,GOL,0.350738938479,0.350738938479,0.0,True,1,2.09999990463,0.837
3iph GOL 365 A,GOL,GOL,0.443469884517,0.443469884517,0.0,True,1,2.09999990463,0.906
3iph CSO 162 A,CAS,CSO,0.106939186827,0.0629215770477,0.0440176097793,False,4,2.09999990463,0.838
3iph CSO 119 A,GOL,CSO,0.238383742389,0.00166685976847,0.23671688262,False,59,2.09999990463,0.825
3ip2 NRQ 63 A,NRQ,NRQ,0.793326808456,0.793326808456,0.0,True,1,1.60000002384,0.972
3ip1 GOL 503 B,GOL,GOL,0.699738880724,0.699738880724,0.0,True,1,2.09999990463,0.867
3ioj GOL 3968 B,GOL,GOL,0.845672302787,0.845672302787,0.0,True,1,1.70000004768,0.969
3ioj GOL 3968 A,GOL,GOL,0.985281759191,0.985281759191,0.0,True,1,1.70000004768,0.974
3ioh GOL 1 A,GOL,GOL,0.928986820343,0.928986820343,0.0,True,1,1.29999995232,0.943
3iof GOL 311 A,GOL,GOL,0.628205275036,0.628205275036,0.0,True,1,1.39999997616,0.761
3ioe GOL 708 A,GOL,GOL,0.249247699796,0.249247699796,0.0,True,1,1.89999997616,0.865
3ioe GOL 701 A,GOL,GOL,0.955795847622,0.955795847622,0.0,True,1,1.89999997616,0.968
3iod GOL 708 A,SO4,GOL,0.678625412033,0.148050796805,0.530574615228,False,2,1.70000004768,0.825
3iod GOL 701 A,GOL,GOL,0.939862804813,0.939862804813,0.0,True,1,1.70000004768,0.982
3ioc GOL 708 A,GOL,GOL,0.443836724331,0.443836724331,0.0,True,1,2.5,0.883
3ioc GOL 701 A,GOL,GOL,0.876135883221,0.876135883221,0.0,True,1,2.5,0.984
3iob GOL 708 A,GOL,GOL,0.354855990125,0.354855990125,0.0,True,1,1.79999995232,0.827
3iob GOL 705 A,GOL,GOL,0.904299222706,0.904299222706,0.0,True,1,1.79999995232,0.848
3iob GOL 701 A,EDO,GOL,0.524391747565,0.357390247127,0.167001500438,False,2,1.79999995232,0.957
3io3 GOL 968 A,GOL,GOL,0.73572745076,0.73572745076,0.0,True,1,1.79999995232,0.733
3inx DMS 1001 A,DMS,DMS,0.197153929583,0.197153929583,0.0,True,1,1.79999995232,0.964
3inw DMS 1001 A,GOL,DMS,0.173523662855,0.153521532346,0.0200021305094,False,4,2.0,0.902
3inv GOL 705 A,GOL,GOL,0.737788415497,0.737788415497,0.0,True,1,2.40000009537,0.896
3inv GOL 704 B,GOL,GOL,0.758310544785,0.758310544785,0.0,True,1,2.40000009537,0.884
3inv GOL 703 B,GOL,GOL,0.18249652332,0.18249652332,0.0,True,1,2.40000009537,0.932
3inv GOL 701 A,EDO,GOL,0.475797915082,0.135578239415,0.340219675666,False,2,2.40000009537,0.849
3inu GOL 232 M,SO4,GOL,0.312823411648,0.14420058488,0.168622826768,False,2,2.5,0.947
3inu GOL 232 H,GOL,GOL,0.499731912122,0.499731912122,0.0,True,1,2.5,0.833
3inu GOL 213 N,GOL,GOL,0.372578111631,0.372578111631,0.0,True,1,2.5,0.831
3inu GOL 213 L,SO4,GOL,0.347893359651,0.311303952533,0.0365894071177,False,2,2.5,0.905
3int UDP 392 A,NAD,UDP,0.43392888255,0.0458201959731,0.388108686577,False,4,2.5,0.956
3inm GOL 532 A,GOL,GOL,0.91063226002,0.91063226002,0.0,True,1,2.09999990463,0.856
3inm GOL 531 A,GOL,GOL,0.315395962891,0.315395962891,0.0,True,1,2.09999990463,0.791
3inb NAG 1215 B,NAG,NAG,0.530239797524,0.530239797524,0.0,True,1,3.0,0.883
3inb NAG 1215 A,GOL,NAG,0.265560821289,0.0581255135314,0.207435307758,False,4,3.0,0.832
3inb NAG 1200 B,NAG,NAG,0.582851899516,0.582851899516,0.0,True,1,3.0,0.866
3in8 FMT 170 A,ACT,FMT,0.350033484037,0.344806468034,0.00522701600343,False,2,1.70000004768,0.983
3in5 DOC 13 Q,MLY_MLY,DOC,0.110557551997,0.104014280208,0.00654327178898,False,2,3.20000004768,0.958
3in5 DOC 13 P,DOC,DOC,0.226346411171,0.226346411171,0.0,True,1,3.20000004768,0.968
3imo ACT 114 B,GOL,ACT,0.523419132642,0.0976550208347,0.425764111807,False,2,1.79999995232,0.95
3imo ACT 114 A,ACT,ACT,0.510865415062,0.510865415062,0.0,True,1,1.79999995232,0.981
3imk PG4 161 A,EDO,PG4,0.381677887801,0.00929391210747,0.372383975694,False,6,1.5,0.795
3imk MES 160 A,SO4,MES,0.865122855499,0.00285221901596,0.862270636483,False,5,1.5,0.901
3imk GOL 159 A,GOL,GOL,0.404115685415,0.404115685415,0.0,True,1,1.5,0.827
3imk GOL 158 A,GOL,GOL,0.923105027791,0.923105027791,0.0,True,1,1.5,0.978
3imh GOL 343 A,EDO,GOL,0.792607008027,0.159954104706,0.632652903321,False,2,1.79999995232,0.857
3imh GOL 342 A,GOL,GOL,0.968986013491,0.968986013491,0.0,True,1,1.79999995232,0.952
3imh GOL 341 A,GOL,GOL,0.734207694479,0.734207694479,0.0,True,1,1.79999995232,0.923
3imh GOL 340 B,GOL,GOL,0.811889973718,0.811889973718,0.0,True,1,1.79999995232,0.947
3imh GOL 340 A,GOL,GOL,0.910671500828,0.910671500828,0.0,True,1,1.79999995232,0.895
3imh GOL 339 B,EDO,GOL,0.350115074078,0.228584839639,0.12153023444,False,2,1.79999995232,0.937
3imh GOL 338 B,GOL,GOL,0.883427536028,0.883427536028,0.0,True,1,1.79999995232,0.956
3img GOL 705 A,GOL,GOL,0.928532578717,0.928532578717,0.0,True,1,1.79999995232,0.972
3ime GOL 702 A,GOL,GOL,0.295612973934,0.295612973934,0.0,True,1,2.40000009537,0.89
3ime GOL 701 A,GOL,GOL,0.768054853092,0.768054853092,0.0,True,1,2.40000009537,0.991
3imc GOL 709 A,EDO,GOL,0.523188097596,0.273466573514,0.249721524082,False,2,1.60000002384,0.917
3imc GOL 707 A,GOL,GOL,0.906598014093,0.906598014093,0.0,True,1,1.60000002384,0.936
3ima ACT 301 A,SO4,ACT,0.695462149897,0.0241796761294,0.671282473768,False,3,2.0,0.951
3ima ACT 300 C,EDO,ACT,0.10042623712,0.0101568298215,0.0902694072989,False,13,2.0,0.845
3ima ACT 300 A,SO4,ACT,0.735491566361,0.00795627608294,0.727535290278,False,5,2.0,0.878
3im9 ACT 801 A,ACT,ACT,0.368261587727,0.368261587727,0.0,True,1,1.5,0.946
3im2 PG4 1 A,PG4,PG4,0.283189263201,0.283189263201,0.0,True,1,2.0,0.888
3ilw GOL 503 B,GOL,GOL,0.506375828659,0.506375828659,0.0,True,1,1.60000002384,0.781
3ilw GOL 502 B,MPD,GOL,0.274427962408,0.258390803722,0.0160371586863,False,2,1.60000002384,0.79
3ilw GOL 502 A,EDO,GOL,0.332436014943,0.123375840453,0.20906017449,False,3,1.60000002384,0.891
3ilw GOL 501 B,GOL,GOL,0.986439341246,0.986439341246,0.0,True,1,1.60000002384,0.973
3ilw GOL 501 A,GOL,GOL,0.948086734529,0.948086734529,0.0,True,1,1.60000002384,0.908
3ilw GOL 1 A,GOL,GOL,0.867284406295,0.867284406295,0.0,True,1,1.60000002384,0.936
3ilq NAG 520 C,NAG_NAG,NAG_NAG,0.838240836096,0.838240836096,0.0,True,1,2.09999990463,0.937
3ilq NAG 510 C,NAG,NAG,0.991799094764,0.991799094764,0.0,True,1,2.09999990463,0.938
3ilq NAG 501 C,GOL,NAG,0.457149035511,0.21344914799,0.243699887521,False,2,2.09999990463,0.744
3ilp NAG 511 A,NAG,NAG,0.891562953122,0.891562953122,0.0,True,1,1.89999997616,0.902
3ilp NAG 501 A,NAG,NAG,0.97371578086,0.97371578086,0.0,True,1,1.89999997616,0.888
3iln GOL 300 B,GOL,GOL,0.198653533604,0.198653533604,0.0,True,1,1.89999997616,0.926
3ilk ACT 245 B,SO4,ACT,0.413237304365,0.0171289279819,0.396108376383,False,5,2.0,0.811
3ilf ACT 285 A,EDO,ACT,0.605372271369,0.109002140841,0.496370130528,False,2,1.79999995232,0.803
3ilf ACT 283 A,SO4,ACT,0.506599576307,0.214773174717,0.291826401589,False,2,1.79999995232,0.96
3ilf ACT 282 A,SO4,ACT,0.278809764927,0.186102738497,0.0927070264297,False,2,1.79999995232,0.904
3il4 CSO 22 D,SO4,CSO,0.107027709161,0.0133600124315,0.0936676967293,False,11,3.0,0.92
3il4 CSO 22 C,CSO,CSO,0.65839422587,0.65839422587,0.0,True,1,3.0,0.956
3il4 CSO 22 B,TPO,CSO,0.264023909517,0.18141160997,0.0826122995468,False,2,3.0,0.933
3il4 CSO 22 A,SMC,CSO,0.212744074495,0.0357077007639,0.177036373731,False,6,3.0,0.944
3il4 CSO 13 D,CSD,CSO,0.204416336354,0.0604954561606,0.143920880194,False,4,3.0,0.965
3il4 CSO 13 C,GOL,CSO,0.159314916883,0.0106326094478,0.148682307435,False,9,3.0,0.913
3il4 CSO 13 B,CSO,CSO,0.647027380227,0.647027380227,0.0,True,1,3.0,0.962
3il4 CSO 13 A,TPO,CSO,0.0815734781929,0.00576364744204,0.0758098307509,False,33,3.0,0.955
3il0 GOL 129 B,GOL,GOL,0.34564340991,0.34564340991,0.0,True,1,2.20000004768,0.622
3il0 GOL 129 A,MG_PO4,GOL,0.264640809798,0.0205723691435,0.244068440654,False,9,2.20000004768,0.776
3ikh GOL 501 D,GOL,GOL,0.729126919448,0.729126919448,0.0,True,1,1.89999997616,0.918
3ikh GOL 501 C,GOL,GOL,0.424454514205,0.424454514205,0.0,True,1,1.89999997616,0.882
3ikh ATP 900 A,ATP,ATP,0.17486989889,0.17486989889,0.0,True,1,1.89999997616,0.892
3ikf 717 202 B,ZN,ZN,0.475602683268,0.475602683268,0.0,True,1,2.09999990463,0.859
3ikb FLC 197 A,GAL,FLC,0.254431919267,0.0186146776453,0.235817241621,False,10,1.70000004768,0.717
3ikb FLC 196 B,CIT,FLC,0.203726466695,0.140977396799,0.0627490698961,False,2,1.70000004768,0.844
3ikb FLC 196 A,FLC,FLC,0.455424234652,0.455424234652,0.0,True,1,1.70000004768,0.822
3ik4 GOL 364 C,GOL,GOL,0.396683372832,0.396683372832,0.0,True,1,2.09999990463,0.907
3ik4 GOL 364 B,GOL,GOL,0.330792297885,0.330792297885,0.0,True,1,2.09999990463,0.907
3ik2 GOL 515 A,GOL,GOL,0.297671951115,0.297671951115,0.0,True,1,1.79999995232,0.938
3ik2 ACT 520 A,DMS,ACT,0.252045186861,0.232651260218,0.019393926643,False,2,1.79999995232,0.943
3ijr NAD 301 G,NAD,MG,0.172264749629,0.00613455766679,0.166130191962,False,25,2.09999990463,0.877
3ijm GOL 149 A,GOL,GOL,0.388343808468,0.388343808468,0.0,True,1,1.70000004768,0.902
3ije NAG 3371 B,NAG_NAG,NAG_NAG,0.574104021457,0.574104021457,0.0,True,1,2.90000009537,0.795
3ije NAG 3320 B,NAG,NAG,0.871261656895,0.871261656895,0.0,True,1,2.90000009537,0.731
3ije NAG 3099 B,SO4,NAG,0.492874416821,0.0217690962528,0.471105320568,False,6,2.90000009537,0.779
3ije NAG 2950 A,NAG,NAG_NAG,0.411936335757,0.383966094588,0.0279702411698,False,2,2.90000009537,0.91
3ije NAG 2943 A,NAG,NAG_NAG,0.483569481912,0.467767136285,0.0158023456267,False,2,2.90000009537,0.832
3ije NAG 2822 A,NAG,NAG_NAG,0.870873858147,0.0187836137813,0.852090244366,False,4,2.90000009537,0.632
3ije NAG 2805 A,NAG,NAG,0.93180217192,0.93180217192,0.0,True,1,2.90000009537,0.715
3ije NAG 2585 A,NAG,NAG,0.966286140177,0.966286140177,0.0,True,1,2.90000009537,0.901
3ije NAG 2524 A,NAG,NAG,0.942401818451,0.942401818451,0.0,True,1,2.90000009537,0.662
3ije NAG 2458 A,NAG,NAG_NAG,0.665053256322,0.294755236505,0.370298019817,False,2,2.90000009537,0.821
3ije NAG 2260 A,NAG,NAG_NAG,0.855267671371,0.0974402189493,0.757827452422,False,2,2.90000009537,0.86
3ij3 PG4 474 A,PEG,PG4,0.603759042907,0.0321150608815,0.571643982025,False,4,1.79999995232,0.672
3ij1 M3L 20 B,MLY,M3L,0.371646841528,0.235418692503,0.136228149025,False,2,2.09999990463,0.931
3ij0 M3L 9 B,M3L,M3L,0.19945501146,0.19945501146,0.0,True,1,2.5,0.932
3iiz SAM 1501 A,SAH,SAM,0.204706766813,0.094020315308,0.110686451505,False,2,1.60000002384,0.957
3iiz CSO 183 A,CSO,CSO,0.929389701866,0.929389701866,0.0,True,1,1.60000002384,0.98
3iiy M3L 26 B,KCX,M3L,0.34774973657,0.216640060627,0.131109675944,False,3,2.70000004768,0.939
3iix CSO 322 A,MLY,CSO,0.945120827696,0.00406066754258,0.941060160153,False,4,1.29999995232,0.972
3iix CSO 183 A,CSO,CSO,0.796418594503,0.796418594503,0.0,True,1,1.29999995232,0.986
3iiw M3L 27 B,MLY,M3L,0.668019870861,0.0282297092778,0.639790161583,False,4,1.79999995232,0.949
3iiq GOL 326 A,GOL,GOL,0.293732496618,0.293732496618,0.0,True,1,2.0,0.772
3iim EPE 174 A,GOL,EPE,0.530045823678,0.00299493384384,0.527050889834,False,26,2.0,0.85
3iid NO3 401 A,GOL,NO3,0.473329325759,0.00109951195049,0.472229813808,False,12,1.89999997616,0.907
3iia GOL 401 A,SO4,GOL,0.511377586532,0.142675466303,0.368702120229,False,2,2.70000004768,0.912
3ii9 PG4 397 B,EDO,PG4,0.30836578066,0.0115896622547,0.296776118405,False,8,1.70000004768,0.837
3ii9 PG4 396 B,P6G,PG4,0.475395465129,0.206211745352,0.269183719777,False,2,1.70000004768,0.874
3ii9 GOL 402 C,EDO,GOL,0.420329787633,0.201452644272,0.218877143361,False,2,1.70000004768,0.681
3ii9 GOL 399 C,GOL,GOL,0.492804877008,0.492804877008,0.0,True,1,1.70000004768,0.796
3ii9 GOL 396 D,PEG,GOL,0.398628167083,0.0597374120747,0.338890755009,False,4,1.70000004768,0.821
3iht SAM 200 A,SAH,SAM,0.51289827589,0.159683155979,0.353215119911,False,2,1.79999995232,0.96
3iht GOL 176 A,GOL,GOL,0.699390516871,0.699390516871,0.0,True,1,1.79999995232,0.862
3ihr FMT 330 A,SO4,FMT,0.271417783865,0.00941229047483,0.26200549339,False,10,2.79999995232,0.717
3ihr FMT 329 A,SO4,FMT,0.616755402833,0.000835679364972,0.615919723468,False,34,2.79999995232,0.885
3ihq IMD 300 A,EDO,IMD,0.5186611587,0.0014730052123,0.517188153488,False,25,1.89999997616,0.883
3ih6 ACT 501 D,EDO,ACT,0.288408931949,0.195502202679,0.0929067292696,False,2,2.09999990463,0.879
3ih5 MLA 215 D,GOL,MLA,0.366611004261,0.000567411647759,0.366043592613,False,169,2.59999990463,0.819
3ih5 MLA 215 A,GOL,MLA,0.377933251831,0.000884522005195,0.377048729826,False,70,2.59999990463,0.852
3ih0 GOL 901 B,GOL,GOL,0.524687693158,0.524687693158,0.0,True,1,1.89999997616,0.848
3ih0 GOL 901 A,GOL,GOL,0.662094995076,0.662094995076,0.0,True,1,1.89999997616,0.89
3ih0 ANP 900 A,ACP,ANP,0.374177555251,0.0274617866648,0.346715768586,False,8,1.89999997616,0.88
3igu GOL 1328 B,EDO,GOL,0.606319622089,0.0410418402539,0.565277781835,False,5,2.09999990463,0.869
3igu GOL 1201 A,GOL,GOL,0.508707581528,0.508707581528,0.0,True,1,2.09999990463,0.857
3igu GOL 1200 A,GOL,GOL,0.372029163819,0.372029163819,0.0,True,1,2.09999990463,0.848
3igu GOL 1165 A,EDO,GOL,0.472668935386,0.289309765014,0.183359170372,False,2,2.09999990463,0.909
3igu GOL 1113 A,SO4,GOL,0.321856985306,0.0572322871994,0.264624698107,False,4,2.09999990463,0.891
3igu GOL 1030 A,GOL,GOL,0.555786543522,0.555786543522,0.0,True,1,2.09999990463,0.863
3igu GOL 1024 A,GOL,GOL,0.576766139492,0.576766139492,0.0,True,1,2.09999990463,0.904
3igr GOL 186 B,GOL,GOL,0.93760652246,0.93760652246,0.0,True,1,2.0,0.884
3igp GOL 265 A,EDO,GOL,0.492589881211,0.305528389821,0.18706149139,False,2,1.70000004768,0.928
3igo GOL 542 A,SO4,GOL,0.451465485069,0.314324835648,0.137140649421,False,2,2.20000004768,0.889
3igo GOL 539 A,GOL,GOL,0.26628864762,0.26628864762,0.0,True,1,2.20000004768,0.692
3igo GOL 1 A,GOL,GOL,0.662332399874,0.662332399874,0.0,True,1,2.20000004768,0.857
3igo ANP 610 A,ATP,ANP,0.286587763972,0.158242921328,0.128344842644,False,3,2.20000004768,0.953
3igj GOL 192 A,MAN,GOL,0.0942066128929,0.0891259041789,0.00508070871398,False,2,2.59999990463,0.722
3igj GOL 191 A,SO4,GOL,0.664406307481,0.197583835948,0.466822471533,False,2,2.59999990463,0.961
3igj GOL 189 C,SO4,GOL,0.774596210539,0.0379043304719,0.736691880067,False,3,2.59999990463,0.877
3igj FMT 196 B,SO4,FMT,0.323871039685,0.000732781041515,0.323138258643,False,79,2.59999990463,0.657
3igj FMT 195 B,EDO,FMT,0.390022732528,0.00590512781109,0.384117604717,False,10,2.59999990463,0.612
3igj FMT 194 A,SO4,FMT,0.267133084374,0.00417456057572,0.262958523799,False,14,2.59999990463,0.842
3igj FMT 193 B,SO4,FMT,0.293853587723,0.00138915511316,0.29246443261,False,45,2.59999990463,0.742
3igj FMT 190 C,SO4,FMT,0.523380575671,0.000701948633598,0.522678627037,False,38,2.59999990463,0.91
3igj ACO 188 B,COA,ACO,0.238495547945,0.0635464326075,0.174949115338,False,4,2.59999990463,0.811
3igj ACO 188 A,ACO,ACO,0.358782698312,0.358782698312,0.0,True,1,2.59999990463,0.892
3ige IMD 101 B,DMS,IMD,0.529770193015,0.018794776423,0.510975416592,False,5,2.29999995232,0.931
3ige IMD 100 A,DMS,IMD,0.478652954714,0.00598801253566,0.472664942179,False,9,2.29999995232,0.968
3ig9 IMD 104 D,IMD,IMD,0.765414725464,0.765414725464,0.0,True,1,1.89999997616,0.976
3ig9 IMD 103 C,IMD,IMD,0.813002262669,0.813002262669,0.0,True,1,1.89999997616,0.978
3ig9 IMD 102 B,EDO,IMD,0.294285544856,0.0238054256955,0.270480119161,False,6,1.89999997616,0.943
3ig9 IMD 101 A,IMD,IMD,0.729283309866,0.729283309866,0.0,True,1,1.89999997616,0.972
3ig5 CSO 70 A,CSO,CSO,0.361463212589,0.361463212589,0.0,True,1,2.09999990463,0.949
3ig3 GOL 366 A,GOL,GOL,0.73585273587,0.73585273587,0.0,True,1,2.0,0.919
3ifq SEP 692 D,SEP,SEP,0.157023633313,0.157023633313,0.0,True,1,2.79999995232,0.969
3ifq SEP 692 C,SO4,SEP,0.17748413029,0.041858788835,0.135625341455,False,6,2.79999995232,0.961
3ifc GOL 346 A,SO4,GOL,0.417636854459,0.0791691159636,0.338467738496,False,3,2.0,0.887
3ifc GOL 345 A,SO4,GOL,0.753147133197,0.120312304545,0.632834828652,False,2,2.0,0.89
3ifc GOL 344 A,GOL,GOL,0.872172982361,0.872172982361,0.0,True,1,2.0,0.884
3ifc GOL 343 D,SO4,GOL,0.702419254554,0.0455763099274,0.656842944627,False,3,2.0,0.876
3ifc GOL 343 C,SO4,GOL,0.591339095946,0.250627355267,0.340711740679,False,2,2.0,0.926
3ifc GOL 343 B,GOL,GOL,0.644559793834,0.644559793834,0.0,True,1,2.0,0.922
3ifc AMP 339 D,AMP,AMP,0.909923251571,0.909923251571,0.0,True,1,2.0,0.942
3ifc AMP 339 C,AMP,AMP,0.781082734204,0.781082734204,0.0,True,1,2.0,0.955
3ifc AMP 339 B,AMP,AMP,0.359265749459,0.359265749459,0.0,True,1,2.0,0.936
3ifc AMP 339 A,AMP,AMP,0.747554621239,0.747554621239,0.0,True,1,2.0,0.953
3ifa GOL 346 A,GOL,GOL,0.876440550036,0.876440550036,0.0,True,1,1.89999997616,0.883
3ifa GOL 345 A,SO4,GOL,0.57998329221,0.0995878840184,0.480395408191,False,3,1.89999997616,0.831
3ifa GOL 344 A,SO4,GOL,0.785566780807,0.0570062071072,0.7285605737,False,2,1.89999997616,0.907
3ifa GOL 343 D,SO4,GOL,0.368993869639,0.34868517717,0.0203086924696,False,2,1.89999997616,0.774
3ifa GOL 343 C,SO4,GOL,0.66455645301,0.0964173987049,0.568139054305,False,2,1.89999997616,0.819
3ifa GOL 343 B,SO4,GOL,0.555617605895,0.188669221402,0.366948384493,False,2,1.89999997616,0.905
3ifa AMP 339 D,AMP,AMP,0.965440693416,0.965440693416,0.0,True,1,1.89999997616,0.928
3ifa AMP 339 C,AMP,AMP,0.950912210954,0.950912210954,0.0,True,1,1.89999997616,0.966
3ifa AMP 339 B,AMP,AMP,0.914281643453,0.914281643453,0.0,True,1,1.89999997616,0.943
3ifa AMP 339 A,AMP,AMP,0.963442125143,0.963442125143,0.0,True,1,1.89999997616,0.968
3if6 TLA 267 B,GSH,TLA,0.137490679224,0.00295008746468,0.13454059176,False,71,2.40000009537,0.966
3if6 TLA 267 A,NAG,TLA,0.115862578116,0.00375761458733,0.112104963528,False,34,2.40000009537,0.905
3if2 GOL 445 B,GOL,GOL,0.550219259732,0.550219259732,0.0,True,1,2.5,0.816
3if2 GOL 444 A,GOL,GOL,0.453604043727,0.453604043727,0.0,True,1,2.5,0.859
3if2 ACT 444 B,SO4,ACT,0.596146625114,0.0253916078255,0.570755017288,False,4,2.5,0.901
3iex DMS 706 B,SO4,DMS,0.329775641876,0.0757799327847,0.253995709092,False,4,2.09999990463,0.95
3iex DMS 705 C,SO4,DMS,0.721135237346,0.0152753215456,0.705859915801,False,3,2.09999990463,0.994
3iex DMS 704 B,SO4,DMS,0.844735286642,0.0341780150739,0.810557271568,False,3,2.09999990463,0.984
3iex DMS 703 A,DMS,DMS,0.820839896397,0.820839896397,0.0,True,1,2.09999990463,0.983
3iex ACT 701 B,GOL,ACT,0.395111264365,0.0270931180103,0.368018146355,False,4,2.09999990463,0.814
3iew GOL 163 B,GOL,GOL,0.846783311228,0.846783311228,0.0,True,1,2.09999990463,0.776
3ieu GDP 302 B,ADP_MG,GDP,0.341779705154,0.0960845646417,0.245695140513,False,3,2.79999995232,0.967
3ieu GDP 302 A,GDP,GDP,0.820206386149,0.820206386149,0.0,True,1,2.79999995232,0.971
3ier PG4 552 A,SO4,PG4,0.0990943985517,0.00874914694215,0.0903452516096,False,20,2.09999990463,0.912
3iem FLC 450 B,GOL,FLC,0.45476933802,0.00158636262447,0.453182975395,False,69,2.5,0.772
3iek SO4 454 C,EDO,SO4_SO4,0.427623906692,0.00410953160893,0.423514375083,False,25,2.09999990463,0.809
3iek FLC 463 B,BEZ,FLC,0.466904494938,0.000312928561153,0.466591566377,False,190,2.09999990463,0.799
3iei SAH 601 H,SAH,SAH,0.888129437726,0.888129437726,0.0,True,1,1.89999997616,0.937
3iei SAH 601 G,SAH,SAH,0.954732863384,0.954732863384,0.0,True,1,1.89999997616,0.956
3iei SAH 601 F,SAH,SAH,0.986624127138,0.986624127138,0.0,True,1,1.89999997616,0.964
3iei SAH 601 E,SAH,SAH,0.994259268513,0.994259268513,0.0,True,1,1.89999997616,0.957
3iei SAH 601 D,SAH,SAH,0.959449785177,0.959449785177,0.0,True,1,1.89999997616,0.958
3iei SAH 601 C,SAH,SAH,0.992980266746,0.992980266746,0.0,True,1,1.89999997616,0.966
3iei SAH 601 B,SAH,SAH,0.959176250812,0.959176250812,0.0,True,1,1.89999997616,0.951
3iei SAH 601 A,SAH,SAH,0.969792520763,0.969792520763,0.0,True,1,1.89999997616,0.949
3iei MES 1904 H,SO4,MES,0.321704316387,0.0129604603668,0.30874385602,False,5,1.89999997616,0.948
3iei MES 1903 B,SO4,MES,0.614451632277,0.0225662598602,0.591885372417,False,4,1.89999997616,0.956
3iei MES 1902 D,SO4,MES,0.606681674994,0.000477433484717,0.606204241509,False,198,1.89999997616,0.931
3iei MES 1901 E,SO4,MES,0.566034075977,0.00122892962165,0.564805146355,False,25,1.89999997616,0.942
3iei GOL 1918 H,GOL,GOL,0.42857553423,0.42857553423,0.0,True,1,1.89999997616,0.904
3iei GOL 1917 F,GOL,GOL,0.889838769504,0.889838769504,0.0,True,1,1.89999997616,0.886
3iei GOL 1916 E,GOL,GOL,0.989178705142,0.989178705142,0.0,True,1,1.89999997616,0.957
3iei GOL 1915 D,GOL,GOL,0.989000989249,0.989000989249,0.0,True,1,1.89999997616,0.972
3iei GOL 1914 C,GOL,GOL,0.985414496178,0.985414496178,0.0,True,1,1.89999997616,0.949
3iei GOL 1912 A,EDO,GOL,0.456260524169,0.238457953114,0.217802571055,False,2,1.89999997616,0.871
3iei GOL 1911 G,GOL,GOL,0.829777912894,0.829777912894,0.0,True,1,1.89999997616,0.839
3ieb GOL 2003 D,GOL,GOL,0.705260910016,0.705260910016,0.0,True,1,2.09999990463,0.974
3ieb GOL 2003 B,GOL,GOL,0.711251518132,0.711251518132,0.0,True,1,2.09999990463,0.898
3ieb GOL 2002 E,GOL,GOL,0.428973583503,0.428973583503,0.0,True,1,2.09999990463,0.944
3ieb GOL 2002 C,GOL,GOL,0.543844512088,0.543844512088,0.0,True,1,2.09999990463,0.95
3ieb GOL 2002 B,GOL,GOL,0.573995718867,0.573995718867,0.0,True,1,2.09999990463,0.871
3ieb GOL 2001 E,GOL,GOL,0.727357523821,0.727357523821,0.0,True,1,2.09999990463,0.845
3ieb GOL 2001 D,GOL,GOL,0.726846267174,0.726846267174,0.0,True,1,2.09999990463,0.85
3ieb GOL 2001 C,GOL,GOL,0.59103259606,0.59103259606,0.0,True,1,2.09999990463,0.885
3ieb GOL 2001 B,SO4,GOL,0.610456411388,0.0422044828145,0.568251928574,False,4,2.09999990463,0.889
3ieb GOL 2001 A,GOL,GOL,0.935694404842,0.935694404842,0.0,True,1,2.09999990463,0.812
3iea ACT 110 A,SO4,ACT,0.402941696289,0.0160578890509,0.386883807238,False,5,2.20000004768,0.724
3ie9 ACT 110 A,GOL,ACT,0.479488404349,0.0141543728199,0.465334031529,False,7,2.09999990463,0.826
3ie5 PG4 508 A,1PE,PG4,0.263366699477,0.216287861535,0.0470788379419,False,2,1.70000004768,0.902
3ie5 PG4 504 B,1PE,PG4,0.141379887359,0.115254789953,0.0261250974063,False,2,1.70000004768,0.705
3ie3 MES 212 B,MES,MES,0.823697048714,0.823697048714,0.0,True,1,1.79999995232,0.924
3ie3 MES 212 A,GOL,MES,0.184032765681,0.0943024642311,0.0897303014502,False,3,1.79999995232,0.848
3ie2 SO4 439 B,UMP,SO4_SO4,0.257668647109,0.0260194685414,0.231649178568,False,8,2.79999995232,0.956
3ie1 FLC 451 A,SO4,FLC,0.271213855754,0.00850948304988,0.262704372704,False,16,2.90000009537,0.835
3ie0 FLC 452 A,GOL,FLC,0.181134957943,0.00361414038441,0.177520817558,False,32,2.70000004768,0.784
3ie0 FLC 451 B,GOL,FLC,0.210864932116,0.00219331016379,0.208671621952,False,63,2.70000004768,0.902
3idz FLC 456 B,SO4,FLC,0.0826912459544,0.00315880555151,0.0795324404029,False,64,2.5,0.714
3idz FLC 454 A,SO4,FLC,0.271238111593,0.000947086541029,0.270291025052,False,74,2.5,0.669
3idy NAG 948 G,NAG,NAG,0.957138524073,0.957138524073,0.0,True,1,2.79999995232,0.862
3idy NAG 948 A,NAG,NAG,0.596437081962,0.596437081962,0.0,True,1,2.79999995232,0.921
3idy NAG 892 G,NAG,NAG,0.911116175411,0.911116175411,0.0,True,1,2.79999995232,0.904
3idy NAG 886 G,NAG,NAG,0.893920009887,0.893920009887,0.0,True,1,2.79999995232,0.942
3idy NAG 886 A,NAG,NAG,0.732404783419,0.732404783419,0.0,True,1,2.79999995232,0.926
3idy NAG 795 G,NAG,NAG,0.913122173651,0.913122173651,0.0,True,1,2.79999995232,0.933
3idy NAG 795 A,NAG,NAG,0.988249076248,0.988249076248,0.0,True,1,2.79999995232,0.933
3idy NAG 789 A,SO4_SO4,NAG_NAG,0.230722003374,0.00220105423081,0.228520949143,False,65,2.79999995232,0.947
3idy NAG 776 G,SO4,NAG,0.44127014393,0.173080026953,0.268190116978,False,2,2.79999995232,0.922
3idy NAG 776 A,NAG,NAG,0.478178565347,0.478178565347,0.0,True,1,2.79999995232,0.843
3idy NAG 762 G,NAG,NAG,0.145317408941,0.145317408941,0.0,True,1,2.79999995232,0.963
3idy NAG 762 A,NAG,NAG,0.119200710908,0.119200710908,0.0,True,1,2.79999995232,0.955
3idy NAG 741 G,SO4,NAG,0.542333904583,0.152244533038,0.390089371545,False,2,2.79999995232,0.845
3idy NAG 734 G,NAG,NAG,0.753116381309,0.753116381309,0.0,True,1,2.79999995232,0.884
3idy NAG 734 A,NAG,NAG,0.611427273864,0.611427273864,0.0,True,1,2.79999995232,0.865
3idx NAG 948 G,NAG,NAG,0.808182722598,0.808182722598,0.0,True,1,2.20000004768,0.932
3idx NAG 892 G,NAG,NAG,0.894801863473,0.894801863473,0.0,True,1,2.20000004768,0.941
3idx NAG 886 G,GAL_SIA,NAG,0.177755716675,0.0444629307607,0.133292785914,False,4,2.20000004768,0.972
3idx NAG 856 G,NAG,NAG,0.195731106178,0.195731106178,0.0,True,1,2.20000004768,0.841
3idx NAG 839 G,NAG,NAG,0.485081635309,0.485081635309,0.0,True,1,2.20000004768,0.909
3idx NAG 795 G,NAG,NAG,0.832277037281,0.832277037281,0.0,True,1,2.20000004768,0.957
3idx NAG 776 G,NAG,NAG,0.883755682967,0.883755682967,0.0,True,1,2.20000004768,0.94
3idx NAG 762 G,NAG,NAG,0.20316039772,0.20316039772,0.0,True,1,2.20000004768,0.983
3idx NAG 741 G,NAG,NAG,0.806976230149,0.806976230149,0.0,True,1,2.20000004768,0.903
3idx NAG 734 G,NAG,NAG,0.859827086718,0.859827086718,0.0,True,1,2.20000004768,0.927
3idx NAG 697 G,NAG,NAG,0.911208963569,0.911208963569,0.0,True,1,2.20000004768,0.716
3idx NAG 588 G,NAG,NAG,0.615029463164,0.615029463164,0.0,True,1,2.20000004768,0.93
3idx EPE 1001 H,GOL,EPE,0.304768388297,0.00133269235381,0.303435695943,False,51,2.20000004768,0.806
3idx EPE 1000 G,SO4,EPE,0.916894255942,0.0014999206281,0.915394335314,False,9,2.20000004768,0.922
3ids GOL 362 A,GOL,GOL,0.527480417974,0.527480417974,0.0,True,1,1.79999995232,0.866
3ids GOL 361 D,GOL,GOL,0.789287759638,0.789287759638,0.0,True,1,1.79999995232,0.936
3ids GOL 361 C,GOL,GOL,0.767978854601,0.767978854601,0.0,True,1,1.79999995232,0.898
3ids GOL 361 A,GOL,GOL,0.738568108427,0.738568108427,0.0,True,1,1.79999995232,0.873
3ido EPE 201 B,EPE,EPE,0.916996661011,0.916996661011,0.0,True,1,2.20000004768,0.987
3ido EPE 201 A,EPE,EPE,0.874641147389,0.874641147389,0.0,True,1,2.20000004768,0.989
3idi GOL 300 B,GOL,GOL,0.785175521664,0.785175521664,0.0,True,1,2.09999990463,0.734
3idc TPO 197 A,SEP,TPO,0.720633086294,0.211200031799,0.509433054494,False,2,2.0,0.972
3idc SEP 338 A,ADP,SEP,0.151920704481,0.133370994746,0.0185497097347,False,2,2.0,0.876
3idb TPO 197 A,TPO,TPO,0.966051727447,0.966051727447,0.0,True,1,1.5,0.986
3idb SEP 338 A,SEP,SEP,0.643318141787,0.643318141787,0.0,True,1,1.5,0.905
3ida GOL 594 A,GOL,GOL,0.54562916672,0.54562916672,0.0,True,1,1.60000002384,0.763
3ida GOL 593 A,GOL,GOL,0.920349187504,0.920349187504,0.0,True,1,1.60000002384,0.961
3ida GOL 592 A,GOL,GOL,0.973388013595,0.973388013595,0.0,True,1,1.60000002384,0.789
3ida GOL 591 A,GOL,GOL,0.805725544855,0.805725544855,0.0,True,1,1.60000002384,0.903
3ida GOL 590 A,GOL,GOL,0.461785234876,0.461785234876,0.0,True,1,1.60000002384,0.891
3ida GOL 3287 A,GOL,GOL,0.510813116917,0.510813116917,0.0,True,1,1.60000002384,0.839
3id8 ANP 600 A,SO4,ANP,0.299941090251,0.00173980045014,0.298201289801,False,51,2.40000009537,0.808
3id6 SAM 301 C,ATP,SAM,0.0882553611475,0.0197644067755,0.068490954372,False,10,2.59999990463,0.87
3icy GOL 117 A,GOL,GOL,0.557438841487,0.557438841487,0.0,True,1,2.70000004768,0.943
3icy GOL 116 B,SO4,GOL,0.346984297109,0.231661318566,0.115322978543,False,2,2.70000004768,0.958
3icy GOL 116 A,EDO,GOL,0.303450755851,0.020573031478,0.282877724373,False,8,2.70000004768,0.865
3icu NAG 301 A,NAG,NAG,0.788390218445,0.788390218445,0.0,True,1,2.09999990463,0.695
3icq GTP 250 B,GNP_MG,GTP,0.763071248279,0.00963394537966,0.753437302899,False,8,3.20000004768,0.938
3icc MES 401 B,SO4,MES,0.451745947728,0.0175679986054,0.434177949122,False,6,1.89999997616,0.934
3ica GOL 216 A,SO4,GOL,0.830117880527,0.0191326927689,0.810985187758,False,4,2.40000009537,0.749
3ica GOL 215 B,EDO,GOL,0.419120738773,0.0591764158149,0.359944322958,False,4,2.40000009537,0.765
3ica GOL 215 A,EDO,GOL,0.40411214397,0.302615173896,0.101496970074,False,2,2.40000009537,0.62
3ica GOL 213 B,GOL,GOL,0.694387656118,0.694387656118,0.0,True,1,2.40000009537,0.844
3ica GOL 213 A,GOL,GOL,0.647205896479,0.647205896479,0.0,True,1,2.40000009537,0.682
3ica GOL 212 B,EDO,GOL,0.702081043675,0.0717152826625,0.630365761013,False,2,2.40000009537,0.738
3ica GOL 212 A,PEG,GOL,0.577542165238,0.08710681594,0.490435349298,False,2,2.40000009537,0.91
3ic1 GOL 3002 A,GOL,GOL,0.478591404961,0.478591404961,0.0,True,1,2.29999995232,0.664
3ibs GOL 214 A,GOL,GOL,0.609744461668,0.609744461668,0.0,True,1,2.09999990463,0.929
3ibq ATP 281 A,SAM,MG,0.169517872061,0.00690623727857,0.162611634782,False,27,2.0,0.833
3ibm GOL 166 B,GOL,GOL,0.671917557919,0.671917557919,0.0,True,1,2.0,0.871
3ibd SCN 1006 A,EDO,SCN,0.455288149945,0.00269278382647,0.452595366119,False,13,2.0,0.741
3ibd SCN 1005 A,EDO,SCN,0.472179564913,0.123667075631,0.348512489281,False,3,2.0,0.922
3ibd SCN 1004 A,EDO,SCN,0.706213110136,0.0318664075911,0.674346702545,False,4,2.0,0.946
3ibd SCN 1003 A,EDO,SCN,0.532571168342,0.163826170855,0.368744997487,False,2,2.0,0.961
3ib8 BTB 777 A,BTB,BTB,0.884955173715,0.884955173715,0.0,True,1,1.79999995232,0.963
3ib7 BTB 777 A,BTB,BTB,0.965662766932,0.965662766932,0.0,True,1,1.60000002384,0.958
3ib7 ACT 1000 A,EDO,ACT,0.641237489207,0.0408032567162,0.600434232491,False,3,1.60000002384,0.754
3ib5 NO3 5 A,EDO,NO3,0.383536832681,0.0549115551789,0.328625277502,False,4,1.39999997616,0.954
3ib4 CSO 80 A,MLY,CSO,0.262030093524,0.0267600583335,0.23527003519,False,7,1.29999995232,0.973
3ib2 NAG 689 A,NAG_NAG,NAG_NAG,0.78129224036,0.78129224036,0.0,True,1,2.29999995232,0.949
3ib2 NAG 1 A,NAG,NAG,0.935383463802,0.935383463802,0.0,True,1,2.29999995232,0.91
3ib1 NAG 5 A,NAG,NAG,0.993851880095,0.993851880095,0.0,True,1,2.20000004768,0.935
3ib1 NAG 2 A,NAG,NAG,0.918325779983,0.918325779983,0.0,True,1,2.20000004768,0.888
3ib0 NAG 9 A,NAG,NAG,0.334062204168,0.334062204168,0.0,True,1,1.39999997616,0.861
3ib0 NAG 8 A,NAG,NAG,0.925596303145,0.925596303145,0.0,True,1,1.39999997616,0.912
3iaz NAG 8 A,NAG,NAG,0.997123757992,0.997123757992,0.0,True,1,2.0,0.934
3iaz NAG 3 A,NAG,NAG,0.977422566146,0.977422566146,0.0,True,1,2.0,0.832
3iaz NAG 1 A,NAG,NAG,0.984510170909,0.984510170909,0.0,True,1,2.0,0.792
3iay DOC 12 P,DOC,DOC,0.892748711713,0.892748711713,0.0,True,1,2.0,0.984
3iay ACT 987 A,GOL,ACT,0.843491051813,0.00762265002071,0.835868401793,False,4,2.0,0.92
3iax GOL 502 A,GOL,GOL,0.34253603343,0.34253603343,0.0,True,1,2.59999990463,0.791
3iau LLP 91 B,LLP,LLP,0.730081910438,0.730081910438,0.0,True,1,2.40000009537,0.978
3iau LLP 91 A,LLP,LLP,0.487379132121,0.487379132121,0.0,True,1,2.40000009537,0.973
3iau ACT 370 A,GOL,ACT,0.599204998083,0.00766215893838,0.591542839145,False,7,2.40000009537,0.773
3iau ACT 369 A,SO4,ACT,0.75073826838,0.00707663599488,0.743661632385,False,6,2.40000009537,0.765
3iau ACT 367 B,GOL,ACT,0.319441960807,0.0671407034804,0.252301257327,False,4,2.40000009537,0.929
3iar NO3 371 A,ACT,NO3,0.47315203634,0.32629925765,0.14685277869,False,2,1.5,0.943
3iar NO3 2 A,NO3,NO3,0.825740489729,0.825740489729,0.0,True,1,1.5,0.956
3iar GOL 372 A,EDO,GOL,0.500151725928,0.092171172963,0.407980552965,False,3,1.5,0.917
3iaq DMS 7026 C,SO4,DMS,0.404040793743,0.183232596374,0.220808197369,False,2,2.70000004768,0.974
3iaq DMS 7025 C,SO4,DMS,0.308847562692,0.263929937375,0.0449176253175,False,2,2.70000004768,0.975
3iaq DMS 7024 C,SO4,DMS,0.177312689724,0.0905920531538,0.0867206365702,False,4,2.70000004768,0.928
3iaq DMS 7023 C,SO4,DMS,0.474876028277,0.0665770766233,0.408298951653,False,3,2.70000004768,0.971
3iaq DMS 7022 A,NAG,DMS,0.319178480777,0.0241301540859,0.295048326692,False,5,2.70000004768,0.949
3iaq DMS 7021 A,SO4,DMS,0.413892293128,0.135313795578,0.27857849755,False,2,2.70000004768,0.933
3iaq DMS 7020 D,SO4,DMS,0.516561910522,0.0454793470819,0.47108256344,False,4,2.70000004768,0.856
3iaq DMS 7020 C,EDO,DMS,0.453888865281,0.00250661469113,0.451382250589,False,15,2.70000004768,0.856
3iaq DMS 7020 A,SO4,DMS,0.71061273127,0.016462593988,0.694150137282,False,5,2.70000004768,0.96
3iaq DMS 7019 D,SO4,DMS,0.557263116008,0.043823676415,0.513439439593,False,3,2.70000004768,0.974
3iaq DMS 7019 C,DMS,DMS,0.366194786475,0.366194786475,0.0,True,1,2.70000004768,0.912
3iaq DMS 7019 A,DMS,DMS,0.449355491871,0.449355491871,0.0,True,1,2.70000004768,0.951
3iaq DMS 7018 D,DMS,DMS,0.590609996471,0.590609996471,0.0,True,1,2.70000004768,0.971
3iaq DMS 7018 B,SO4,DMS,0.302826639233,0.0134430036121,0.289383635621,False,8,2.70000004768,0.982
3iaq DMS 7017 B,DMS,DMS,0.380674132589,0.380674132589,0.0,True,1,2.70000004768,0.973
3iaq DMS 7016 D,SO4,DMS,0.358288897595,0.231488413719,0.126800483875,False,2,2.70000004768,0.949
3iaq DMS 7016 C,SO4,DMS,0.658741764445,0.0081661723653,0.650575592079,False,6,2.70000004768,0.926
3iaq DMS 7016 A,SO4,DMS,0.622043553493,0.0505486432921,0.571494910201,False,3,2.70000004768,0.967
3iaq DMS 7015 C,DMS,DMS,0.545286332128,0.545286332128,0.0,True,1,2.70000004768,0.935
3iaq DMS 7015 B,NAG,DMS,0.342918333817,0.014703109106,0.328215224711,False,8,2.70000004768,0.951
3iaq DMS 7014 C,EDO,DMS,0.574237163912,0.00471260035694,0.569524563555,False,12,2.70000004768,0.861
3iaq DMS 7014 A,SO4,DMS,0.497943561526,0.0716012645057,0.426342297021,False,4,2.70000004768,0.924
3iaq DMS 7013 D,SO4,DMS,0.798626207225,0.0296616764127,0.768964530813,False,3,2.70000004768,0.902
3iaq DMS 7013 C,SO4,DMS,0.876557718713,0.0114133421112,0.865144376602,False,3,2.70000004768,0.938
3iaq DMS 7013 B,SO4,DMS,0.224589485598,0.0101254536485,0.214464031949,False,9,2.70000004768,0.931
3iaq DMS 7012 C,SO4,DMS,0.787090502079,0.0281499692528,0.758940532826,False,3,2.70000004768,0.979
3iaq DMS 7012 B,DMS,DMS,0.35014565435,0.35014565435,0.0,True,1,2.70000004768,0.96
3iaq DMS 7011 D,SO4,DMS,0.644112511942,0.159922816215,0.484189695727,False,2,2.70000004768,0.983
3iaq DMS 7011 C,SO4,DMS,0.637619536119,0.0193626188655,0.618256917253,False,5,2.70000004768,0.978
3iaq DMS 7011 B,SO4,DMS,0.818466318897,0.0073918206032,0.811074498294,False,6,2.70000004768,0.97
3iaq DMS 7011 A,SO4,DMS,0.442107388968,0.179208110614,0.262899278355,False,2,2.70000004768,0.972
3iaq DMS 7010 D,SO4,DMS,0.59810905777,0.0134324631412,0.584676594629,False,5,2.70000004768,0.975
3iaq DMS 7010 B,SO4,DMS,0.722546955076,0.0199612274172,0.702585727659,False,4,2.70000004768,0.976
3iaq DMS 7010 A,GOL,DMS,0.302916073393,0.00652895223554,0.296387121158,False,11,2.70000004768,0.955
3iaq DMS 7009 D,SO4,DMS,0.549593114838,0.0823289595995,0.467264155238,False,2,2.70000004768,0.93
3iaq DMS 7009 C,DMS,DMS,0.417735923235,0.417735923235,0.0,True,1,2.70000004768,0.94
3iaq DMS 7008 D,DMS,DMS,0.520989240645,0.520989240645,0.0,True,1,2.70000004768,0.972
3iaq DMS 7008 C,DMS,DMS,0.348029158926,0.348029158926,0.0,True,1,2.70000004768,0.965
3iaq DMS 7008 B,SO4,DMS,0.398679803682,0.329872646678,0.0688071570041,False,2,2.70000004768,0.898
3iaq DMS 7008 A,SO4,DMS,0.572927977527,0.102249060902,0.470678916624,False,2,2.70000004768,0.929
3iaq DMS 7007 D,SO4,DMS,0.528154634568,0.168389651701,0.359764982868,False,2,2.70000004768,0.955
3iaq DMS 7007 C,EDO,DMS,0.374257950836,0.0156778297604,0.358580121075,False,6,2.70000004768,0.968
3iaq DMS 7007 B,SO4,DMS,0.332664045653,0.298320516139,0.0343435295146,False,2,2.70000004768,0.95
3iaq DMS 7007 A,SO4,DMS,0.398864727315,0.177307936479,0.221556790836,False,2,2.70000004768,0.97
3iaq DMS 7006 D,SO4,DMS,0.277249258181,0.0656319206119,0.211617337569,False,4,2.70000004768,0.967
3iaq DMS 7006 A,SO4,DMS,0.291428665973,0.0686943389297,0.222734327044,False,4,2.70000004768,0.909
3iaq DMS 7005 D,SO4,DMS,0.538736646447,0.217043537547,0.3216931089,False,2,2.70000004768,0.946
3iaq DMS 7005 C,SO4,DMS,0.515387099522,0.0745555313769,0.440831568145,False,3,2.70000004768,0.941
3iaq DMS 7005 B,DMS,DMS,0.523323382369,0.523323382369,0.0,True,1,2.70000004768,0.964
3iaq DMS 7005 A,SO4,DMS,0.902494555617,0.0156624187686,0.886832136849,False,2,2.70000004768,0.971
3iaq DMS 7004 C,DMS,DMS,0.565175609907,0.565175609907,0.0,True,1,2.70000004768,0.955
3iaq DMS 7004 B,SO4,DMS,0.412842091799,0.283458410345,0.129383681454,False,2,2.70000004768,0.966
3iaq DMS 7004 A,SO4,DMS,0.247933668696,0.191010142778,0.0569235259182,False,3,2.70000004768,0.96
3iaq DMS 7003 D,SO4,DMS,0.519965517634,0.0763155048683,0.443650012766,False,3,2.70000004768,0.977
3iaq DMS 7003 C,DMS,DMS,0.401288490668,0.401288490668,0.0,True,1,2.70000004768,0.986
3iaq DMS 7003 B,DMS,DMS,0.392753987461,0.392753987461,0.0,True,1,2.70000004768,0.976
3iaq DMS 7003 A,SO4,DMS,0.354275221715,0.2936736556,0.0606015661147,False,2,2.70000004768,0.977
3iaq DMS 7002 D,EDO,DMS,0.351493196299,0.0269551394746,0.324538056824,False,5,2.70000004768,0.961
3iaq DMS 7002 C,GOL,DMS,0.331325819679,0.0604447521644,0.270881067515,False,4,2.70000004768,0.981
3iaq DMS 7002 B,SO4,DMS,0.591313063373,0.0434098943848,0.547903168988,False,4,2.70000004768,0.982
3iaq DMS 7001 D,EDO,DMS,0.498832854359,0.0598855586689,0.43894729569,False,3,2.70000004768,0.981
3iaq DMS 7001 C,SO4,DMS,0.629086716968,0.0677539017919,0.561332815176,False,3,2.70000004768,0.982
3iaq DMS 7001 B,SO4,DMS,0.732902642847,0.0148965862625,0.718006056584,False,4,2.70000004768,0.99
3iaq DMS 7001 A,SO4,DMS,0.81274785668,0.0167187726752,0.796029084005,False,3,2.70000004768,0.977
3iaq DMS 1024 C,EDO,DMS,0.44829624185,0.067254176635,0.381042065215,False,2,2.70000004768,0.914
3iap DMS 7033 B,GOL,DMS,0.217574910823,0.0881000995816,0.129474811242,False,4,2.0,0.876
3iap DMS 7032 B,EDO,DMS,0.502802132272,0.0864466028943,0.416355529377,False,3,2.0,0.773
3iap DMS 7031 C,GOL,DMS,0.270528254801,0.111165918335,0.159362336466,False,4,2.0,0.945
3iap DMS 7031 B,GOL,DMS,0.472164097556,0.00260103829263,0.469563059263,False,14,2.0,0.712
3iap DMS 7030 C,DMS,DMS,0.350847103381,0.350847103381,0.0,True,1,2.0,0.833
3iap DMS 7030 A,SO4,DMS,0.341900509328,0.315085377456,0.0268151318713,False,2,2.0,0.918
3iap DMS 7029 C,SO4,DMS,0.196610315054,0.160503193525,0.0361071215292,False,2,2.0,0.852
3iap DMS 7029 B,PEG,DMS,0.175933735451,0.0272693458494,0.148664389602,False,8,2.0,0.918
3iap DMS 7029 A,SO4,DMS,0.708869668867,0.0502743000539,0.658595368813,False,2,2.0,0.952
3iap DMS 7028 C,DMS,DMS,0.652316896994,0.652316896994,0.0,True,1,2.0,0.95
3iap DMS 7028 A,SO4,DMS,0.304684068886,0.167997705945,0.136686362941,False,2,2.0,0.931
3iap DMS 7027 D,SO4,DMS,0.292732957779,0.241237102199,0.0514958555803,False,2,2.0,0.757
3iap DMS 7027 C,EDO,DMS,0.551063854593,0.0105815065278,0.540482348065,False,6,2.0,0.936
3iap DMS 7027 B,DMS,DMS,0.57726447298,0.57726447298,0.0,True,1,2.0,0.913
3iap DMS 7027 A,SO4,DMS,0.58856301174,0.0400935893302,0.548469422409,False,4,2.0,0.932
3iap DMS 7026 D,DMS,DMS,0.333044483623,0.333044483623,0.0,True,1,2.0,0.93
3iap DMS 7025 D,DMS,DMS,0.484895827538,0.484895827538,0.0,True,1,2.0,0.931
3iap DMS 7025 C,SO4,DMS,0.633098128757,0.110963460449,0.522134668307,False,2,2.0,0.961
3iap DMS 7025 A,GOL,DMS,0.199056950488,0.0279255802929,0.171131370195,False,6,2.0,0.738
3iap DMS 7024 D,GOL,DMS,0.409321606027,0.185261791868,0.224059814159,False,2,2.0,0.798
3iap DMS 7024 B,EDO,DMS,0.484927208259,0.100777250405,0.384149957853,False,3,2.0,0.902
3iap DMS 7023 D,DMS,DMS,0.549223328158,0.549223328158,0.0,True,1,2.0,0.91
3iap DMS 7023 C,SO4,DMS,0.555824292136,0.0370567137231,0.518767578413,False,5,2.0,0.902
3iap DMS 7023 A,DMS,DMS,0.293770212466,0.293770212466,0.0,True,1,2.0,0.929
3iap DMS 7022 D,DMS,DMS,0.453067993744,0.453067993744,0.0,True,1,2.0,0.926
3iap DMS 7022 C,SO4,DMS,0.506279149525,0.0502286059692,0.456050543556,False,4,2.0,0.919
3iap DMS 7022 B,SO4,DMS,0.508836764623,0.0786666491836,0.43017011544,False,2,2.0,0.934
3iap DMS 7022 A,DMS,DMS,0.922829078015,0.922829078015,0.0,True,1,2.0,0.974
3iap DMS 7021 B,SO4,DMS,0.371745670533,0.0590580519638,0.31268761857,False,4,2.0,0.789
3iap DMS 7021 A,DMS,DMS,0.424872697221,0.424872697221,0.0,True,1,2.0,0.93
3iap DMS 7020 D,EDO,DMS,0.663340551528,0.0210812556587,0.642259295869,False,5,2.0,0.921
3iap DMS 7020 B,EDO,DMS,0.259394247426,0.174003797151,0.0853904502747,False,2,2.0,0.858
3iap DMS 7020 A,DMS,DMS,0.426373602244,0.426373602244,0.0,True,1,2.0,0.884
3iap DMS 7018 D,DMS,DMS,0.687996667278,0.687996667278,0.0,True,1,2.0,0.922
3iap DMS 7018 C,DMS,DMS,0.609360311157,0.609360311157,0.0,True,1,2.0,0.913
3iap DMS 7018 A,GOL,DMS,0.271898014605,0.0456280798226,0.226269934782,False,4,2.0,0.843
3iap DMS 7017 B,SO4,DMS,0.839686238853,0.00076300896558,0.838923229887,False,17,2.0,0.942
3iap DMS 7017 A,SO4,DMS,0.23471231003,0.0704827045651,0.164229605465,False,5,2.0,0.915
3iap DMS 7016 A,EDO,DMS,0.406206420182,0.219989111974,0.186217308209,False,2,2.0,0.936
3iap DMS 7015 D,DMS,DMS,0.477078469157,0.477078469157,0.0,True,1,2.0,0.871
3iap DMS 7015 A,SO4,DMS,0.719650813203,0.0152631363,0.704387676903,False,6,2.0,0.815
3iap DMS 7014 C,EDO,DMS,0.402174507196,0.196957648743,0.205216858453,False,2,2.0,0.9
3iap DMS 7014 A,SO4,DMS,0.204704612639,0.144826583318,0.0598780293205,False,2,2.0,0.877
3iap DMS 7013 B,DMS,DMS,0.362578477808,0.362578477808,0.0,True,1,2.0,0.905
3iap DMS 7013 A,EDO,DMS,0.478438708891,0.0594690435236,0.418969665368,False,3,2.0,0.884
3iap DMS 7012 D,SO4,DMS,0.814246237679,0.0186080055139,0.795638232165,False,4,2.0,0.95
3iap DMS 7012 C,SO4,DMS,0.376744610345,0.110575516141,0.266169094204,False,2,2.0,0.801
3iap DMS 7011 C,ACT,DMS,0.368618313084,0.0163514236902,0.352266889394,False,5,2.0,0.821
3iap DMS 7011 B,EDO,DMS,0.418562991942,0.0178778505884,0.400685141353,False,7,2.0,0.928
3iap DMS 7011 A,EDO,DMS,0.423293631067,0.0137316840525,0.409561947015,False,5,2.0,0.887
3iap DMS 7010 D,SO4,DMS,0.565857094403,0.104613430641,0.461243663762,False,2,2.0,0.904
3iap DMS 7010 C,DMS,DMS,0.375258596263,0.375258596263,0.0,True,1,2.0,0.952
3iap DMS 7010 A,SO4,DMS,0.884044919942,0.0111525209185,0.872892399023,False,5,2.0,0.974
3iap DMS 7009 B,GOL,DMS,0.222880888357,0.150491849584,0.0723890387728,False,3,2.0,0.93
3iap DMS 7008 A,SO4,DMS,0.229227394368,0.138526741375,0.0907006529924,False,3,2.0,0.814
3iap DMS 7007 D,DMS,DMS,0.268489565647,0.268489565647,0.0,True,1,2.0,0.952
3iap DMS 7007 C,DMS,DMS,0.893650096426,0.893650096426,0.0,True,1,2.0,0.95
3iap DMS 7007 B,DMS,DMS,0.394637529252,0.394637529252,0.0,True,1,2.0,0.949
3iap DMS 7007 A,SO4,DMS,0.343814384068,0.0585732680566,0.285241116012,False,4,2.0,0.876
3iap DMS 7006 D,SO4,DMS,0.270203407314,0.208663270083,0.0615401372316,False,2,2.0,0.94
3iap DMS 7006 C,SO4,DMS,0.311511526479,0.15965545795,0.151856068529,False,2,2.0,0.917
3iap DMS 7005 D,SO4,DMS,0.584682962654,0.09223452759,0.492448435064,False,3,2.0,0.975
3iap DMS 7005 C,DMS,DMS,0.720463559776,0.720463559776,0.0,True,1,2.0,0.969
3iap DMS 7005 B,DMS,DMS,0.736504050411,0.736504050411,0.0,True,1,2.0,0.962
3iap DMS 7005 A,DMS,DMS,0.780812275683,0.780812275683,0.0,True,1,2.0,0.906
3iap DMS 7004 D,SCN,DMS,0.228964475874,0.162489474048,0.0664750018251,False,2,2.0,0.904
3iap DMS 7004 C,DMS,DMS,0.428990073114,0.428990073114,0.0,True,1,2.0,0.89
3iap DMS 7004 B,SO4,DMS,0.478498221101,0.333197417344,0.145300803758,False,2,2.0,0.906
3iap DMS 7004 A,DMS,DMS,0.530314479075,0.530314479075,0.0,True,1,2.0,0.827
3iap DMS 7003 D,DMS,DMS,0.613412921752,0.613412921752,0.0,True,1,2.0,0.98
3iap DMS 7003 C,SO4,DMS,0.348802213058,0.264548656219,0.0842535568389,False,2,2.0,0.969
3iap DMS 7003 B,DMS,DMS,0.916352134339,0.916352134339,0.0,True,1,2.0,0.972
3iap DMS 7002 D,EDO,DMS,0.335154184093,0.259622278571,0.0755319055219,False,2,2.0,0.923
3iap DMS 7002 C,SO4,DMS,0.444667889905,0.325236544304,0.119431345601,False,2,2.0,0.939
3iap DMS 7002 B,SO4,DMS,0.459736916157,0.04441921034,0.415317705817,False,3,2.0,0.942
3iap DMS 7002 A,EDO,DMS,0.461833881755,0.0593281289492,0.402505752806,False,4,2.0,0.897
3iap DMS 7001 D,DMS,DMS,0.910974676985,0.910974676985,0.0,True,1,2.0,0.975
3iap DMS 7001 C,DMS,DMS,0.662893395434,0.662893395434,0.0,True,1,2.0,0.986
3iap DMS 7001 B,DMS,DMS,0.64965925529,0.64965925529,0.0,True,1,2.0,0.984
3iap DMS 7001 A,DMS,DMS,0.916407492667,0.916407492667,0.0,True,1,2.0,0.986
3iap BTB 6001 C,GOL,BTB,0.418056009013,0.0544714312502,0.363584577763,False,3,2.0,0.783
3ial GOL 605 A,GOL,GOL,0.885718374853,0.885718374853,0.0,True,1,2.20000004768,0.89
3ial GOL 604 A,GOL,GOL,0.349778894579,0.349778894579,0.0,True,1,2.20000004768,0.788
3ial GOL 602 B,GOL,GOL,0.754463648509,0.754463648509,0.0,True,1,2.20000004768,0.849
3ial GOL 602 A,GOL,GOL,0.503186657654,0.503186657654,0.0,True,1,2.20000004768,0.835
3iai TRS 501 C,DMS,TRS,0.298695545422,0.000689503055351,0.298006042367,False,71,2.20000004768,0.717
3iai TRS 501 B,SO4,TRS,0.279455989893,0.00561894255312,0.27383704734,False,13,2.20000004768,0.742
3iai TRS 501 A,DMS,TRS,0.561285111984,0.00327727032833,0.558007841656,False,15,2.20000004768,0.775
3iai NAG 264 C,NAG_NAG,NAG_NAG,0.9970865969,0.9970865969,0.0,True,1,2.20000004768,0.964
3iai NAG 264 B,NAG_NAG,NAG_NAG,0.98104481042,0.98104481042,0.0,True,1,2.20000004768,0.956
3iai NAG 264 A,NAG_NAG,NAG_NAG,0.990712921176,0.990712921176,0.0,True,1,2.20000004768,0.93
3iai GOL 307 D,SO4,GOL,0.480563392563,0.165935081859,0.314628310704,False,2,2.20000004768,0.802
3iai GOL 306 D,GOL,GOL,0.281142307952,0.281142307952,0.0,True,1,2.20000004768,0.872
3iai GOL 304 D,GOL,GOL,0.860263827178,0.860263827178,0.0,True,1,2.20000004768,0.901
3iai GOL 304 C,EDO,GOL,0.405285334112,0.381356529019,0.0239288050926,False,2,2.20000004768,0.842
3iai GOL 304 B,GOL,GOL,0.628759506108,0.628759506108,0.0,True,1,2.20000004768,0.864
3iai GOL 304 A,GOL,GOL,0.53296965891,0.53296965891,0.0,True,1,2.20000004768,0.842
3iai GOL 303 D,EDO,GOL,0.562222104175,0.0902035014676,0.472018602708,False,3,2.20000004768,0.843
3iai GOL 303 B,GOL,GOL,0.37293170481,0.37293170481,0.0,True,1,2.20000004768,0.794
3iai GOL 302 D,GOL,GOL,0.413434535598,0.413434535598,0.0,True,1,2.20000004768,0.828
3iai GOL 302 C,EDO,GOL,0.76808273686,0.0683216152665,0.699761121593,False,2,2.20000004768,0.816
3iai GOL 302 B,GOL,GOL,0.441806380945,0.441806380945,0.0,True,1,2.20000004768,0.844
3iai GOL 301 D,GOL,GOL,0.752373745881,0.752373745881,0.0,True,1,2.20000004768,0.86
3iai GOL 301 C,GOL,GOL,0.751365134068,0.751365134068,0.0,True,1,2.20000004768,0.876
3iai GOL 301 B,GOL,GOL,0.325741054797,0.325741054797,0.0,True,1,2.20000004768,0.854
3iai GOL 301 A,EDO,GOL,0.62163468626,0.205570412001,0.416064274259,False,2,2.20000004768,0.817
3iai GOL 300 A,GOL,GOL,0.522170486801,0.522170486801,0.0,True,1,2.20000004768,0.795
3iah ACT 255 B,ACT,ACT,0.792898048111,0.792898048111,0.0,True,1,1.79999995232,0.935
3iah ACT 255 A,DMS,ACT,0.39620263515,0.112593703682,0.283608931467,False,2,1.79999995232,0.935
3iaf SEP 28 C,SO4,SEP,0.135631664676,0.0171883683866,0.11844329629,False,10,2.79999995232,0.963
3iaf SEP 28 B,SO4,SEP,0.189077375277,0.00589945180827,0.183177923469,False,17,2.79999995232,0.847
3iaf SEP 28 A,SEP,SEP,0.51224450059,0.51224450059,0.0,True,1,2.79999995232,0.969
3iad EPE 806 A,SO4,EPE,0.913779468986,0.0024792400893,0.911300228897,False,4,2.59999990463,0.911
3iad EPE 805 D,SO4,EPE,0.610144536728,0.00245118111734,0.60769335561,False,10,2.59999990463,0.937
3iad EPE 804 D,DMS,EPE,0.472705833509,0.00133646047266,0.471369373037,False,12,2.59999990463,0.927
3iad EPE 803 C,PTR,EPE,0.183771220707,0.173251050715,0.0105201699927,False,2,2.59999990463,0.962
3iad EPE 802 B,SO4,EPE,0.846761619335,0.000586746681486,0.846174872653,False,11,2.59999990463,0.936
3iad EPE 801 B,SO4,EPE,0.683513908158,0.00104083380337,0.682473074354,False,37,2.59999990463,0.918
3iaa TYD 398 B,GDP,TYD,0.394808995245,0.0307619594842,0.364047035761,False,4,2.5,0.98
3iaa TYD 398 A,GDP,TYD,0.279034971843,0.0416927207955,0.237342251047,False,5,2.5,0.97
3ia2 GOL 277 E,EDO,GOL,0.551699903921,0.323694010725,0.228005893196,False,2,1.70000004768,0.774
3ia2 GOL 276 F,SO4,GOL,0.344214512797,0.226168263457,0.11804624934,False,2,1.70000004768,0.897
3ia2 GOL 276 D,EDO,GOL,0.509752378487,0.257514586914,0.252237791572,False,2,1.70000004768,0.647
3ia2 GOL 276 C,GOL,GOL,0.485237866577,0.485237866577,0.0,True,1,1.70000004768,0.711
3ia2 GOL 276 B,GOL,GOL,0.738091055305,0.738091055305,0.0,True,1,1.70000004768,0.809
3ia2 GOL 276 A,GOL,GOL,0.56948153713,0.56948153713,0.0,True,1,1.70000004768,0.911
3ia2 GOL 275 F,GOL,GOL,0.96291110751,0.96291110751,0.0,True,1,1.70000004768,0.872
3ia2 GOL 275 E,GOL,GOL,0.588131897411,0.588131897411,0.0,True,1,1.70000004768,0.813
3ia2 GOL 275 D,GOL,GOL,0.644148539801,0.644148539801,0.0,True,1,1.70000004768,0.822
3ia2 GOL 275 C,SO4,GOL,0.302953604746,0.0232257322386,0.279727872508,False,7,1.70000004768,0.787
3ia2 GOL 275 B,GOL,GOL,0.756392857483,0.756392857483,0.0,True,1,1.70000004768,0.856
3ia2 GOL 275 A,SO4,GOL,0.34612464658,0.295545846554,0.0505788000258,False,2,1.70000004768,0.786
3ia2 GOL 274 F,GOL,GOL,0.625231673482,0.625231673482,0.0,True,1,1.70000004768,0.772
3ia2 GOL 274 E,GOL,GOL,0.929122998281,0.929122998281,0.0,True,1,1.70000004768,0.863
3ia2 GOL 274 D,GOL,GOL,0.984985128746,0.984985128746,0.0,True,1,1.70000004768,0.977
3ia2 GOL 274 C,GOL,GOL,0.961487542505,0.961487542505,0.0,True,1,1.70000004768,0.897
3ia2 GOL 274 B,GOL,GOL,0.878503634989,0.878503634989,0.0,True,1,1.70000004768,0.98
3ia2 GOL 274 A,GOL,GOL,0.715047535684,0.715047535684,0.0,True,1,1.70000004768,0.899
3ia2 GOL 273 F,GOL,GOL,0.94319268547,0.94319268547,0.0,True,1,1.70000004768,0.983
3ia2 GOL 273 E,GOL,GOL,0.937106569671,0.937106569671,0.0,True,1,1.70000004768,0.988
3ia2 GOL 273 D,GOL,GOL,0.827066778277,0.827066778277,0.0,True,1,1.70000004768,0.906
3ia2 GOL 273 C,GOL,GOL,0.940958410771,0.940958410771,0.0,True,1,1.70000004768,0.98
3ia2 GOL 273 B,GOL,GOL,0.958270968175,0.958270968175,0.0,True,1,1.70000004768,0.904
3ia2 GOL 273 A,GOL,GOL,0.979052331921,0.979052331921,0.0,True,1,1.70000004768,0.98
3ia1 ACT 1 B,ACT,ACT,0.653583420042,0.653583420042,0.0,True,1,1.79999995232,0.967
3ia1 ACT 1 A,ACT,ACT,0.228426751056,0.228426751056,0.0,True,1,1.79999995232,0.883
3i9x GOL 186 A,GOL,GOL,0.852722032395,0.852722032395,0.0,True,1,2.20000004768,0.962
3i9v SF4 439 A,SF4,SF4,0.970157138805,0.970157138805,0.0,True,1,3.09999990463,0.995
3i9v SF4 439 1,SF4,SF4,0.961707812649,0.961707812649,0.0,True,1,3.09999990463,0.998
3i9v SF4 184 G,SF4,SF4,0.940735985803,0.940735985803,0.0,True,1,3.09999990463,0.996
3i9v SF4 184 9,SF4,SF4,0.855999579789,0.855999579789,0.0,True,1,3.09999990463,0.997
3i9v SF4 183 G,SF4,SF4,0.610219166004,0.610219166004,0.0,True,1,3.09999990463,0.996
3i9v SF4 183 9,SF4,SF4,0.82466718111,0.82466718111,0.0,True,1,3.09999990463,0.996
3i9v SF4 182 F,F3S,SF4,0.818499013594,0.0842690385404,0.734229975054,False,2,3.09999990463,0.994
3i9v SF4 182 6,SF4,SF4,0.983022576242,0.983022576242,0.0,True,1,3.09999990463,0.995
3i97 GOL 157 A,GOL,GOL,0.174807161864,0.174807161864,0.0,True,1,2.90000009537,0.719
3i96 GOL 123 C,GOL,GOL,0.576869648996,0.576869648996,0.0,True,1,1.70000004768,0.823
3i96 GOL 122 C,IMD,GOL,0.465111962799,0.117898149012,0.347213813787,False,2,1.70000004768,0.798
3i96 GOL 121 B,GOL,GOL,0.714784477958,0.714784477958,0.0,True,1,1.70000004768,0.792
3i96 GOL 120 B,EDO,GOL,0.57842740199,0.273135175228,0.305292226763,False,2,1.70000004768,0.662
3i90 M3L 27 D,MLY,M3L,0.403538612005,0.00266797206371,0.400870639942,False,32,2.0,0.833
3i90 M3L 27 C,MLY,M3L,0.898813964381,0.0742242506794,0.824589713702,False,2,2.0,0.921
3i8x GDP 275 C,GDP,GDP,0.52463888858,0.52463888858,0.0,True,1,2.29999995232,0.96
3i8x GDP 275 B,NDP,GDP,0.181479535315,0.0183522019908,0.163127333324,False,9,2.29999995232,0.953
3i8x GDP 275 A,PLP,GDP,0.233763479486,0.00344253680658,0.230320942679,False,19,2.29999995232,0.957
3i8w GOL 102 A,SO4,GOL,0.446361793118,0.114413610603,0.331948182515,False,3,1.70000004768,0.704
3i8v GOL 625 B,MPD,GOL,0.317537956696,0.294578432802,0.0229595238944,False,2,2.29999995232,0.812
3i8v GOL 624 B,MPD,GOL,0.606354491916,0.0943162257747,0.512038266141,False,3,2.29999995232,0.812
3i8v GOL 3 A,GOL,GOL,0.583771632835,0.583771632835,0.0,True,1,2.29999995232,0.661
3i8t GOL 167 A,SO4,GOL,0.501401612022,0.068701361716,0.432700250306,False,4,2.09999990463,0.793
3i8t GOL 166 A,GOL,GOL,0.491723801129,0.491723801129,0.0,True,1,2.09999990463,0.925
3i8o FMT 3 A,SO4,FMT,0.413362363672,0.00205031544938,0.411312048222,False,20,2.59999990463,0.937
3i8o FMT 2 A,EDO,FMT,0.512193499698,0.0100401996716,0.502153300026,False,8,2.59999990463,0.824
3i8o FMT 167 A,EDO,FMT,0.583020029995,0.0107869621907,0.572233067804,False,7,2.59999990463,0.81
3i8o ACT 169 A,GOL,ACT,0.435708281841,0.00967755134595,0.426030730495,False,10,2.59999990463,0.84
3i8o ACT 168 A,SO4,ACT,0.363939228506,0.00919736562656,0.35474186288,False,8,2.59999990463,0.882
3i8n FMT 2 B,SO4,FMT,0.352561611253,0.0157289537667,0.336832657486,False,6,2.09999990463,0.906
3i8d GOL 602 C,GOL,GOL,0.678453854562,0.678453854562,0.0,True,1,1.60000002384,0.865
3i80 TRS 323 A,TRS,TRS,0.267385850457,0.267385850457,0.0,True,1,2.29999995232,0.846
3i80 GOL 326 A,EDO,GOL,0.351649946949,0.320025059935,0.0316248870139,False,2,2.29999995232,0.9
3i80 GOL 324 A,PG4,GOL,0.14647837424,0.0278287903383,0.118649583901,False,10,2.29999995232,0.735
3i7z TRS 323 B,GOL,TRS,0.255740238542,0.00856075955615,0.247179478986,False,10,2.29999995232,0.88
3i7z TRS 323 A,SO4,TRS,0.352736947591,0.299081228181,0.0536557194096,False,2,2.29999995232,0.93
3i7z GOL 325 A,GOL,GOL,0.418550981995,0.418550981995,0.0,True,1,2.29999995232,0.892
3i7v GOL 136 B,GOL,GOL,0.548758718753,0.548758718753,0.0,True,1,1.89999997616,0.867
3i7v ATP 135 B,NAD,ATP,0.808140616362,0.000124255956091,0.808016360406,False,187,1.89999997616,0.928
3i7v ATP 135 A,AMP,ATP,0.411196749015,0.00104803175328,0.410148717262,False,37,1.89999997616,0.938
3i7u PG4 178 D,HEZ,PG4,0.500416955312,0.0554918257747,0.444925129537,False,4,1.79999995232,0.832
3i7s GOL 301 B,EDO,GOL,0.262126896245,0.0979816583554,0.16414523789,False,3,2.29999995232,0.695
3i7s GOL 300 B,GOL,GOL,0.271926391299,0.271926391299,0.0,True,1,2.29999995232,0.83
3i7s GOL 297 B,EDO,GOL,0.415008787241,0.222703774205,0.192305013036,False,2,2.29999995232,0.875
3i7s GOL 294 B,EDO,GOL,0.479903807613,0.335005282116,0.144898525497,False,2,2.29999995232,0.876
3i7s GOL 293 B,GOL,GOL,0.750829027181,0.750829027181,0.0,True,1,2.29999995232,0.969
3i7r GOL 298 A,GOL,GOL,0.856563255236,0.856563255236,0.0,True,1,2.09999990463,0.918
3i7r GOL 295 B,EDO,GOL,0.526206411987,0.352596424648,0.17360998734,False,2,2.09999990463,0.917
3i7r GOL 295 A,GOL,GOL,0.191310343033,0.191310343033,0.0,True,1,2.09999990463,0.946
3i7q GOL 294 B,GOL,GOL,0.935497561387,0.935497561387,0.0,True,1,2.0,0.959
3i7q GOL 294 A,GOL,GOL,0.984679444842,0.984679444842,0.0,True,1,2.0,0.956
3i7q GOL 293 A,SO4,GOL,0.259237221474,0.0953879940477,0.163849227426,False,4,2.0,0.695
3i7d ACT 165 A,EDO,ACT,0.418990721428,0.051548283422,0.367442438006,False,5,2.29999995232,0.944
3i7b DMS 705 A,SO4,DMS,0.687199374157,0.123365695305,0.563833678851,False,2,2.0,0.945
3i77 ACT 304 A,GOL,ACT,0.386924190349,0.0353010374998,0.351623152849,False,4,2.09999990463,0.619
3i76 GOL 243 A,GOL,GOL,0.621279722799,0.621279722799,0.0,True,1,2.0,0.903
3i75 GOL 227 B,GOL,GOL,0.678335555838,0.678335555838,0.0,True,1,2.0,0.862
3i75 GOL 226 B,GOL,GOL,0.102429621948,0.102429621948,0.0,True,1,2.0,0.919
3i74 NAG 1500 B,FUC_NAG_NAG,FUC_NAG_NAG,0.930698321158,0.930698321158,0.0,True,1,2.59999990463,0.854
3i74 NAG 1400 B,FUC_NAG_NAG,FUC_NAG_NAG,0.860808372178,0.860808372178,0.0,True,1,2.59999990463,0.908
3i74 NAG 1300 B,NAG,NAG,0.839255468013,0.839255468013,0.0,True,1,2.59999990463,0.72
3i74 NAG 1000 A,NAG,NAG,0.814358276288,0.814358276288,0.0,True,1,2.59999990463,0.808
3i73 TRS 593 A,GOL,TRS,0.258693488772,0.00805371376115,0.250639775011,False,11,2.40000009537,0.839
3i72 TRS 593 A,GOL,TRS,0.324941541747,0.000643053326562,0.324298488421,False,190,2.5,0.807
3i6z NAG 537 A,NAG,NAG,0.634937076815,0.634937076815,0.0,True,1,2.20000004768,0.903
3i6z NAG 536 A,NAG,NAG,0.996122431813,0.996122431813,0.0,True,1,2.20000004768,0.635
3i6s NAG 1300 B,NAG,NAG,0.991387951374,0.991387951374,0.0,True,1,2.40000009537,0.705
3i6s NAG 1000 A,NAG,NAG,0.935387491631,0.935387491631,0.0,True,1,2.40000009537,0.847
3i6n SEP 198 A,SO4,SEP,0.555604552269,0.0117645445673,0.543840007702,False,4,2.70000004768,0.943
3i6n SCN 616 A,GOL,SCN,0.49587382712,0.00928116295487,0.486592664165,False,8,2.70000004768,0.954
3i6n NAG 601 A,NAG,NAG,0.800725981932,0.800725981932,0.0,True,1,2.70000004768,0.937
3i6n NAG 599 A,GOL,NAG,0.464404618338,0.0249621517623,0.439442466576,False,4,2.70000004768,0.912
3i6m NAG 537 A,NAG,NAG,0.897602209771,0.897602209771,0.0,True,1,2.29999995232,0.921
3i6m NAG 536 A,NAG,NAG,0.785851933356,0.785851933356,0.0,True,1,2.29999995232,0.683
3i64 SAH 401 B,NAD,SAH,0.0833941762501,0.0109196229181,0.072474553332,False,20,2.90000009537,0.949
3i64 GOL 403 A,EDO,GOL,0.154502866588,0.0658554775005,0.0886473890874,False,2,2.90000009537,0.944
3i5w FLC 33 A,CIT,FLC,0.682458390411,0.236819120431,0.44563926998,False,2,1.60000002384,0.891
3i5u SAM 401 B,SAH,SAM,0.205248777379,0.175966573274,0.029282204105,False,2,2.59999990463,0.977
3i5u SAM 401 A,SAH,SAM,0.321773056896,0.255646805698,0.0661262511979,False,2,2.59999990463,0.98
3i5d NAG 404 C,BMA_NAG_NAG,NAG_NAG,0.252532660322,0.00488653990651,0.247646120416,False,11,3.29999995232,0.904
3i5d NAG 404 B,COA,NAG,0.290328690422,0.0267762458349,0.263552444587,False,4,3.29999995232,0.819
3i5d NAG 404 A,NAG,NAG,0.894199978801,0.894199978801,0.0,True,1,3.29999995232,0.814
3i5d NAG 403 B,NAG,NAG,0.953353934216,0.953353934216,0.0,True,1,3.29999995232,0.931
3i5d NAG 403 A,NAG,NAG,0.96864384282,0.96864384282,0.0,True,1,3.29999995232,0.818
3i5d NAG 402 A,NAG,NAG,0.988924097299,0.988924097299,0.0,True,1,3.29999995232,0.88
3i5d NAG 401 C,NAG,NAG,0.910307935551,0.910307935551,0.0,True,1,3.29999995232,0.857
3i5d NAG 401 B,NAG,NAG,0.781767730305,0.781767730305,0.0,True,1,3.29999995232,0.815
3i5d NAG 401 A,NAG,NAG,0.858935994075,0.858935994075,0.0,True,1,3.29999995232,0.827
3i58 SAH 401 B,SAH,SAH,0.500874090116,0.500874090116,0.0,True,1,2.70000004768,0.98
3i58 SAH 401 A,SAH,SAH,0.476672138637,0.476672138637,0.0,True,1,2.70000004768,0.983
3i58 GOL 403 A,NAG,GOL,0.333429564204,0.232781774099,0.100647790105,False,2,2.70000004768,0.754
3i54 CMP 301 B,CMP,CMP,0.905477182585,0.905477182585,0.0,True,1,2.20000004768,0.954
3i54 CMP 301 A,CMP,CMP,0.658530747059,0.658530747059,0.0,True,1,2.20000004768,0.977
3i53 SAH 401 B,H4B,SAH,0.869240485396,0.00109466103004,0.868145824366,False,15,2.09999990463,0.896
3i53 SAH 401 A,SAH,SAH,0.943901184695,0.943901184695,0.0,True,1,2.09999990463,0.946
3i4z GOL 469 A,GOL,GOL,0.474867434157,0.474867434157,0.0,True,1,1.79999995232,0.862
3i4z GOL 468 A,GOL,GOL,0.547864571969,0.547864571969,0.0,True,1,1.79999995232,0.886
3i4z GOL 467 A,GOL,GOL,0.704522665746,0.704522665746,0.0,True,1,1.79999995232,0.937
3i4z GOL 466 A,SO4,GOL,0.262019427446,0.0384767505097,0.223542676937,False,4,1.79999995232,0.725
3i4x GOL 463 A,GOL,GOL,0.902612561076,0.902612561076,0.0,True,1,2.09999990463,0.969
3i4x GOL 462 A,GOL,GOL,0.762644524199,0.762644524199,0.0,True,1,2.09999990463,0.877
3i4w ACT 6 D,GOL,ACT,0.72531746224,0.0022268836264,0.723090578613,False,5,1.39999997616,0.877
3i4w ACT 1 B,GOL,ACT,0.541865391414,0.0204152658119,0.521450125602,False,3,1.39999997616,0.856
3i4u GOL 17 A,GOL,GOL,0.497061672562,0.497061672562,0.0,True,1,2.09999990463,0.739
3i4u GOL 14 A,GOL,GOL,0.438441428104,0.438441428104,0.0,True,1,2.09999990463,0.783
3i4u GOL 12 A,EDO,GOL,0.299514346901,0.208896236174,0.0906181107265,False,2,2.09999990463,0.878
3i4u GOL 11 A,EDO,GOL,0.636055929958,0.250776719066,0.385279210892,False,2,2.09999990463,0.814
3i4s GOL 1 B,GOL,GOL,0.321461176013,0.321461176013,0.0,True,1,1.79999995232,0.928
3i4l TRS 594 A,GOL,TRS,0.314338520075,0.00551275416356,0.308825765912,False,16,2.40000009537,0.85
3i4g EPE 1 A,EPE,EPE,0.266460733449,0.266460733449,0.0,True,1,1.39999997616,0.98
3i4d GOL 744 L,SO4,GOL,0.349615272517,0.0882178297572,0.261397442759,False,4,2.0,0.838
3i4d GOL 731 L,MPD,GOL,0.337967523495,0.227801915647,0.110165607848,False,2,2.0,0.82
3i4d GOL 724 L,EDO,GOL,0.562206684426,0.264814791698,0.297391892728,False,2,2.0,0.931
3i4d GOL 723 L,EDO,GOL,0.525425040352,0.317832554183,0.207592486168,False,2,2.0,0.9
3i4d GOL 722 L,GOL,GOL,0.669063177316,0.669063177316,0.0,True,1,2.0,0.91
3i4d GOL 721 H,EDO,GOL,0.250537766263,0.173931017258,0.0766067490053,False,2,2.0,0.961
3i48 PO4 404 B,MG_PO4,MG_PO4,0.568235874299,0.568235874299,0.0,True,1,1.79999995232,0.987
3i48 PO4 403 A,MG_PO4,MG_PO4,0.820941429676,0.820941429676,0.0,True,1,1.79999995232,0.994
3i3o NAE 311 H,GOL,MG,0.505267671461,0.0241094068115,0.48115826465,False,3,2.09999990463,0.798
3i3n SCN 6788 A,EDO,SCN,0.602556735271,0.00173174251022,0.600824992761,False,12,2.20000004768,0.861
3i3e DMS 8711 D,DMS,DMS,0.703635569432,0.703635569432,0.0,True,1,2.09999990463,0.856
3i3e DMS 8710 D,DMS,DMS,0.785365119058,0.785365119058,0.0,True,1,2.09999990463,0.847
3i3e DMS 8707 D,DMS,DMS,0.723185484746,0.723185484746,0.0,True,1,2.09999990463,0.918
3i3e DMS 8706 D,DMS,DMS,0.374937131312,0.374937131312,0.0,True,1,2.09999990463,0.883
3i3e DMS 8705 D,IMD,DMS,0.348597178847,0.0202545872883,0.328342591558,False,5,2.09999990463,0.778
3i3e DMS 8703 D,DMS,DMS,0.317124330767,0.317124330767,0.0,True,1,2.09999990463,0.908
3i3e DMS 8701 D,DMS,DMS,0.892561150482,0.892561150482,0.0,True,1,2.09999990463,0.959
3i3e DMS 8610 A,DMS,DMS,0.500303545894,0.500303545894,0.0,True,1,2.09999990463,0.891
3i3e DMS 8609 A,GOL,DMS,0.2964817233,0.0412636183851,0.255218104914,False,4,2.09999990463,0.899
3i3e DMS 8608 A,DMS,DMS,0.709702875424,0.709702875424,0.0,True,1,2.09999990463,0.931
3i3e DMS 8607 C,GOL,DMS,0.171185367115,0.0541053374686,0.117080029647,False,4,2.09999990463,0.897
3i3e DMS 8607 B,SO4,DMS,0.218888884256,0.198390671846,0.0204982124103,False,2,2.09999990463,0.925
3i3e DMS 8607 A,EDO,DMS,0.514362846661,0.0839455293295,0.430417317332,False,3,2.09999990463,0.891
3i3e DMS 8606 C,EDO,DMS,0.438262415974,0.151053499675,0.2872089163,False,3,2.09999990463,0.949
3i3e DMS 8606 B,DMS,DMS,0.501463369807,0.501463369807,0.0,True,1,2.09999990463,0.931
3i3e DMS 8605 C,DMS,DMS,0.672892348055,0.672892348055,0.0,True,1,2.09999990463,0.932
3i3e DMS 8605 B,DMS,DMS,0.654955221536,0.654955221536,0.0,True,1,2.09999990463,0.899
3i3e DMS 8605 A,EDO,DMS,0.486799459806,0.0862252395672,0.400574220238,False,3,2.09999990463,0.865
3i3e DMS 8604 C,SO4,DMS,0.453082254469,0.106611526239,0.34647072823,False,2,2.09999990463,0.925
3i3e DMS 8604 B,DMS,DMS,0.618501275184,0.618501275184,0.0,True,1,2.09999990463,0.894
3i3e DMS 8604 A,DMS,DMS,0.257876851179,0.257876851179,0.0,True,1,2.09999990463,0.875
3i3e DMS 8603 C,SO4,DMS,0.567693653272,0.135404296543,0.432289356729,False,2,2.09999990463,0.955
3i3e DMS 8603 B,GOL,DMS,0.137813036551,0.0123582901817,0.125454746369,False,15,2.09999990463,0.866
3i3e DMS 8603 A,DMS,DMS,0.372032025906,0.372032025906,0.0,True,1,2.09999990463,0.942
3i3e DMS 8602 C,SO4,DMS,0.544182351409,0.175023729337,0.369158622072,False,2,2.09999990463,0.853
3i3e DMS 8602 B,DMS,DMS,0.539582722926,0.539582722926,0.0,True,1,2.09999990463,0.887
3i3e DMS 8602 A,DMS,DMS,0.339889212353,0.339889212353,0.0,True,1,2.09999990463,0.911
3i3e DMS 8601 C,DMS,DMS,0.290732401752,0.290732401752,0.0,True,1,2.09999990463,0.885
3i3e DMS 8601 B,DMS,DMS,0.519532362587,0.519532362587,0.0,True,1,2.09999990463,0.947
3i3e DMS 8508 D,EDO,DMS,0.608831509919,0.173219927786,0.435611582133,False,2,2.09999990463,0.942
3i3e DMS 8508 B,EDO,DMS,0.820875687038,0.00131869064971,0.819556996388,False,10,2.09999990463,0.872
3i3e DMS 8504 C,SO4,DMS,0.305825550513,0.265543323017,0.0402822274961,False,2,2.09999990463,0.926
3i3e DMS 8504 B,DMS,DMS,0.433169902878,0.433169902878,0.0,True,1,2.09999990463,0.947
3i3e DMS 8504 A,DMS,DMS,0.474733372215,0.474733372215,0.0,True,1,2.09999990463,0.966
3i3e DMS 8503 D,DMS,DMS,0.321935470085,0.321935470085,0.0,True,1,2.09999990463,0.955
3i3e DMS 8503 C,DMS,DMS,0.526510130456,0.526510130456,0.0,True,1,2.09999990463,0.921
3i3e DMS 8503 A,DMS,DMS,0.716809338814,0.716809338814,0.0,True,1,2.09999990463,0.939
3i3e DMS 8502 B,DMS,DMS,0.719288543088,0.719288543088,0.0,True,1,2.09999990463,0.937
3i3e DMS 8502 A,DMS,DMS,0.414632680156,0.414632680156,0.0,True,1,2.09999990463,0.776
3i3e DMS 8501 D,DMS,DMS,0.732032594369,0.732032594369,0.0,True,1,2.09999990463,0.926
3i3e DMS 8501 C,DMS,DMS,0.797714006531,0.797714006531,0.0,True,1,2.09999990463,0.931
3i3e DMS 8501 A,DMS,DMS,0.884737461479,0.884737461479,0.0,True,1,2.09999990463,0.95
3i3e DMS 8427 D,DMS,DMS,0.797776704558,0.797776704558,0.0,True,1,2.09999990463,0.908
3i3e DMS 8427 C,DMS,DMS,0.853168496296,0.853168496296,0.0,True,1,2.09999990463,0.948
3i3e DMS 8427 B,PEG,DMS,0.430551414554,0.0292843703348,0.401267044219,False,8,2.09999990463,0.921
3i3e DMS 8425 D,EDO,DMS,0.617237867228,0.0783206828804,0.538917184348,False,2,2.09999990463,0.926
3i3e DMS 8423 D,EDO,DMS,0.588497454507,0.0310048457115,0.557492608796,False,4,2.09999990463,0.91
3i3e DMS 8423 C,EDO,DMS,0.621121055728,0.0705896613075,0.550531394421,False,2,2.09999990463,0.896
3i3e DMS 8423 B,DMS,DMS,0.326209950457,0.326209950457,0.0,True,1,2.09999990463,0.884
3i3e DMS 8421 D,DMS,DMS,0.432401862039,0.432401862039,0.0,True,1,2.09999990463,0.891
3i3e DMS 8421 C,DMS,DMS,0.689177788152,0.689177788152,0.0,True,1,2.09999990463,0.963
3i3e DMS 8421 B,DMS,DMS,0.833895890163,0.833895890163,0.0,True,1,2.09999990463,0.96
3i3e DMS 8421 A,DMS,DMS,0.767134692588,0.767134692588,0.0,True,1,2.09999990463,0.935
3i3e DMS 8420 C,DMS,DMS,0.589228101971,0.589228101971,0.0,True,1,2.09999990463,0.913
3i3e DMS 8420 A,DMS,DMS,0.649643395408,0.649643395408,0.0,True,1,2.09999990463,0.939
3i3e DMS 8419 D,SO4,DMS,0.364985548694,0.152254680583,0.212730868111,False,3,2.09999990463,0.95
3i3e DMS 8419 A,SO4,DMS,0.376197353294,0.220846636683,0.15535071661,False,2,2.09999990463,0.947
3i3e DMS 8417 C,SO4,DMS,0.430107980523,0.262840821591,0.167267158932,False,2,2.09999990463,0.941
3i3e DMS 8417 B,DMS,DMS,0.758174592721,0.758174592721,0.0,True,1,2.09999990463,0.894
3i3e DMS 8416 D,SO4,DMS,0.462779548142,0.0813363856325,0.38144316251,False,3,2.09999990463,0.905
3i3e DMS 8416 C,DMS,DMS,0.797713721411,0.797713721411,0.0,True,1,2.09999990463,0.917
3i3e DMS 8416 B,SO4,DMS,0.416083522175,0.221863450235,0.19422007194,False,2,2.09999990463,0.927
3i3e DMS 8415 D,EDO,DMS,0.602173973208,0.00247384387073,0.599700129338,False,10,2.09999990463,0.8
3i3e DMS 8415 C,EDO,DMS,0.609374095363,0.0150572257729,0.59431686959,False,7,2.09999990463,0.787
3i3e DMS 8415 B,EDO,DMS,0.693008125645,0.00748525757817,0.685522868066,False,8,2.09999990463,0.882
3i3e DMS 8414 D,DMS,DMS,0.437078759063,0.437078759063,0.0,True,1,2.09999990463,0.878
3i3e DMS 8414 C,SO4,DMS,0.614527290526,0.122822668614,0.491704621912,False,2,2.09999990463,0.963
3i3e DMS 8414 B,DMS,DMS,0.652320869439,0.652320869439,0.0,True,1,2.09999990463,0.969
3i3e DMS 8414 A,DMS,DMS,0.235426213258,0.235426213258,0.0,True,1,2.09999990463,0.852
3i3e DMS 8412 D,DMS,DMS,0.694969173069,0.694969173069,0.0,True,1,2.09999990463,0.98
3i3e DMS 8412 C,DMS,DMS,0.867972236803,0.867972236803,0.0,True,1,2.09999990463,0.98
3i3e DMS 8412 B,DMS,DMS,0.471608270868,0.471608270868,0.0,True,1,2.09999990463,0.966
3i3e DMS 8412 A,DMS,DMS,0.471898876175,0.471898876175,0.0,True,1,2.09999990463,0.971
3i3e DMS 8411 D,DMS,DMS,0.719079008302,0.719079008302,0.0,True,1,2.09999990463,0.962
3i3e DMS 8411 C,DMS,DMS,0.895560099577,0.895560099577,0.0,True,1,2.09999990463,0.955
3i3e DMS 8411 B,DMS,DMS,0.422473192455,0.422473192455,0.0,True,1,2.09999990463,0.948
3i3e DMS 8411 A,DMS,DMS,0.5623685499,0.5623685499,0.0,True,1,2.09999990463,0.985
3i3e DMS 8410 D,DMS,DMS,0.891305716239,0.891305716239,0.0,True,1,2.09999990463,0.96
3i3e DMS 8410 C,DMS,DMS,0.31980033009,0.31980033009,0.0,True,1,2.09999990463,0.943
3i3e DMS 8410 B,SO4,DMS,0.301268815291,0.0781702956711,0.223098519619,False,4,2.09999990463,0.878
3i3e DMS 8410 A,EDO,DMS,0.64288764473,0.0907944865298,0.5520931582,False,2,2.09999990463,0.853
3i3e DMS 8409 D,DMS,DMS,0.951810407374,0.951810407374,0.0,True,1,2.09999990463,0.95
3i3e DMS 8409 C,DMS,DMS,0.64071810197,0.64071810197,0.0,True,1,2.09999990463,0.949
3i3e DMS 8409 B,DMS,DMS,0.707450166456,0.707450166456,0.0,True,1,2.09999990463,0.938
3i3e DMS 8409 A,DMS,DMS,0.813908250616,0.813908250616,0.0,True,1,2.09999990463,0.957
3i3e DMS 8408 D,DMS,DMS,0.891688498106,0.891688498106,0.0,True,1,2.09999990463,0.97
3i3e DMS 8408 C,DMS,DMS,0.786331904438,0.786331904438,0.0,True,1,2.09999990463,0.978
3i3e DMS 8408 B,DMS,DMS,0.869831243537,0.869831243537,0.0,True,1,2.09999990463,0.972
3i3e DMS 8408 A,DMS,DMS,0.872236017587,0.872236017587,0.0,True,1,2.09999990463,0.953
3i3e DMS 8407 D,EDO,DMS,0.615813291382,0.010473938056,0.605339353326,False,4,2.09999990463,0.723
3i3e DMS 8407 C,DMS,DMS,0.317082654568,0.317082654568,0.0,True,1,2.09999990463,0.896
3i3e DMS 8407 A,DMS,DMS,0.810884609947,0.810884609947,0.0,True,1,2.09999990463,0.882
3i3e DMS 8406 D,DMS,DMS,0.516869697596,0.516869697596,0.0,True,1,2.09999990463,0.925
3i3e DMS 8406 A,MPD,DMS,0.111206328924,0.00928290636739,0.101923422556,False,19,2.09999990463,0.894
3i3e DMS 8405 D,DMS,DMS,0.980009876214,0.980009876214,0.0,True,1,2.09999990463,0.975
3i3e DMS 8405 C,DMS,DMS,0.952943408644,0.952943408644,0.0,True,1,2.09999990463,0.964
3i3e DMS 8405 B,DMS,DMS,0.691581021683,0.691581021683,0.0,True,1,2.09999990463,0.961
3i3e DMS 8405 A,DMS,DMS,0.697681619349,0.697681619349,0.0,True,1,2.09999990463,0.974
3i3e DMS 8404 D,DMS,DMS,0.915974152347,0.915974152347,0.0,True,1,2.09999990463,0.877
3i3e DMS 8404 C,DMS,DMS,0.838864027969,0.838864027969,0.0,True,1,2.09999990463,0.937
3i3e DMS 8404 B,SO4,DMS,0.72261907925,0.0401527506933,0.682466328557,False,3,2.09999990463,0.916
3i3e DMS 8404 A,DMS,DMS,0.484560440355,0.484560440355,0.0,True,1,2.09999990463,0.934
3i3e DMS 8403 D,DMS,DMS,0.812521475887,0.812521475887,0.0,True,1,2.09999990463,0.975
3i3e DMS 8403 C,DMS,DMS,0.46999315938,0.46999315938,0.0,True,1,2.09999990463,0.966
3i3e DMS 8403 B,DMS,DMS,0.875540697845,0.875540697845,0.0,True,1,2.09999990463,0.967
3i3e DMS 8403 A,DMS,DMS,0.871669632573,0.871669632573,0.0,True,1,2.09999990463,0.966
3i3e DMS 8402 D,DMS,DMS,0.995152368663,0.995152368663,0.0,True,1,2.09999990463,0.969
3i3e DMS 8402 C,DMS,DMS,0.387516016052,0.387516016052,0.0,True,1,2.09999990463,0.964
3i3e DMS 8402 B,DMS,DMS,0.977243797582,0.977243797582,0.0,True,1,2.09999990463,0.972
3i3e DMS 8402 A,DMS,DMS,0.970633155918,0.970633155918,0.0,True,1,2.09999990463,0.969
3i3e DMS 8401 D,DMS,DMS,0.433928587422,0.433928587422,0.0,True,1,2.09999990463,0.974
3i3e DMS 8401 C,DMS,DMS,0.978639273106,0.978639273106,0.0,True,1,2.09999990463,0.975
3i3e DMS 8401 B,DMS,DMS,0.99450548002,0.99450548002,0.0,True,1,2.09999990463,0.991
3i3e DMS 8401 A,DMS,DMS,0.943507465547,0.943507465547,0.0,True,1,2.09999990463,0.979
3i39 SF4 5000 X,SF4,SF4,0.991880162305,0.991880162305,0.0,True,1,1.29999995232,0.998
3i33 PO4 387 A,MG_PO4,MG_PO4,0.240619565787,0.240619565787,0.0,True,1,1.29999995232,0.993
3i31 TRS 511 A,GOL,TRS,0.453201196375,0.0110205645279,0.442180631847,False,10,1.79999995232,0.695
3i2w GOL 2 B,GOL,GOL,0.795792927987,0.795792927987,0.0,True,1,2.70000004768,0.945
3i2w GOL 1 A,GOL,GOL,0.402368736327,0.402368736327,0.0,True,1,2.70000004768,0.882
3i2t NAG 3830 A,NAG_NAG,NAG_NAG,0.53676335671,0.53676335671,0.0,True,1,2.70000004768,0.909
3i2t NAG 3200 A,NAG,NAG,0.957103954709,0.957103954709,0.0,True,1,2.70000004768,0.848
3i2k GOL 594 A,GOL,GOL,0.763112454358,0.763112454358,0.0,True,1,1.5,0.901
3i2j GOL 592 A,GOL,GOL,0.967996059064,0.967996059064,0.0,True,1,2.0,0.968
3i2j GOL 591 A,GOL,GOL,0.416717241024,0.416717241024,0.0,True,1,2.0,0.877
3i2j GOL 590 A,EDO,GOL,0.693349445259,0.169960121488,0.523389323771,False,2,2.0,0.738
3i2i GOL 594 A,GOL,GOL,0.788628053624,0.788628053624,0.0,True,1,2.09999990463,0.884
3i2i GOL 592 A,GOL,GOL,0.92865231469,0.92865231469,0.0,True,1,2.09999990463,0.868
3i2h GOL 601 A,GOL,GOL,0.829430008477,0.829430008477,0.0,True,1,1.70000004768,0.93
3i2h GOL 595 A,GOL,GOL,0.963588128965,0.963588128965,0.0,True,1,1.70000004768,0.928
3i2h GOL 594 A,GOL,GOL,0.628229059309,0.628229059309,0.0,True,1,1.70000004768,0.755
3i2h GOL 3287 A,GOL,GOL,0.623891343882,0.623891343882,0.0,True,1,1.70000004768,0.863
3i2g GOL 595 A,GOL,GOL,0.563006320333,0.563006320333,0.0,True,1,2.5,0.962
3i2g GOL 594 A,SO4,GOL,0.40013197933,0.113549971913,0.286582007417,False,2,2.5,0.931
3i2g GOL 593 A,GOL,GOL,0.483440639434,0.483440639434,0.0,True,1,2.5,0.859
3i2f GOL 595 A,GOL,GOL,0.486649193669,0.486649193669,0.0,True,1,2.5,0.864
3i2f GOL 594 A,EDO,GOL,0.511827661999,0.145610028136,0.366217633863,False,2,2.5,0.868
3i2f GOL 593 A,GOL,GOL,0.790008911639,0.790008911639,0.0,True,1,2.5,0.79
3i2c GOL 1001 H,GOL,GOL,0.236464347061,0.236464347061,0.0,True,1,2.79999995232,0.88
3i27 NAG 5158 C,EDO,NAG,0.450718618102,0.00340825127678,0.447310366825,False,10,2.0,0.888
3i27 NAG 5158 B,NAG_NAG,NAG_NAG,0.972693501046,0.972693501046,0.0,True,1,2.0,0.972
3i27 NAG 5158 A,NAG_NAG,NAG_NAG,0.720596108459,0.720596108459,0.0,True,1,2.0,0.964
3i27 NAG 5157 D,NAG,NAG,0.910060707563,0.910060707563,0.0,True,1,2.0,0.853
3i27 NAG 5156 D,NAG,NAG,0.979110961829,0.979110961829,0.0,True,1,2.0,0.877
3i27 NAG 5154 D,NAG,NAG_NAG,0.820026042082,0.124991616896,0.695034425186,False,2,2.0,0.936
3i27 NAG 5154 A,NAG_NAG,NAG_NAG,0.973772105524,0.973772105524,0.0,True,1,2.0,0.973
3i27 NAG 5151 D,NAG_NAG,NAG_NAG,0.996324308965,0.996324308965,0.0,True,1,2.0,0.972
3i27 NAG 5151 B,NAG_NAG,NAG_NAG,0.987053508612,0.987053508612,0.0,True,1,2.0,0.946
3i27 NAG 5151 A,NAG_NAG,NAG_NAG,0.992945505927,0.992945505927,0.0,True,1,2.0,0.969
3i26 NAG 5158 B,NAG_NAG,NAG_NAG,0.91507644402,0.91507644402,0.0,True,1,1.79999995232,0.959
3i26 NAG 5158 A,NAG_NAG,NAG_NAG,0.552234985211,0.552234985211,0.0,True,1,1.79999995232,0.953
3i26 NAG 5154 D,NAG,NAG,0.998232362894,0.998232362894,0.0,True,1,1.79999995232,0.944
3i26 NAG 5154 A,NAG,NAG_NAG,0.947452890845,0.0313487822662,0.916104108579,False,2,1.79999995232,0.968
3i26 NAG 5151 D,NAG_NAG,NAG_NAG,0.983448961619,0.983448961619,0.0,True,1,1.79999995232,0.967
3i26 NAG 5151 B,NAG_NAG,NAG_NAG,0.967623291133,0.967623291133,0.0,True,1,1.79999995232,0.934
3i26 NAG 5151 A,NAG_NAG,NAG_NAG,0.968740838377,0.968740838377,0.0,True,1,1.79999995232,0.964
3i26 BMA 5166 A,SO4,BMA,0.297847346239,0.00360950181869,0.294237844421,False,16,1.79999995232,0.639
3i1u GOL 310 A,EDO,GOL,0.641477109096,0.266032737953,0.375444371143,False,2,1.39999997616,0.922
3i1l NAG 5158 B,NAG,NAG,0.881801560556,0.881801560556,0.0,True,1,2.79999995232,0.84
3i1l NAG 5158 A,NAG,NAG,0.500247269093,0.500247269093,0.0,True,1,2.79999995232,0.877
3i1l NAG 5157 B,NAG,NAG,0.947907165282,0.947907165282,0.0,True,1,2.79999995232,0.898
3i1l NAG 5157 A,NAG,NAG,0.443910987282,0.443910987282,0.0,True,1,2.79999995232,0.904
3i1l NAG 5156 B,NAG,NAG,0.970595805706,0.970595805706,0.0,True,1,2.79999995232,0.899
3i1l NAG 5156 A,NAG,NAG,0.892265523026,0.892265523026,0.0,True,1,2.79999995232,0.915
3i1l NAG 5155 C,NAG,NAG,0.959786910968,0.959786910968,0.0,True,1,2.79999995232,0.911
3i1l NAG 5155 B,NAG,NAG,0.883333166209,0.883333166209,0.0,True,1,2.79999995232,0.863
3i1l NAG 5154 C,BOG,NAG,0.306467299191,0.119116328393,0.187350970799,False,2,2.79999995232,0.931
3i1l NAG 5154 B,NAG,NAG,0.952259505709,0.952259505709,0.0,True,1,2.79999995232,0.907
3i1l NAG 5154 A,NAG,NAG,0.623268537883,0.623268537883,0.0,True,1,2.79999995232,0.935
3i1k NAG 5159 B,NAG,NAG,0.981527375506,0.981527375506,0.0,True,1,2.09999990463,0.779
3i1k NAG 5158 C,EDO,NAG,0.323942843665,0.0788881736224,0.245054670043,False,3,2.09999990463,0.87
3i1k NAG 5158 B,NAG,NAG,0.989451200647,0.989451200647,0.0,True,1,2.09999990463,0.879
3i1k NAG 5158 A,NAG,NAG,0.838448865833,0.838448865833,0.0,True,1,2.09999990463,0.847
3i1k NAG 5157 C,NAG,NAG,0.996588367639,0.996588367639,0.0,True,1,2.09999990463,0.82
3i1k NAG 5157 B,NAG,NAG,0.995248855745,0.995248855745,0.0,True,1,2.09999990463,0.906
3i1k NAG 5157 A,NAG,NAG,0.74510150728,0.74510150728,0.0,True,1,2.09999990463,0.847
3i1k NAG 5156 C,NAG,NAG,0.996474513949,0.996474513949,0.0,True,1,2.09999990463,0.893
3i1k NAG 5156 B,NAG,NAG,0.992054191224,0.992054191224,0.0,True,1,2.09999990463,0.818
3i1k NAG 5156 A,NAG,NAG,0.985898929693,0.985898929693,0.0,True,1,2.09999990463,0.895
3i1k NAG 5155 C,NAG,NAG,0.985133534497,0.985133534497,0.0,True,1,2.09999990463,0.863
3i1k NAG 5155 B,NAG,NAG,0.871449259362,0.871449259362,0.0,True,1,2.09999990463,0.77
3i1k NAG 5155 A,NAG,NAG,0.991647226656,0.991647226656,0.0,True,1,2.09999990463,0.898
3i1k NAG 5154 C,NAG,NAG,0.968533306264,0.968533306264,0.0,True,1,2.09999990463,0.913
3i1k NAG 5154 B,NAG,NAG,0.964533693823,0.964533693823,0.0,True,1,2.09999990463,0.923
3i1k NAG 5154 A,NAG,NAG,0.995257741889,0.995257741889,0.0,True,1,2.09999990463,0.946
3i1j ACT 248 A,EDO,ACT,0.607232948808,0.0890784611304,0.518154487678,False,2,1.89999997616,0.937
3i1i GOL 504 A,GOL,GOL,0.493224770116,0.493224770116,0.0,True,1,2.40000009537,0.909
3i1i ACT 503 A,EDO,ACT,0.38841459499,0.0606311018618,0.327783493128,False,5,2.40000009537,0.875
3i1c GOL 325 A,GOL,GOL,0.93587218442,0.93587218442,0.0,True,1,2.20000004768,0.906
3i1a PG4 1340 B,MLY,PG4,0.300730272867,0.035574157518,0.265156115349,False,3,1.70000004768,0.934
3i1a MES 340 A,MES,MES,0.573347101843,0.573347101843,0.0,True,1,1.70000004768,0.924
3i1a MES 2 B,MES,MES,0.690512256175,0.690512256175,0.0,True,1,1.70000004768,0.874
3i0q AMP 400 A,BMA_NAG_NAG,AMP,0.111418178561,0.00201320455453,0.109404974006,False,104,2.79999995232,0.958
3i0p GOL 402 A,GOL,GOL,0.682387384234,0.682387384234,0.0,True,1,2.59999990463,0.952
3i0n MLY 99 B,MLY,MLY,0.61007895569,0.61007895569,0.0,True,1,2.29999995232,0.868
3i0n MLY 99 A,MLY,MLY,0.583425301932,0.583425301932,0.0,True,1,2.29999995232,0.88
3i0n MLY 96 B,MLY,MLY,0.203051346347,0.203051346347,0.0,True,1,2.29999995232,0.953
3i0n MLY 96 A,MLY,MLY,0.493665395172,0.493665395172,0.0,True,1,2.29999995232,0.955
3i0n MLY 94 B,MLY,MLY,0.931804273869,0.931804273869,0.0,True,1,2.29999995232,0.936
3i0n MLY 94 A,MLY,MLY,0.87814891196,0.87814891196,0.0,True,1,2.29999995232,0.956
3i0n MLY 84 B,MLY,MLY,0.403898995688,0.403898995688,0.0,True,1,2.29999995232,0.886
3i0n MLY 84 A,MLY,MLY,0.427884216195,0.427884216195,0.0,True,1,2.29999995232,0.899
3i0n MLY 80 B,MLY,MLY,0.292880414176,0.292880414176,0.0,True,1,2.29999995232,0.927
3i0n MLY 80 A,MLY,MLY,0.457649973471,0.457649973471,0.0,True,1,2.29999995232,0.942
3i0n MLY 76 B,MLY,MLY,0.274750199703,0.274750199703,0.0,True,1,2.29999995232,0.928
3i0n MLY 76 A,MLY,MLY,0.273719377439,0.273719377439,0.0,True,1,2.29999995232,0.879
3i0n MLY 71 B,SO4,MLY,0.208506114782,0.19153941932,0.0169666954623,False,2,2.29999995232,0.889
3i0n MLY 71 A,MLY,MLY,0.463603890245,0.463603890245,0.0,True,1,2.29999995232,0.922
3i0n MLY 58 B,MLY,MLY,0.938665430678,0.938665430678,0.0,True,1,2.29999995232,0.878
3i0n MLY 58 A,MLY,MLY,0.833306693177,0.833306693177,0.0,True,1,2.29999995232,0.873
3i0n MLY 45 B,MLY,MLY,0.352875779546,0.352875779546,0.0,True,1,2.29999995232,0.94
3i0n MLY 45 A,MLY,MLY,0.319530285206,0.319530285206,0.0,True,1,2.29999995232,0.933
3i0n MLY 41 B,MLY,MLY,0.640437061174,0.640437061174,0.0,True,1,2.29999995232,0.845
3i0n MLY 41 A,MLY,MLY,0.61263520437,0.61263520437,0.0,True,1,2.29999995232,0.837
3i0n MLY 312 B,MLY,MLY,0.451135406132,0.451135406132,0.0,True,1,2.29999995232,0.943
3i0n MLY 312 A,MLY,MLY,0.268948467062,0.268948467062,0.0,True,1,2.29999995232,0.911
3i0n MLY 299 B,MLY,MLY,0.691581979247,0.691581979247,0.0,True,1,2.29999995232,0.874
3i0n MLY 299 A,MLY,MLY,0.821403166124,0.821403166124,0.0,True,1,2.29999995232,0.812
3i0n MLY 267 A,ACE,MLY,0.835079179018,0.0352664606434,0.799812718374,False,2,2.29999995232,0.868
3i0n MLY 210 B,MLY,MLY,0.487287137929,0.487287137929,0.0,True,1,2.29999995232,0.67
3i0n MLY 210 A,MLY,MLY,0.261050081254,0.261050081254,0.0,True,1,2.29999995232,0.699
3i0n MLY 206 B,MLY,MLY,0.606942676287,0.606942676287,0.0,True,1,2.29999995232,0.933
3i0n MLY 206 A,PCA,MLY,0.506140167339,0.222985169567,0.283154997772,False,2,2.29999995232,0.927
3i0n MLY 188 B,MLY,MLY,0.48597191124,0.48597191124,0.0,True,1,2.29999995232,0.932
3i0n MLY 188 A,MLY,MLY,0.660675029776,0.660675029776,0.0,True,1,2.29999995232,0.934
3i0n MLY 14 B,SO4,MLY,0.344590297934,0.251049555931,0.0935407420032,False,2,2.29999995232,0.932
3i0n MLY 14 A,MLY,MLY,0.306884102171,0.306884102171,0.0,True,1,2.29999995232,0.941
3i0n MLY 12 B,MLY,MLY,0.398034760974,0.398034760974,0.0,True,1,2.29999995232,0.932
3i0n MLY 12 A,MLY,MLY,0.650828294985,0.650828294985,0.0,True,1,2.29999995232,0.905
3i0n MLY 104 B,BME,MLY,0.312703886007,0.122376278643,0.190327607364,False,2,2.29999995232,0.892
3i0n MLY 104 A,ACE,MLY,0.231167374184,0.056874616493,0.174292757691,False,5,2.29999995232,0.934
3i0n GOL 325 B,GOL,GOL,0.280773924608,0.280773924608,0.0,True,1,2.29999995232,0.971
3i0n GOL 325 A,SO4,GOL,0.435461663068,0.277148628258,0.158313034811,False,2,2.29999995232,0.967
3i0m GOL 325 A,GOL,GOL,0.715183517312,0.715183517312,0.0,True,1,2.59999990463,0.843
3i0l UDP 357 A,BTB,UDP,0.0634425418655,0.000981269520067,0.0624612723454,False,195,1.60000002384,0.805
3i0k UDP 1 A,GOL,UDP,0.375825210983,0.00143647102023,0.374388739963,False,78,2.20000004768,0.736
3i0i UDP 1 X,GOL,UDP,0.211495286687,0.0124733576944,0.199021928993,False,11,1.89999997616,0.774
3i0d UDP 1 A,MAL,UDP,0.0450361891921,0.00301595342014,0.042020235772,False,95,1.89999997616,0.799
3i07 MES 303 B,MES,MES,0.449497550211,0.449497550211,0.0,True,1,1.5,0.941
3i07 GOL 301 B,EDO,GOL,0.563844954888,0.0191266318091,0.544718323079,False,5,1.5,0.794
3i04 SF4 750 D,SF4,SF4,0.986842184508,0.986842184508,0.0,True,1,2.20000004768,0.995
3i04 SF4 750 C,SF4,SF4,0.984865468475,0.984865468475,0.0,True,1,2.20000004768,0.992
3i04 SF4 750 B,SF4,SF4,0.986348977155,0.986348977155,0.0,True,1,2.20000004768,0.995
3i04 SF4 750 A,SF4,SF4,0.989985084374,0.989985084374,0.0,True,1,2.20000004768,0.997
3i04 SF4 700 C,SF4,SF4,0.989152736254,0.989152736254,0.0,True,1,2.20000004768,0.987
3i04 SF4 700 A,SF4,SF4,0.97922486279,0.97922486279,0.0,True,1,2.20000004768,0.992
3i04 GOL 963 D,GOL,GOL,0.305171177978,0.305171177978,0.0,True,1,2.20000004768,0.928
3i04 GOL 963 B,GOL,GOL,0.778614636896,0.778614636896,0.0,True,1,2.20000004768,0.895
3i04 GOL 963 A,GOL,GOL,0.36270201913,0.36270201913,0.0,True,1,2.20000004768,0.899
3i01 SF4 750 C,SF4,SF4,0.984917470033,0.984917470033,0.0,True,1,2.20000004768,0.988
3i01 SF4 750 B,SF4,SF4,0.989517301651,0.989517301651,0.0,True,1,2.20000004768,0.992
3i01 SF4 700 C,SF4,SF4,0.994806176545,0.994806176545,0.0,True,1,2.20000004768,0.984
3i01 GOL 863 D,SO4,GOL,0.734286856618,0.0227108118614,0.711576044756,False,3,2.20000004768,0.882
3i01 GOL 863 B,PGE,GOL,0.290840619793,0.0474154921516,0.243425127642,False,4,2.20000004768,0.961
3i01 GOL 863 A,EDO,GOL,0.321510319198,0.258661576325,0.0628487428727,False,2,2.20000004768,0.92
3hzw IPA 202 B,NAG,IPA,0.667305204726,0.000651319095864,0.66665388563,False,44,2.29999995232,0.711
3hzu GOL 298 A,GOL,GOL,0.799430572031,0.799430572031,0.0,True,1,2.09999990463,0.802
3hzt GOL 602 A,GOL,GOL,0.857274945734,0.857274945734,0.0,True,1,2.0,0.872
3hzt GOL 544 A,EDO,GOL,0.481205004215,0.26867219083,0.212532813386,False,2,2.0,0.863
3hzt GOL 542 A,GOL,GOL,0.352703079163,0.352703079163,0.0,True,1,2.0,0.853
3hzt GOL 539 A,GOL,GOL,0.336610092377,0.336610092377,0.0,True,1,2.0,0.893
3hzt GOL 538 A,EDO,GOL,0.587116551469,0.0959326838245,0.491183867645,False,3,2.0,0.763
3hzt GOL 1 A,GOL,GOL,0.741398404888,0.741398404888,0.0,True,1,2.0,0.924
3hzo MLA 5188 B,SO4,MLA,0.37203338333,0.00200765751415,0.370025725816,False,22,2.59999990463,0.903
3hzn SIN 219 D,GOL,SIN,0.285593833938,0.00966064933836,0.275933184599,False,8,2.40000009537,0.942
3hzn SIN 219 A,SO4,SIN,0.194845592138,0.00629393114457,0.188551660994,False,19,2.40000009537,0.752
3hzn SIN 218 G,GOL,SIN,0.325192780151,0.0280004178736,0.297192362277,False,6,2.40000009537,0.872
3hzn SIN 218 E,SO4,SIN,0.452871513848,0.0159260458937,0.436945467954,False,7,2.40000009537,0.927
3hzn FLC 218 F,GOL,FLC,0.586135149715,0.00312051220044,0.583014637515,False,23,2.40000009537,0.829
3hzn FLC 218 B,SO4,FLC,0.812222114803,0.000124197882329,0.812097916921,False,194,2.40000009537,0.767
3hzn ACT 233 C,GOL,ACT,0.323461203268,0.00612287796082,0.317338325308,False,13,2.40000009537,0.893
3hzn ACT 229 D,EDO,ACT,0.418633955677,0.11148622126,0.307147734417,False,3,2.40000009537,0.932
3hzn ACT 225 G,SO4,ACT,0.313487331138,0.0353229673778,0.27816436376,False,5,2.40000009537,0.959
3hzi SO4 837 A,CLA,SO4_SO4,0.0702180981234,0.0266551080298,0.0435629900936,False,7,3.0,0.94
3hzi ATP 500 A,SO4,ATP,0.468961723954,0.00587045904173,0.463091264912,False,15,3.0,0.896
3hzg GOL 260 C,GOL,GOL,0.451877984572,0.451877984572,0.0,True,1,2.40000009537,0.933
3hzg GOL 259 C,GOL,GOL,0.332469195378,0.332469195378,0.0,True,1,2.40000009537,0.699
3hzg GOL 259 A,EDO,GOL,0.284851045777,0.132071913702,0.152779132075,False,3,2.40000009537,0.781
3hz6 GOL 513 A,GOL,GOL,0.978147876165,0.978147876165,0.0,True,1,1.70000004768,0.952
3hyv MES 900 F,SO4,MES,0.457269846874,0.238112362978,0.219157483896,False,2,2.29999995232,0.957
3hyv MES 900 E,SO4,MES,0.549377072696,0.0526014630758,0.49677560962,False,3,2.29999995232,0.957
3hyv MES 900 D,SO4,MES,0.670936690472,0.145459537587,0.525477152885,False,2,2.29999995232,0.909
3hyv MES 900 C,SO4,MES,0.916148196834,0.000799589162459,0.915348607672,False,7,2.29999995232,0.922
3hyv MES 900 B,SO4,MES,0.838164336306,0.012916449819,0.825247886487,False,4,2.29999995232,0.969
3hyv MES 900 A,SO4,MES,0.871374863862,0.0128851618949,0.858489701967,False,4,2.29999995232,0.916
3hys TRS 263 A,GOL,TRS,0.864878804268,0.000700980937099,0.86417782333,False,28,2.29999995232,0.883
3hyl GOL 667 A,GOL,GOL,0.560920585132,0.560920585132,0.0,True,1,2.20000004768,0.855
3hyl FMT 674 B,EDO,FMT,0.433522218144,0.00329352810995,0.430228690034,False,15,2.20000004768,0.764
3hyl FMT 673 B,EDO,FMT,0.533190111536,0.0400730682029,0.493117043333,False,4,2.20000004768,0.84
3hyl FMT 673 A,MLY,FMT,0.225712261756,0.0782337324431,0.147478529313,False,5,2.20000004768,0.794
3hyl FMT 672 B,EDO,FMT,0.56533145742,0.0640193833241,0.501312074096,False,3,2.20000004768,0.703
3hyl FMT 672 A,EDO,FMT,0.371793223639,0.308245429225,0.0635477944142,False,2,2.20000004768,0.891
3hyl FMT 670 A,GOL,FMT,0.619313795919,0.0352019086962,0.584111887223,False,3,2.20000004768,0.954
3hyl FMT 667 B,GOL,FMT,0.780459493798,0.000809258729199,0.779650235069,False,39,2.20000004768,0.917
3hyj GOL 3731 D,GOL,GOL,0.4638501093,0.4638501093,0.0,True,1,2.59999990463,0.875
3hyi GOL 3731 A,SO4,GOL,0.274552460545,0.206235148761,0.0683173117847,False,2,2.29999995232,0.837
3hyf GOL 698 A,GOL,GOL,0.351928674753,0.351928674753,0.0,True,1,1.60000002384,0.829
3hy1 MES 442 B,EPE,MES,0.0805543069133,0.0504870820546,0.0300672248586,False,2,2.79999995232,0.93
3hy0 EPE 443 B,EPE,EPE,0.876635096664,0.876635096664,0.0,True,1,1.89999997616,0.969
3hy0 EPE 443 A,EPE,EPE,0.884166217193,0.884166217193,0.0,True,1,1.89999997616,0.974
3hxz EPE 444 B,EPE,EPE,0.919403695555,0.919403695555,0.0,True,1,2.0,0.974
3hxz EPE 444 A,EPE,EPE,0.912156743237,0.912156743237,0.0,True,1,2.0,0.971
3hxz EPE 443 B,EPE,EPE,0.923966691199,0.923966691199,0.0,True,1,2.0,0.971
3hxz EPE 443 A,EPE,EPE,0.893441580982,0.893441580982,0.0,True,1,2.0,0.971
3hxv EPE 442 A,EPE,EPE,0.973170775585,0.973170775585,0.0,True,1,1.89999997616,0.969
3hxu EPE 444 A,EPE,EPE,0.974374770495,0.974374770495,0.0,True,1,2.09999990463,0.975
3hxd BD7 334 B,HEM,ZN,0.765515695952,0.0210501652753,0.744465530677,False,3,2.0,0.794
3hxa GOL 107 G,SO4,GOL,0.888853524047,0.00881929543148,0.880034228616,False,3,1.79999995232,0.704
3hxa GOL 106 G,GOL,GOL,0.296777865263,0.296777865263,0.0,True,1,1.79999995232,0.909
3hxa GOL 106 F,SO4,GOL,0.558376055896,0.0157179448129,0.542658111083,False,7,1.79999995232,0.896
3hxa GOL 106 C,EDO,GOL,0.419845985947,0.306924086635,0.112921899311,False,2,1.79999995232,0.837
3hxa GOL 106 A,EDO,GOL,0.403547656449,0.279429832291,0.124117824158,False,2,1.79999995232,0.83
3hx4 GOL 612 A,GOL,GOL,0.401275936285,0.401275936285,0.0,True,1,2.0,0.889
3hx4 GOL 611 A,GOL,GOL,0.554322072556,0.554322072556,0.0,True,1,2.0,0.814
3hwx GOL 557 J,GOL,GOL,0.234373128052,0.234373128052,0.0,True,1,2.59999990463,0.888
3hww GOL 581 D,SO4,GOL,0.488287640013,0.0391981752327,0.449089464781,False,4,1.89999997616,0.805
3hww GOL 571 D,GOL,GOL,0.265192135101,0.265192135101,0.0,True,1,1.89999997616,0.903
3hww GOL 569 D,SO4,GOL,0.379168900221,0.0505516539701,0.328617246251,False,4,1.89999997616,0.684
3hwk SIN 416 E,MLI,SIN,0.416125174574,0.157451271494,0.25867390308,False,2,2.29999995232,0.971
3hwk SIN 415 H,SO4,SIN,0.435431089988,0.00757152772859,0.42785956226,False,10,2.29999995232,0.95
3hwk SIN 414 G,GOL,SIN,0.469955813192,0.000952822980136,0.469002990212,False,53,2.29999995232,0.924
3hwk SIN 413 G,TLA,SIN,0.249319355197,0.161528776217,0.0877905789799,False,3,2.29999995232,0.972
3hwk SIN 412 F,GOL,SIN,0.673210550049,0.000603834989866,0.672606715059,False,155,2.29999995232,0.905
3hwk SIN 411 F,PEP,SIN,0.138668643095,0.0594080736253,0.0792605694701,False,4,2.29999995232,0.973
3hwk SIN 410 D,GOL,SIN,0.405281067436,0.00138285629109,0.403898211145,False,24,2.29999995232,0.891
3hwk SIN 409 D,SIN,SIN,0.277497112758,0.277497112758,0.0,True,1,2.29999995232,0.986
3hwk SIN 408 C,GOL,SIN,0.421851058305,0.000742074839349,0.421108983465,False,132,2.29999995232,0.811
3hwk SIN 407 C,TLA,SIN,0.19142608748,0.184878582563,0.00654750491713,False,2,2.29999995232,0.975
3hwk SIN 406 B,GOL,SIN,0.755844205615,0.000245813019842,0.755598392595,False,197,2.29999995232,0.939
3hwk SIN 405 B,SIN,SIN,0.26522540567,0.26522540567,0.0,True,1,2.29999995232,0.982
3hwk SIN 404 A,SO4,SIN,0.366312123608,0.000980173017411,0.36533195059,False,84,2.29999995232,0.803
3hwk SIN 403 A,GOL,SIN,0.373148302479,0.00167215337477,0.371476149104,False,35,2.29999995232,0.867
3hwk SIN 402 A,MLI,SIN,0.362636310284,0.0357565583829,0.326879751901,False,4,2.29999995232,0.979
3hwg GOL 186 C,GOL,GOL,0.432333587406,0.432333587406,0.0,True,1,2.20000004768,0.803
3hwg GOL 185 C,SO4,GOL,0.449770847887,0.245436937493,0.204333910393,False,2,2.20000004768,0.77
3hwg GOL 181 A,SO4,GOL,0.371918016413,0.117110522742,0.254807493671,False,2,2.20000004768,0.897
3hwf GOL 3731 C,SO4,GOL,0.75931867956,0.04766317289,0.71165550667,False,2,3.20000004768,0.91
3hwf GOL 186 C,SO4,GOL,0.661485150236,0.185151686651,0.476333463586,False,2,3.20000004768,0.907
3hwf GOL 184 C,GOL,GOL,0.227465317978,0.227465317978,0.0,True,1,3.20000004768,0.883
3hwe GOL 183 A,GOL,GOL,0.304496441476,0.304496441476,0.0,True,1,2.79999995232,0.919
3hwe GOL 182 A,GOL,GOL,0.284749714289,0.284749714289,0.0,True,1,2.79999995232,0.86
3hvu MES 181 D,MES,MES,0.48287500761,0.48287500761,0.0,True,1,2.0,0.958
3hvu MES 181 C,SO4,MES,0.641255641383,0.000158565905938,0.641097075477,False,187,2.0,0.934
3hvu MES 181 B,SO4,MES,0.951882239784,0.0014503612787,0.950431878505,False,6,2.0,0.964
3hvu MES 181 A,MES,MES,0.396013824551,0.396013824551,0.0,True,1,2.0,0.974
3hvj BTB 267 A,GOL,BTB,0.257129785584,0.0546809599911,0.202448825593,False,4,1.79999995232,0.906
3hv9 GOL 905 A,SO4,GOL,0.547441624216,0.350513817447,0.196927806769,False,2,2.29999995232,0.949
3hv9 GOL 904 A,GOL,GOL,0.47710340882,0.47710340882,0.0,True,1,2.29999995232,0.956
3hv9 GOL 903 A,GOL,GOL,0.515273724302,0.515273724302,0.0,True,1,2.29999995232,0.786
3hv9 GOL 902 A,EDO,GOL,0.416393274144,0.231158448625,0.185234825519,False,2,2.29999995232,0.981
3hv9 GOL 901 A,GOL,GOL,0.416442212718,0.416442212718,0.0,True,1,2.29999995232,0.893
3hv7 BOG 1000 A,BOG,BOG,0.403548444652,0.403548444652,0.0,True,1,2.40000009537,0.972
3hv6 BOG 1000 A,BOG,BOG,0.280606465553,0.280606465553,0.0,True,1,2.0,0.946
3hv5 MES 362 A,SO4,MES,0.486492369944,0.00151624735681,0.484976122587,False,34,2.29999995232,0.901
3hv5 BOG 362 B,C8E,BOG,0.305970949414,0.00677328642997,0.299197662984,False,17,2.29999995232,0.682
3hv5 BOG 1000 B,BOG,BOG,0.646722463176,0.646722463176,0.0,True,1,2.29999995232,0.966
3hv5 BOG 1000 A,BOG,BOG,0.638811620825,0.638811620825,0.0,True,1,2.29999995232,0.951
3hv4 MES 362 A,GOL,MES,0.386659403501,0.00269409163038,0.383965311871,False,30,2.59999990463,0.841
3hv4 BOG 362 B,SAH,BOG,0.282296240829,0.0952439102742,0.187052330555,False,3,2.59999990463,0.951
3hv4 BOG 1000 A,NAG,BOG,0.345561410757,0.00535911459558,0.340202296162,False,27,2.59999990463,0.92
3hv3 GOL 362 A,SO4,GOL,0.25997910824,0.203517471948,0.056461636292,False,2,2.0,0.817
3hus NAG 3 B,NAG,FUC_NAG,0.560872507236,0.0437362347829,0.517136272453,False,4,3.0,0.748
3huj NAG 2000 A,NAG,NAG,0.992127266838,0.992127266838,0.0,True,1,2.5,0.901
3huf TPO 79 E,CSO,TPO,0.109110069144,0.027511524691,0.0815985444528,False,6,2.20000004768,0.71
3huf SCN 326 B,SCN,SCN,0.630945472117,0.630945472117,0.0,True,1,2.20000004768,0.959
3huf SCN 326 A,GOL,SCN,0.266299594326,0.21058619422,0.0557134001061,False,2,2.20000004768,0.976
3huc BOG 361 A,BOG,BOG,0.580103859478,0.580103859478,0.0,True,1,1.79999995232,0.949
3hub BOG 1000 A,NAD,BOG,0.320493674815,0.294941969446,0.0255517053689,False,2,2.29999995232,0.912
3hty GOL 21 B,GOL,GOL,0.982173859259,0.982173859259,0.0,True,1,2.0,0.98
3hty GOL 119 F,GOL,GOL,0.845071854062,0.845071854062,0.0,True,1,2.0,0.911
3hty GOL 119 C,GOL,GOL,0.315422430707,0.315422430707,0.0,True,1,2.0,0.718
3hty GOL 118 J,EDO,GOL,0.560503168357,0.266370854598,0.29413231376,False,2,2.0,0.902
3hty GOL 118 H,EDO,GOL,0.339729099989,0.297882230188,0.0418468698007,False,2,2.0,0.851
3hty GOL 118 C,SO4,GOL,0.394122345815,0.236980669943,0.157141675872,False,2,2.0,0.913
3hty GOL 117 N,EDO,GOL,0.584317839728,0.263863566022,0.320454273705,False,2,2.0,0.912
3hty GOL 117 L,GOL,GOL,0.923142663556,0.923142663556,0.0,True,1,2.0,0.892
3hty GOL 117 K,GOL,GOL,0.897797082422,0.897797082422,0.0,True,1,2.0,0.873
3hty GOL 117 H,EDO,GOL,0.478130365213,0.167754383713,0.3103759815,False,2,2.0,0.902
3hty GOL 117 E,GOL,GOL,0.908920156017,0.908920156017,0.0,True,1,2.0,0.902
3hty GOL 117 A,EDO,GOL,0.685798625549,0.253862965723,0.431935659826,False,2,2.0,0.922
3hty GOL 116 P,GOL,GOL,0.744492769802,0.744492769802,0.0,True,1,2.0,0.954
3hty GOL 116 N,EDO,GOL,0.5237090906,0.246869164514,0.276839926086,False,2,2.0,0.869
3hty GOL 116 L,GOL,GOL,0.713123820036,0.713123820036,0.0,True,1,2.0,0.907
3hty GOL 116 I,GOL,GOL,0.983652161084,0.983652161084,0.0,True,1,2.0,0.972
3hty GOL 116 F,IMD,GOL,0.236857482185,0.192329530487,0.0445279516977,False,2,2.0,0.765
3hty GOL 116 E,EDO,GOL,0.371027133013,0.163189894612,0.207837238401,False,3,2.0,0.884
3hty GOL 116 D,GOL,GOL,0.846601657142,0.846601657142,0.0,True,1,2.0,0.963
3hty GOL 116 C,GOL,GOL,0.621821072948,0.621821072948,0.0,True,1,2.0,0.777
3hty GOL 116 A,GOL,GOL,0.690450447558,0.690450447558,0.0,True,1,2.0,0.848
3htx SAH 951 D,ADP_MG,SAH,0.19396271087,0.0317706290268,0.162192081843,False,8,3.09999990463,0.956
3htx SAH 951 A,MAL,SAH,0.13757192191,0.0373832367573,0.100188685153,False,5,3.09999990463,0.938
3htt NAG 632 A,NAG,NAG,0.589796193486,0.589796193486,0.0,True,1,3.0,0.718
3htt NAG 631 A,NAG,NAG,0.949771180749,0.949771180749,0.0,True,1,3.0,0.783
3hts GOL 1 B,GOL,GOL,0.525860588227,0.525860588227,0.0,True,1,1.70000004768,0.852
3htq SIA 801 A,NAG,SIA,0.296173791602,0.00138195528283,0.294791836319,False,81,3.0,0.787
3htq NAG 632 A,NAG,NAG,0.796466329793,0.796466329793,0.0,True,1,3.0,0.75
3htq NAG 631 A,NAG,NAG,0.937012130018,0.937012130018,0.0,True,1,3.0,0.825
3htp NAG 632 A,NAG,NAG,0.826009205972,0.826009205972,0.0,True,1,3.0,0.799
3htp NAG 631 A,NAG,NAG,0.747400872578,0.747400872578,0.0,True,1,3.0,0.811
3hto NAG 633 A,NAG,NAG,0.965512528307,0.965512528307,0.0,True,1,3.0,0.831
3hto NAG 632 A,NAG,NAG,0.925713583693,0.925713583693,0.0,True,1,3.0,0.852
3hta IMD 201 D,SO4,IMD,0.324384170594,0.126059055293,0.198325115302,False,3,2.29999995232,0.989
3hta IMD 201 C,EDO,IMD,0.280180062595,0.0251317617052,0.255048300889,False,5,2.29999995232,0.974
3hta IMD 201 B,ACT,IMD,0.383854355435,0.00938264683795,0.374471708597,False,9,2.29999995232,0.972
3hta IMD 201 A,SO4,IMD,0.360095066616,0.0331213004372,0.326973766179,False,5,2.29999995232,0.977
3ht3 DOC 29 E,DOC,DOC,0.953494274302,0.953494274302,0.0,True,1,1.70000004768,0.981
3hsz TRS 192 A,EDO,TRS,0.75217689503,0.000233677550539,0.751943217479,False,43,1.39999997616,0.779
3hss TRS 263 A,GOL,TRS,0.94878679895,0.00121705825693,0.947569740693,False,5,1.89999997616,0.888
3hss ACT 269 A,EDO,ACT,0.442455869945,0.121953452924,0.320502417021,False,3,1.89999997616,0.883
3hsr GOL 144 D,GOL,GOL,0.866516124146,0.866516124146,0.0,True,1,1.89999997616,0.941
3hsr GOL 144 C,GOL,GOL,0.909130719157,0.909130719157,0.0,True,1,1.89999997616,0.963
3hsr GOL 144 B,GOL,GOL,0.829463784855,0.829463784855,0.0,True,1,1.89999997616,0.933
3hsr GOL 143 B,GOL,GOL,0.959983976143,0.959983976143,0.0,True,1,1.89999997616,0.837
3hsr ACT 143 D,EDO,ACT,0.277793799315,0.0946049003203,0.183188898995,False,3,1.89999997616,0.935
3hsr ACT 143 C,SO4,ACT,0.334696309709,0.0269860082219,0.307710301487,False,5,1.89999997616,0.956
3hsr ACT 143 A,SO4,ACT,0.43019799338,0.0354577279122,0.394740265468,False,6,1.89999997616,0.91
3hsr ACT 1 B,GOL,ACT,0.426932429514,0.00686901368686,0.420063415827,False,8,1.89999997616,0.8
3hsp HEM 750 A,H4B_HEM,H4B_HEM,0.905895024102,0.905895024102,0.0,True,1,2.20000004768,0.986
3hsp GOL 882 A,GOL,GOL,0.850642208539,0.850642208539,0.0,True,1,2.20000004768,0.91
3hsp ACT 1860 B,SO4,ACT,0.328032717937,0.0914261118695,0.236606606067,False,4,2.20000004768,0.945
3hso ACT 1860 B,ACT,ACT,0.431254518904,0.431254518904,0.0,True,1,2.0,0.973
3hsn GOL 882 A,EDO,GOL,0.446469012375,0.382489724388,0.0639792879866,False,2,1.89999997616,0.916
3hsn ACT 1860 B,SO4,ACT,0.443986036166,0.0423723048717,0.401613731294,False,5,1.89999997616,0.925
3hsj ACT 191 A,EDO,ACT,0.273295234907,0.064359287203,0.208935947704,False,5,1.20000004768,0.964
3hsh GOL 60 B,SO4,GOL,0.618814692956,0.0177047407258,0.601109952231,False,4,1.79999995232,0.881
3hsh GOL 60 A,GOL,GOL,0.781289545622,0.781289545622,0.0,True,1,1.79999995232,0.852
3hsh GOL 57 C,EDO,GOL,0.438484931637,0.294379863777,0.144105067859,False,2,1.79999995232,0.857
3hsh GOL 56 D,SO4,GOL,0.671667758294,0.00780498690883,0.663862771386,False,7,1.79999995232,0.829
3hsd GOL 193 B,GOL,GOL,0.961590932789,0.961590932789,0.0,True,1,1.70000004768,0.969
3hsa MLY 92 E,MLY,MLY,0.842335368192,0.842335368192,0.0,True,1,2.0,0.966
3hsa MLY 92 D,CSO,MLY,0.382621758376,0.24937643215,0.133245326226,False,2,2.0,0.962
3hsa MLY 92 C,MLY,MLY,0.844441206084,0.844441206084,0.0,True,1,2.0,0.971
3hsa MLY 92 B,MLY,MLY,0.632532792033,0.632532792033,0.0,True,1,2.0,0.95
3hsa MLY 92 A,MLY,MLY,0.408897599444,0.408897599444,0.0,True,1,2.0,0.956
3hsa MLY 72 E,MLY,MLY,0.689186870128,0.689186870128,0.0,True,1,2.0,0.902
3hsa MLY 72 D,MLY,MLY,0.870290558959,0.870290558959,0.0,True,1,2.0,0.919
3hsa MLY 72 C,MLY,MLY,0.754666524363,0.754666524363,0.0,True,1,2.0,0.897
3hsa MLY 72 B,MLY,MLY,0.652275758444,0.652275758444,0.0,True,1,2.0,0.932
3hsa MLY 72 A,MLY,MLY,0.610965244841,0.610965244841,0.0,True,1,2.0,0.966
3hsa MLY 63 C,ACE,MLY,0.484666433906,0.00978178658224,0.474884647324,False,8,2.0,0.926
3hsa MLY 62 D,MLY,MLY,0.347442795394,0.347442795394,0.0,True,1,2.0,0.94
3hsa MLY 62 C,GOL,MLY,0.384614982108,0.00566127352052,0.378953708588,False,16,2.0,0.86
3hsa MLY 56 E,BME,MLY,0.173767783352,0.126739022116,0.0470287612361,False,3,2.0,0.685
3hsa MLY 56 D,MLY,MLY,0.813609588837,0.813609588837,0.0,True,1,2.0,0.961
3hsa MLY 56 B,MLY,MLY,0.612887605062,0.612887605062,0.0,True,1,2.0,0.922
3hsa MLY 56 A,MLY,MLY,0.772833027334,0.772833027334,0.0,True,1,2.0,0.926
3hsa MLY 49 E,MLY,MLY,0.837397771119,0.837397771119,0.0,True,1,2.0,0.956
3hsa MLY 49 D,MLY,MLY,0.810543560512,0.810543560512,0.0,True,1,2.0,0.903
3hsa MLY 49 C,MLY,MLY,0.888682706392,0.888682706392,0.0,True,1,2.0,0.918
3hsa MLY 49 B,MLY,MLY,0.815505994607,0.815505994607,0.0,True,1,2.0,0.94
3hsa MLY 49 A,CSO,MLY,0.373414199657,0.0516729855459,0.321741214111,False,5,2.0,0.936
3hsa GOL 127 A,EDO,GOL,0.796977642817,0.12858540929,0.668392233527,False,2,2.0,0.974
3hsa GOL 126 A,GOL,GOL,0.709271615975,0.709271615975,0.0,True,1,2.0,0.958
3hrv GOL 1000 A,EDO,GOL,0.222761219027,0.193782127631,0.0289790913962,False,3,1.39999997616,0.722
3hrm CSO 13 B,OCS,CSO,0.573022839011,0.173905995943,0.399116843068,False,2,2.0,0.98
3hrm CSO 13 A,MG_PO4,CSO,0.336208045845,0.028972221119,0.307235824726,False,4,2.0,0.973
3hrh GOL 882 B,GOL,GOL,0.674550162249,0.674550162249,0.0,True,1,2.20000004768,0.655
3hrh GOL 879 B,SO4,GOL,0.291886812126,0.21952787707,0.0723589350557,False,3,2.20000004768,0.662
3hrh GOL 874 A,GOL,GOL,0.691438485986,0.691438485986,0.0,True,1,2.20000004768,0.962
3hrh GOL 872 B,GOL,GOL,0.930274153466,0.930274153466,0.0,True,1,2.20000004768,0.891
3hrh GOL 871 B,GOL,GOL,0.564053218836,0.564053218836,0.0,True,1,2.20000004768,0.812
3hrh GOL 869 B,SO4,GOL,0.574760833017,0.108970070789,0.465790762228,False,2,2.20000004768,0.912
3hrh GOL 868 B,GOL,GOL,0.472157202123,0.472157202123,0.0,True,1,2.20000004768,0.894
3hrh GOL 866 B,EDO,GOL,0.610513933623,0.137306096977,0.473207836646,False,2,2.20000004768,0.8
3hrh GOL 865 B,GOL,GOL,0.169691287985,0.169691287985,0.0,True,1,2.20000004768,0.846
3hrh GOL 863 B,EDO,GOL,0.386365616552,0.384491858369,0.00187375818297,False,2,2.20000004768,0.874
3hrh GOL 861 B,GOL,GOL,0.90888771742,0.90888771742,0.0,True,1,2.20000004768,0.894
3hrf SEP 241 A,TPO,SEP,0.50163135198,0.393328689135,0.108302662845,False,2,1.89999997616,0.973
3hrf EPE 1375 A,MES,EPE,0.593289662156,0.0210247376853,0.572264924471,False,4,1.89999997616,0.861
3hrf ATP 1373 A,NAD,ATP,0.190410244249,0.102854057053,0.0875561871962,False,2,1.89999997616,0.96
3hrd NO3 5662 E,SO4,NO3,0.458284697536,0.0296881054345,0.428596592102,False,5,2.20000004768,0.981
3hrd NO3 5659 C,ACT,NO3,0.248874252091,0.0941517681596,0.154722483931,False,3,2.20000004768,0.957
3hrd NO3 5658 A,BCT,NO3,0.517445526128,0.00945939987661,0.507986126251,False,6,2.20000004768,0.984
3hrc SEP 241 A,SEP,SEP,0.655996799371,0.655996799371,0.0,True,1,1.89999997616,0.982
3hrc ATP 1373 A,ATP,ATP,0.231017388096,0.231017388096,0.0,True,1,1.89999997616,0.941
3hr9 ACT 405 A,EDO,ACT,0.289643416834,0.0412531728912,0.248390243942,False,5,1.70000004768,0.943
3hr5 GOL 404 A,EDO,GOL,0.318134525445,0.220427046622,0.0977074788228,False,2,2.40000009537,0.826
3hr5 GOL 403 Q,GOL,GOL,0.390372815827,0.390372815827,0.0,True,1,2.40000009537,0.895
3hr5 GOL 402 P,EDO,GOL,0.441880572535,0.259809591757,0.182070980778,False,2,2.40000009537,0.934
3hr5 GOL 401 J,GOL,GOL,0.669275866859,0.669275866859,0.0,True,1,2.40000009537,0.946
3hqo ATP 1001 C,CLA,ATP,0.557179565956,0.00573731256625,0.55144225339,False,8,3.40000009537,0.826
3hqo ATP 1001 B,CLA,ATP,0.565345800843,0.00117956487405,0.564166235969,False,46,3.40000009537,0.791
3hqn GOL 500 D,PO4,GOL,0.37141547876,0.174467014228,0.196948464532,False,3,2.0,0.911
3hqn GOL 499 D,GOL,GOL,0.497751022948,0.497751022948,0.0,True,1,2.0,0.891
3hqn GOL 499 A,EDO,GOL,0.508030746084,0.188963684108,0.319067061976,False,2,2.0,0.874
3hqc ACT 1419 A,ACT,ACT,0.262973939569,0.262973939569,0.0,True,1,1.79999995232,0.931
3hq9 IMD 347 B,EDO,IMD,0.750041155896,0.0171695795594,0.732871576337,False,4,1.5,0.936
3hq9 IMD 347 A,EDO,IMD,0.478185355235,0.111822703116,0.366362652119,False,3,1.5,0.946
3hq9 IMD 346 B,IMD,IMD,0.359608754326,0.359608754326,0.0,True,1,1.5,0.942
3hq9 IMD 346 A,IMD,IMD,0.874029528447,0.874029528447,0.0,True,1,1.5,0.964
3hq5 GOL 935 A,GOL,GOL,0.920877428758,0.920877428758,0.0,True,1,2.09999990463,0.945
3hq5 GOL 934 B,GOL,GOL,0.663095541248,0.663095541248,0.0,True,1,2.09999990463,0.948
3hq1 GOL 708 B,GOL,GOL,0.881650866011,0.881650866011,0.0,True,1,1.70000004768,0.843
3hq1 GOL 707 B,GOL,GOL,0.960163847591,0.960163847591,0.0,True,1,1.70000004768,0.973
3hq1 GOL 706 A,GOL,GOL,0.966332989112,0.966332989112,0.0,True,1,1.70000004768,0.949
3hpz GOL 707 B,GOL,GOL,0.92166165309,0.92166165309,0.0,True,1,2.20000004768,0.979
3hpz GOL 706 A,GOL,GOL,0.577751366475,0.577751366475,0.0,True,1,2.20000004768,0.979
3hpx GOL 703 B,GOL,GOL,0.318569986692,0.318569986692,0.0,True,1,2.0,0.936
3hpx GOL 702 A,GOL,GOL,0.469950862945,0.469950862945,0.0,True,1,2.0,0.958
3hpt MES 9 B,MES,MES,0.579905876115,0.579905876115,0.0,True,1,2.20000004768,0.955
3hpt MES 10 D,MES,MES,0.89376431579,0.89376431579,0.0,True,1,2.20000004768,0.969
3hpt GOL 7 A,GOL,GOL,0.921626897687,0.921626897687,0.0,True,1,2.20000004768,0.973
3hpt GOL 6 D,GOL,GOL,0.826641512807,0.826641512807,0.0,True,1,2.20000004768,0.952
3hpt GOL 5 D,GOL,GOL,0.67755200501,0.67755200501,0.0,True,1,2.20000004768,0.878
3hpt ACT 252 B,EDO,ACT,0.642852319677,0.0498569824584,0.592995337219,False,3,2.20000004768,0.9
3hpt ACT 251 D,GOL,ACT,0.522528487775,0.0375973406859,0.48493114709,False,4,2.20000004768,0.81
3hpt ACT 13 D,SO4,ACT,0.68002799724,0.006503106523,0.673524890717,False,7,2.20000004768,0.903
3hpt ACT 11 B,SO4,ACT,0.353292054204,0.0408743758775,0.312417678327,False,7,2.20000004768,0.918
3hps GOL 704 B,GOL,GOL,0.99101596711,0.99101596711,0.0,True,1,1.79999995232,0.972
3hps GOL 704 A,GOL,GOL,0.990633854211,0.990633854211,0.0,True,1,1.79999995232,0.977
3hpj GOL 277 D,GOL,GOL,0.726525912317,0.726525912317,0.0,True,1,2.0,0.87
3hpj GOL 277 A,GOL,GOL,0.639151186861,0.639151186861,0.0,True,1,2.0,0.885
3hpj GOL 276 D,GOL,GOL,0.292921221382,0.292921221382,0.0,True,1,2.0,0.879
3hpj GOL 276 A,SO4,GOL,0.54095614375,0.0845275057216,0.456428638028,False,3,2.0,0.831
3hpj GOL 100 B,EDO,GOL,0.438331026915,0.235968435802,0.202362591113,False,2,2.0,0.846
3hph GOL 221 C,GOL,GOL,0.281439852956,0.281439852956,0.0,True,1,2.59999990463,0.937
3hph GOL 221 A,SO4,GOL,0.545082598092,0.110288626899,0.434793971193,False,2,2.59999990463,0.927
3hp8 DTT 110 B,NAG,DTT,0.949790146141,0.00363906228628,0.946151083854,False,4,2.0,0.902
3hp8 DTT 110 A,BME,DTT,0.618970854569,0.0598055536552,0.559165300914,False,2,2.0,0.93
3hnw GOL 140 A,GOL,GOL,0.709002802123,0.709002802123,0.0,True,1,2.20000004768,0.903
3hnw GOL 139 A,SO4,GOL,0.0986530868076,0.0758883890516,0.022764697756,False,2,2.20000004768,0.924
3hnw GOL 138 A,GOL,GOL,0.273612399996,0.273612399996,0.0,True,1,2.20000004768,0.913
3hnd GDP 803 B,ADP,GDP,0.645032295987,0.0173123709239,0.627719925063,False,4,3.20000004768,0.901
3hnd GDP 803 A,ATP,GDP,0.273818209915,0.0193178009431,0.254500408972,False,8,3.20000004768,0.941
3hna SAH 102 B,SAH,SAH,0.665147922176,0.665147922176,0.0,True,1,1.5,0.974
3hna SAH 101 A,SAH,SAH,0.713014297582,0.713014297582,0.0,True,1,1.5,0.97
3hn6 POP 303 B,PO4,POP,0.191422299155,0.00658958133009,0.184832717825,False,19,2.20000004768,0.936
3hn6 POP 302 C,PO4,POP,0.14419938425,0.00232080870762,0.141878575542,False,45,2.20000004768,0.916
3hn6 POP 301 D,ADP,POP,0.151137130978,0.00215755823797,0.14897957274,False,43,2.20000004768,0.95
3hn4 EPE 1001 A,EPE,EPE,0.868501150477,0.868501150477,0.0,True,1,2.59999990463,0.964
3hn1 SIA 6 A,NAD,SIA,0.249572672546,0.000873931642837,0.248698740904,False,159,2.09999990463,0.777
3hmy GOL 1400 A,TRS,GOL,0.629522691305,0.271872397776,0.357650293529,False,2,2.0,0.802
3hmv GOL 531 A,GOL,GOL,0.377121057136,0.377121057136,0.0,True,1,2.20000004768,0.908
3hmp IPA 814 A,GOL,IPA,0.229193149911,0.00901354556854,0.220179604342,False,12,2.29999995232,0.765
3hmp IPA 813 A,GOL,IPA,0.258886135644,0.0100159946044,0.248870141039,False,8,2.29999995232,0.698
3hmp IPA 812 A,GOL,IPA,0.675482642508,0.000288143497227,0.67519449901,False,178,2.29999995232,0.858
3hmp GOL 811 A,EDO,GOL,0.910754336888,0.0408904208534,0.869863916034,False,2,2.29999995232,0.915
3hmp GOL 2 A,GOL,GOL,0.268529718855,0.268529718855,0.0,True,1,2.29999995232,0.856
3hmo IPA 810 A,EDO,IPA,0.296534798651,0.0030297700403,0.29350502861,False,18,2.40000009537,0.843
3hmo IPA 3 A,EDO,IPA,0.243639342841,0.000891551929981,0.242747790911,False,61,2.40000009537,0.84
3hmo IPA 2 A,EDO,IPA,0.441652116959,0.0007884851357,0.440863631823,False,24,2.40000009537,0.754
3hmo GOL 811 A,SO4,GOL,0.448021343236,0.141678505963,0.306342837274,False,2,2.40000009537,0.795
3hmo GOL 4 A,GOL,GOL,0.416347154614,0.416347154614,0.0,True,1,2.40000009537,0.796
3hmn ATP 1 A,NAG_NAG,ATP,0.197611972277,0.0483511607168,0.14926081156,False,3,2.70000004768,0.787
3hlz GOL 270 A,GOL,GOL,0.948643713866,0.948643713866,0.0,True,1,1.5,0.963
3hlz GOL 269 A,GOL,GOL,0.907982473188,0.907982473188,0.0,True,1,1.5,0.977
3hlz ACT 272 A,ACT,ACT,0.403910075529,0.403910075529,0.0,True,1,1.5,0.758
3hlz ACT 270 B,EDO,ACT,0.345745847263,0.218525091081,0.127220756182,False,2,1.5,0.924
3hlx GOL 259 D,GOL,GOL,0.509093947908,0.509093947908,0.0,True,1,1.29999995232,0.867
3hlo DAL 155 A,HYP,DAL,0.141447519241,0.00532901407584,0.136118505165,False,32,1.60000002384,0.876
3hlm LLP 279 D,SO4,LLP,0.303313101599,0.00777022284642,0.295542878753,False,8,2.5,0.954
3hlm LLP 279 C,PLP,LLP,0.963205169593,0.0145284179102,0.948676751683,False,2,2.5,0.962
3hlm LLP 279 B,PLP,LLP,0.864998903995,0.107960483128,0.757038420867,False,2,2.5,0.97
3hlm LLP 279 A,PLP,LLP,0.831459135236,0.118961809562,0.712497325674,False,2,2.5,0.962
3hlm GOL 432 A,EDO,GOL,0.516974303597,0.304676458734,0.212297844863,False,2,2.5,0.947
3hlm GOL 431 A,GOL,GOL,0.516593808741,0.516593808741,0.0,True,1,2.5,0.962
3hlm GOL 1 C,SO4,GOL,0.163023014538,0.102612158865,0.060410855673,False,2,2.5,0.895
3hlm GOL 1 B,EDO,GOL,0.233899837132,0.0621466228201,0.171753214312,False,2,2.5,0.961
3hlm GOL 1 A,SO4,GOL,0.282430966656,0.00798717043492,0.274443796221,False,13,2.5,0.833
3hle DTT 414 A,SO4,DTT,0.535414625033,0.000527275686259,0.534887349346,False,67,2.09999990463,0.797
3hld FMT 417 A,SO4,FMT,0.531750467567,0.00797300867782,0.52377745889,False,6,2.0,0.915
3hld FMT 416 A,EDO,FMT,0.410880163144,0.308552012732,0.102328150413,False,2,2.0,0.974
3hld FMT 415 A,EDO,FMT,0.553734798508,0.0194461603841,0.534288638124,False,7,2.0,0.987
3hld FMT 414 A,EDO,FMT,0.494564962163,0.00706292572922,0.487502036434,False,7,2.0,0.979
3hlc PG4 415 A,GOL,PG4,0.514997876851,0.0201280167652,0.494869860086,False,5,2.0,0.862
3hlc GOL 414 A,SO4,GOL,0.854356472976,0.00369381157935,0.850662661397,False,7,2.0,0.863
3hl4 FMT 240 A,EDO,FMT,0.633047103984,0.00516659649302,0.627880507491,False,10,2.20000004768,0.772
3hl4 FMT 239 B,EDO,FMT,0.313266861387,0.0646253724316,0.248641488955,False,5,2.20000004768,0.913
3hl2 SEP 2002 D,CIT,SEP,0.194282280989,0.0104364035613,0.183845877428,False,10,2.79999995232,0.899
3hl2 SEP 2002 B,SO4,SEP,0.322605517728,0.0024096639484,0.32019585378,False,25,2.79999995232,0.921
3hl2 SEP 2001 D,SO4,SEP,0.750589451064,0.0018062789631,0.748783172101,False,13,2.79999995232,0.853
3hl0 EPE 402 B,SO4,EPE,0.0915206173485,0.00270149628981,0.0888191210587,False,42,1.60000002384,0.764
3hkw GOL 587 A,EDO,GOL,0.516613321011,0.414956684006,0.101656637005,False,2,1.60000002384,0.945
3hkw GOL 586 B,GOL,GOL,0.759483593659,0.759483593659,0.0,True,1,1.60000002384,0.939
3hkw GOL 586 A,GOL,GOL,0.861759165379,0.861759165379,0.0,True,1,1.60000002384,0.973
3hkr MES 211 B,MES,MES,0.863546731683,0.863546731683,0.0,True,1,1.79999995232,0.942
3hkr MES 211 A,GOL,MES,0.147107758111,0.0790517718794,0.0680559862321,False,2,1.79999995232,0.938
3hkq GOL 301 A,EDO,GOL,0.745129536957,0.127437049603,0.617692487355,False,2,1.70000004768,0.65
3hkn MFS 300 A,ACT_ZN,ZN,0.891851645941,0.100306414377,0.791545231564,False,2,1.79999995232,0.758
3hkn GOL 302 A,EDO,GOL,0.449943945543,0.402250615645,0.0476933298972,False,2,1.79999995232,0.694
3hke GTP 600 A,GTP,GTP,0.162501671375,0.162501671375,0.0,True,1,3.59999990463,0.975
3hke GDP 600 B,ADP,GDP,0.158804555498,0.0624472591209,0.0963572963773,False,3,3.59999990463,0.943
3hka CO3 430 B,ACT,CO3,0.565248005426,0.0310288661741,0.534219139252,False,5,1.89999997616,0.952
3hka CO3 429 B,ACT,CO3,0.498688936835,0.0429699995306,0.455718937304,False,4,1.89999997616,0.951
3hka CO3 429 A,ACT,CO3,0.260999043802,0.031352101106,0.229646942696,False,6,1.89999997616,0.928
3hk9 CO3 430 D,CO3,CO3,0.38020079064,0.38020079064,0.0,True,1,2.09999990463,0.991
3hk9 CO3 430 A,SO4,CO3,0.298973528293,0.15860116752,0.140372360773,False,3,2.09999990463,0.985
3hk9 CO3 429 L,ACT,CO3,0.435943024168,0.0945695149847,0.341373509183,False,3,2.09999990463,0.987
3hk9 CO3 429 K,ACT,CO3,0.355057112231,0.0693330743233,0.285724037907,False,4,2.09999990463,0.985
3hk9 CO3 429 J,ACT,CO3,0.59135740373,0.180416645129,0.410940758601,False,2,2.09999990463,0.99
3hk9 CO3 429 I,ACT,CO3,0.411945092851,0.093394592983,0.318550499868,False,3,2.09999990463,0.975
3hk9 CO3 429 H,ACT,CO3,0.398173065941,0.0203025029446,0.377870562997,False,7,2.09999990463,0.982
3hk9 CO3 429 G,GOL,CO3,0.578320879952,0.000788560051949,0.5775323199,False,24,2.09999990463,0.988
3hk9 CO3 429 F,PYR,CO3,0.360537585865,0.0866604461062,0.273877139759,False,3,2.09999990463,0.952
3hk9 CO3 429 D,CO3,CO3,0.216870686053,0.216870686053,0.0,True,1,2.09999990463,0.982
3hk9 CO3 429 C,ACT,CO3,0.398219312451,0.0453141439757,0.352905168475,False,4,2.09999990463,0.961
3hk9 CO3 429 A,CO3,CO3,0.299373009739,0.299373009739,0.0,True,1,2.09999990463,0.953
3hk8 CO3 429 B,BCT,CO3,0.205617384626,0.00455816182993,0.201059222796,False,16,2.20000004768,0.967
3hk8 CO3 429 A,BCT,CO3,0.571029481685,0.0093090402169,0.561720441468,False,10,2.20000004768,0.988
3hk7 CO3 430 K,CO3,CO3,0.31369124649,0.31369124649,0.0,True,1,2.09999990463,0.985
3hk7 CO3 430 E,BCT,CO3,0.18212956564,0.062110895262,0.120018670378,False,6,2.09999990463,0.99
3hk7 CO3 430 A,ACT,CO3,0.398156155587,0.0973249653294,0.300831190257,False,4,2.09999990463,0.988
3hk7 CO3 429 K,PEP,CO3,0.297710446919,0.00221765223683,0.295492794682,False,76,2.09999990463,0.993
3hk7 CO3 429 J,CO3,CO3,0.545118775197,0.545118775197,0.0,True,1,2.09999990463,0.992
3hk7 CO3 429 I,CO3,CO3,0.230531197722,0.230531197722,0.0,True,1,2.09999990463,0.973
3hk7 CO3 429 H,ACT,CO3,0.627654201088,0.0525900845334,0.575064116555,False,4,2.09999990463,0.985
3hk7 CO3 429 G,PYR,CO3,0.40318210463,0.00850500865357,0.394677095976,False,12,2.09999990463,0.977
3hk7 CO3 429 E,ACT,CO3,0.271999058415,0.125124835867,0.146874222548,False,3,2.09999990463,0.981
3hk7 CO3 429 D,ACY,CO3,0.276289156714,0.244986263836,0.0313028928773,False,2,2.09999990463,0.995
3hk7 CO3 429 C,ACT,CO3,0.639484400259,0.0542087915001,0.585275608759,False,3,2.09999990463,0.986
3hk7 CO3 429 A,CO3,CO3,0.2867670696,0.2867670696,0.0,True,1,2.09999990463,0.954
3hk5 CO3 429 B,BCT,CO3,0.387821617535,0.0158520462455,0.37196957129,False,9,2.20000004768,0.959
3hk5 CO3 429 A,GOL,CO3,0.351765010872,0.00183129930894,0.349933711564,False,26,2.20000004768,0.975
3hk0 SCN 15 A,DMS,SCN,0.226531399004,0.00853151508787,0.217999883916,False,14,2.5,0.967
3hju GOL 417 A,GOL,GOL,0.334585464944,0.334585464944,0.0,True,1,2.20000004768,0.796
3hju GOL 410 B,GOL,GOL,0.338417241271,0.338417241271,0.0,True,1,2.20000004768,0.871
3hjo CO3 216 A,EDO,CO3,0.303244752241,0.00161921308609,0.301625539155,False,26,2.0,0.875
3hjn TYD 402 B,H4B,TYD,0.287596296138,0.0131214597599,0.274474836378,False,11,2.09999990463,0.909
3hjm MES 210 D,GOL,MES,0.468558062933,0.00788590007937,0.460672162854,False,11,2.09999990463,0.964
3hjm MES 210 B,SO4,MES,0.346217334535,0.0650520457141,0.281165288821,False,4,2.09999990463,0.956
3hjm MES 210 A,GOL,MES,0.227082142407,0.0459698124548,0.181112329953,False,5,2.09999990463,0.888
3hjj GOL 193 A,SO4,GOL,0.349213067207,0.0920939006619,0.257119166545,False,5,2.20000004768,0.843
3hjj GOL 191 B,GOL,GOL,0.449050058089,0.449050058089,0.0,True,1,2.20000004768,0.859
3hjj GOL 191 A,SO4,GOL,0.873938207404,0.0192204639426,0.854717743462,False,3,2.20000004768,0.894
3hjj GOL 190 C,SO4,GOL,0.71180670992,0.0353655997307,0.676441110189,False,3,2.20000004768,0.911
3hjj GOL 189 C,SO4,GOL,0.241372797649,0.212724289715,0.028648507934,False,2,2.20000004768,0.892
3hjj GOL 189 B,GOL,GOL,0.287552658284,0.287552658284,0.0,True,1,2.20000004768,0.944
3hjj GOL 188 C,GOL,GOL,0.72648037064,0.72648037064,0.0,True,1,2.20000004768,0.897
3hjj GOL 188 B,SO4,GOL,0.699980685622,0.0147515778569,0.685229107765,False,3,2.20000004768,0.907
3hje GOL 804 A,GOL,GOL,0.97560120676,0.97560120676,0.0,True,1,1.89999997616,0.963
3hje GOL 803 A,GOL,GOL,0.926530336647,0.926530336647,0.0,True,1,1.89999997616,0.945
3hje GOL 802 A,GSH,GOL,0.188237693257,0.150731327969,0.0375063652873,False,2,1.89999997616,0.922
3hjb PG4 562 A,PG4,PG4,0.173316134895,0.173316134895,0.0,True,1,1.5,0.871
3hj9 ACT 223 A,SO4,ACT,0.460302630419,0.12068330093,0.339619329489,False,2,2.0,0.955
3hik GOL 2 A,GOL,GOL,0.298445356104,0.298445356104,0.0,True,1,1.79999995232,0.864
3hij GOL 293 D,GOL,GOL,0.54091537662,0.54091537662,0.0,True,1,2.20000004768,0.771
3hii GOL 804 A,GOL,GOL,0.854931861723,0.854931861723,0.0,True,1,2.09999990463,0.972
3hih GOL 9 B,GOL,GOL,0.324684898861,0.324684898861,0.0,True,1,1.70000004768,0.824
3hih GOL 7 A,GOL,GOL,0.708456786728,0.708456786728,0.0,True,1,1.70000004768,0.907
3hih GOL 6 A,GOL,GOL,0.824979228199,0.824979228199,0.0,True,1,1.70000004768,0.905
3hih GOL 10 A,GOL,GOL,0.964193196085,0.964193196085,0.0,True,1,1.70000004768,0.938
3hig GOL 804 A,GOL,GOL,0.762279223388,0.762279223388,0.0,True,1,2.09999990463,0.974
3hi7 GOL 805 B,GOL,GOL,0.739508596301,0.739508596301,0.0,True,1,1.79999995232,0.905
3hi7 GOL 805 A,GOL,GOL,0.984755136869,0.984755136869,0.0,True,1,1.79999995232,0.974
3hi7 GOL 804 B,GOL,GOL,0.917128761358,0.917128761358,0.0,True,1,1.79999995232,0.981
3hi7 GOL 804 A,GOL,GOL,0.471348506338,0.471348506338,0.0,True,1,1.79999995232,0.973
3hi4 GOL 278 F,GOL,GOL,0.688945494333,0.688945494333,0.0,True,1,2.20000004768,0.915
3hi4 GOL 278 C,SO4,GOL,0.135135022805,0.0693467699973,0.0657882528078,False,3,2.20000004768,0.898
3hi4 GOL 277 E,GOL,GOL,0.961976714462,0.961976714462,0.0,True,1,2.20000004768,0.951
3hi4 GOL 277 C,SO4,GOL,0.320853068614,0.310139158105,0.0107139105089,False,2,2.20000004768,0.924
3hi4 GOL 276 F,GOL,GOL,0.79985608435,0.79985608435,0.0,True,1,2.20000004768,0.964
3hi4 GOL 276 E,GOL,GOL,0.477228820784,0.477228820784,0.0,True,1,2.20000004768,0.951
3hi4 GOL 276 D,SO4,GOL,0.261843281784,0.149426579098,0.112416702686,False,3,2.20000004768,0.908
3hi4 GOL 276 C,GOL,GOL,0.676417338883,0.676417338883,0.0,True,1,2.20000004768,0.958
3hi4 GOL 276 B,GOL,GOL,0.345289865504,0.345289865504,0.0,True,1,2.20000004768,0.943
3hi4 GOL 276 A,GOL,GOL,0.343416443381,0.343416443381,0.0,True,1,2.20000004768,0.923
3hi4 GOL 275 F,GOL,GOL,0.656324227364,0.656324227364,0.0,True,1,2.20000004768,0.987
3hi4 GOL 275 E,GOL,GOL,0.982711360522,0.982711360522,0.0,True,1,2.20000004768,0.977
3hi4 GOL 275 D,GOL,GOL,0.875851060727,0.875851060727,0.0,True,1,2.20000004768,0.974
3hi4 GOL 275 C,GOL,GOL,0.875040824608,0.875040824608,0.0,True,1,2.20000004768,0.99
3hi4 GOL 275 B,GOL,GOL,0.973658974582,0.973658974582,0.0,True,1,2.20000004768,0.98
3hi4 GOL 275 A,GOL,GOL,0.759701321109,0.759701321109,0.0,True,1,2.20000004768,0.939
3hi4 GOL 274 D,GOL,GOL,0.940654334653,0.940654334653,0.0,True,1,2.20000004768,0.968
3hi4 GOL 274 B,GOL,GOL,0.857089878469,0.857089878469,0.0,True,1,2.20000004768,0.948
3hi4 GOL 274 A,GOL,GOL,0.88795484148,0.88795484148,0.0,True,1,2.20000004768,0.976
3hi4 ACT 274 F,EDO,ACT,0.559214557651,0.0224135157823,0.536801041868,False,6,2.20000004768,0.886
3hi4 ACT 274 E,EDO,ACT,0.361575734676,0.0829100986514,0.278665636025,False,2,2.20000004768,0.865
3hi4 ACT 274 C,GOL,ACT,0.587222757826,0.092630903662,0.494591854164,False,3,2.20000004768,0.863
3hi4 ACT 273 F,SO4,ACT,0.563170802378,0.0170584909092,0.546112311469,False,4,2.20000004768,0.981
3hi4 ACT 272 F,ACY,ACT,0.267733834518,0.203827901816,0.0639059327019,False,2,2.20000004768,0.978
3hi4 ACT 272 E,EDO,ACT,0.352191564004,0.0119782899778,0.340213274027,False,9,2.20000004768,0.978
3hi4 ACT 272 D,SO4,ACT,0.50623914661,0.0963959770744,0.409843169536,False,3,2.20000004768,0.983
3hi4 ACT 272 C,SO4,ACT,0.712399509378,0.0304418806692,0.681957628709,False,2,2.20000004768,0.962
3hi4 ACT 272 B,EDO,ACT,0.200498713642,0.134417020075,0.0660816935676,False,3,2.20000004768,0.978
3hi4 ACT 272 A,SO4,ACT,0.349429520675,0.0568645823176,0.292564938358,False,6,2.20000004768,0.972
3hi2 GOL 3968 B,GOL,GOL,0.832189888002,0.832189888002,0.0,True,1,2.0,0.922
3hi0 ACT 509 A,SO4,ACT,0.264623912826,0.109599332034,0.155024580792,False,4,2.29999995232,0.929
3hhq SO4 149 S,SO4,SO4,0.891306825541,0.891306825541,0.0,True,1,2.0,0.977
3hhq SO4 149 P,SO4,SO4,0.606627492646,0.606627492646,0.0,True,1,2.0,0.942
3hhq SO4 149 N,SO4,SO4,0.765399721634,0.765399721634,0.0,True,1,2.0,0.972
3hhq SO4 149 M,PO4,SO4,0.574634841778,0.360136091106,0.214498750672,False,2,2.0,0.977
3hhq SO4 149 K,NAG,SO4,0.266690774968,0.0477926075851,0.218898167383,False,3,2.0,0.812
3hhq SO4 149 G,SO4,SO4,0.803205622042,0.803205622042,0.0,True,1,2.0,0.943
3hhq SO4 149 F,SO4,SO4,0.738801181208,0.738801181208,0.0,True,1,2.0,0.932
3hhq SO4 149 B,GOL,SO4,0.524777337989,0.232930005954,0.291847332035,False,2,2.0,0.913
3hhq SO4 149 A,SO4,SO4,0.710120259642,0.710120259642,0.0,True,1,2.0,0.827
3hhq SO4 148 W,SO4,SO4,0.4731538852,0.4731538852,0.0,True,1,2.0,0.943
3hhq SO4 148 V,SO4,SO4,0.626796676092,0.626796676092,0.0,True,1,2.0,0.996
3hhq SO4 148 U,SO4,SO4,0.686389955299,0.686389955299,0.0,True,1,2.0,0.944
3hhq SO4 148 T,SO4,SO4,0.947807059483,0.947807059483,0.0,True,1,2.0,0.99
3hhq SO4 148 S,SO4,SO4,0.957939291042,0.957939291042,0.0,True,1,2.0,0.997
3hhq SO4 148 R,SO4,SO4,0.339281691217,0.339281691217,0.0,True,1,2.0,0.907
3hhq SO4 148 Q,PO4,SO4,0.65746229458,0.299088297756,0.358373996824,False,2,2.0,0.991
3hhq SO4 148 P,SO4,SO4,0.942177530714,0.942177530714,0.0,True,1,2.0,0.91
3hhq SO4 148 O,SO4,SO4,0.899300555584,0.899300555584,0.0,True,1,2.0,0.98
3hhq SO4 148 N,SO4,SO4,0.879182469939,0.879182469939,0.0,True,1,2.0,0.929
3hhq SO4 148 M,SO4,SO4,0.697884792544,0.697884792544,0.0,True,1,2.0,0.993
3hhq SO4 148 K,SO4,SO4,0.898035781183,0.898035781183,0.0,True,1,2.0,0.995
3hhq SO4 148 J,SO4,SO4,0.955584961189,0.955584961189,0.0,True,1,2.0,0.975
3hhq SO4 148 I,SO4,SO4,0.7200265603,0.7200265603,0.0,True,1,2.0,0.991
3hhq SO4 148 H,SO4,SO4,0.856754776697,0.856754776697,0.0,True,1,2.0,0.965
3hhq SO4 148 G,SO4,SO4,0.832327129143,0.832327129143,0.0,True,1,2.0,0.97
3hhq SO4 148 F,SO4,SO4,0.803252894407,0.803252894407,0.0,True,1,2.0,0.987
3hhq SO4 148 D,SO4,SO4,0.286648742351,0.286648742351,0.0,True,1,2.0,0.886
3hhq SO4 148 B,SO4,SO4,0.904372289356,0.904372289356,0.0,True,1,2.0,0.995
3hhq SO4 148 A,SO4,SO4,0.302679958606,0.302679958606,0.0,True,1,2.0,0.985
3hhq GOL 151 U,GOL,GOL,0.845830201847,0.845830201847,0.0,True,1,2.0,0.898
3hhl SO4 144 A,GOL,SO4,0.35514673606,0.128051788508,0.227094947551,False,3,2.59999990463,0.93
3hhl SO4 143 A,SO4,SO4,0.770641517335,0.770641517335,0.0,True,1,2.59999990463,0.99
3hhl PG4 145 C,GOL,PG4,0.408173303604,0.00312301026856,0.405050293336,False,22,2.59999990463,0.844
3hhl PG4 144 D,GOL,PG4,0.521791127033,0.000774296827023,0.521016830206,False,77,2.59999990463,0.792
3hhl GOL 150 A,GOL,GOL,0.205956853115,0.205956853115,0.0,True,1,2.59999990463,0.914
3hhl GOL 149 C,GOL,GOL,0.251617552771,0.251617552771,0.0,True,1,2.59999990463,0.887
3hhl GOL 149 B,SO4,GOL,0.47938278264,0.225126545647,0.254256236992,False,2,2.59999990463,0.901
3hhl GOL 147 D,SO4,GOL,0.296648977972,0.26615930916,0.0304896688114,False,2,2.59999990463,0.885
3hhi TRS 1 A,TRS,TRS,0.987478305384,0.987478305384,0.0,True,1,1.60000002384,0.944
3hhi GOL 4 B,GOL,GOL,0.976906091705,0.976906091705,0.0,True,1,1.60000002384,0.955
3hhi GOL 350 B,GOL,GOL,0.508023729283,0.508023729283,0.0,True,1,1.60000002384,0.681
3hhi GOL 3 B,GOL,GOL,0.984124707772,0.984124707772,0.0,True,1,1.60000002384,0.973
3hhi GOL 2 A,GOL,GOL,0.883548494377,0.883548494377,0.0,True,1,1.60000002384,0.959
3hhi GOL 1 B,GOL,GOL,0.500009691632,0.500009691632,0.0,True,1,1.60000002384,0.97
3hhh SO4 114 B,SO4,SO4,0.820033608562,0.820033608562,0.0,True,1,2.70000004768,0.938
3hhh SO4 114 A,SO4,SO4,0.832043520906,0.832043520906,0.0,True,1,2.70000004768,0.919
3hhh GOL 1001 A,NAG,GOL,0.693483007213,0.0740945363825,0.61938847083,False,2,2.70000004768,0.747
3hh1 SO4 3 B,SO4,SO4,0.910666154909,0.910666154909,0.0,True,1,1.89999997616,0.915
3hh1 SO4 2 D,SO4,SO4,0.545767448995,0.545767448995,0.0,True,1,1.89999997616,0.822
3hh1 SO4 120 B,SO4,SO4,0.710425919135,0.710425919135,0.0,True,1,1.89999997616,0.817
3hh1 SO4 120 A,SO4,SO4,0.501936893731,0.501936893731,0.0,True,1,1.89999997616,0.895
3hh1 SO4 1 A,SO4,SO4,0.27887262427,0.27887262427,0.0,True,1,1.89999997616,0.641
3hg7 GOL 501 A,EDO,GOL,0.493814011688,0.113607325053,0.380206686635,False,2,1.79999995232,0.608
3hg6 SO4 108 A,SO4,SO4,0.615195737607,0.615195737607,0.0,True,1,1.70000004768,0.739
3hg6 SO4 107 A,SO4,SO4,0.644098425027,0.644098425027,0.0,True,1,1.70000004768,0.956
3hg6 SO4 106 A,SO4,SO4,0.757166253101,0.757166253101,0.0,True,1,1.70000004768,0.917
3hg6 SO4 105 A,SO4,SO4,0.975192827366,0.975192827366,0.0,True,1,1.70000004768,0.987
3hg5 SO4 824 A,SO4,SO4,0.848292515824,0.848292515824,0.0,True,1,2.29999995232,0.984
3hg5 SO4 823 B,SO4,SO4,0.811106604058,0.811106604058,0.0,True,1,2.29999995232,0.925
3hg5 SO4 822 B,SO4,SO4,0.878330591987,0.878330591987,0.0,True,1,2.29999995232,0.976
3hg5 SO4 821 A,SO4,SO4,0.707730135883,0.707730135883,0.0,True,1,2.29999995232,0.917
3hg4 SO4 823 A,SO4,SO4,0.78630992668,0.78630992668,0.0,True,1,2.29999995232,0.989
3hg4 SO4 821 B,SO4,SO4,0.771165218924,0.771165218924,0.0,True,1,2.29999995232,0.976
3hg4 FUC 644 A,MPD,FUC,0.290733660716,0.00250995717976,0.288223703536,False,31,2.29999995232,0.873
3hg2 SO4 823 A,SO4,SO4,0.707949722143,0.707949722143,0.0,True,1,2.29999995232,0.985
3hg2 SO4 822 A,SO4,SO4,0.567123705628,0.567123705628,0.0,True,1,2.29999995232,0.876
3hg2 SO4 821 B,SO4,SO4,0.743893188701,0.743893188701,0.0,True,1,2.29999995232,0.982
3hg1 SO4 804 A,SO4,SO4,0.495284075126,0.495284075126,0.0,True,1,3.0,0.785
3hg1 SO4 803 A,GOL,SO4,0.358467739154,0.281273387975,0.077194351179,False,2,3.0,0.939
3hg1 GOL 802 E,SO4,GOL,0.282466687368,0.212576780225,0.0698899071436,False,2,3.0,0.875
3hg1 GOL 801 A,SO4,GOL,0.62746992979,0.0707157643052,0.556754165485,False,3,3.0,0.785
3hf7 AMP 1 A,AMP,AMP,0.552871626716,0.552871626716,0.0,True,1,2.79999995232,0.951
3hf3 SO4 1104 D,DMS,SO4,0.371810002981,0.090161155432,0.281648847549,False,4,2.20000004768,0.942
3hf3 SO4 1103 C,DMS,SO4,0.533462424283,0.210521200138,0.322941224145,False,2,2.20000004768,0.945
3hf3 SO4 1102 B,DMS,SO4,0.220409767804,0.194021528683,0.026388239121,False,2,2.20000004768,0.949
3hf3 SO4 1101 A,DMS,SO4,0.786684091364,0.0333025965883,0.753381494776,False,3,2.20000004768,0.945
3hf1 SO4 502 A,SO4,SO4,0.596881596474,0.596881596474,0.0,True,1,2.59999990463,0.767
3hf1 SO4 501 B,SO4,SO4,0.859886499235,0.859886499235,0.0,True,1,2.59999990463,0.828
3hej GOL 152 A,SO4,GOL,0.602047472346,0.0143096011912,0.587737871155,False,5,1.79999995232,0.903
3hej GOL 151 C,SO4,GOL,0.806707198068,0.00998262221456,0.796724575853,False,6,1.79999995232,0.873
3hec BOG 353 A,BOG,BOG,0.381573563397,0.381573563397,0.0,True,1,2.40000009537,0.902
3hea SO4 278 E,SO4,SO4,0.678346786743,0.678346786743,0.0,True,1,1.89999997616,0.89
3hea SO4 278 C,SO4,SO4,0.60830739754,0.60830739754,0.0,True,1,1.89999997616,0.921
3hea SO4 278 A,SO4,SO4,0.483228932884,0.483228932884,0.0,True,1,1.89999997616,0.951
3hea SO4 277 F,GOL,SO4,0.289577808372,0.258390015184,0.0311877931889,False,2,1.89999997616,0.899
3hea SO4 277 E,SO4,SO4,0.670438190739,0.670438190739,0.0,True,1,1.89999997616,0.964
3hea SO4 277 C,SO4,SO4,0.492616949161,0.492616949161,0.0,True,1,1.89999997616,0.907
3hea SO4 277 B,SO4,SO4,0.622937782168,0.622937782168,0.0,True,1,1.89999997616,0.929
3hea SO4 277 A,SO4,SO4,0.677052376327,0.677052376327,0.0,True,1,1.89999997616,0.946
3hea SO4 276 D,SO4,SO4,0.611646704673,0.611646704673,0.0,True,1,1.89999997616,0.91
3hea SO4 276 C,SO4,SO4,0.780523820028,0.780523820028,0.0,True,1,1.89999997616,0.962
3hea SO4 276 B,SO4,SO4,0.788878833404,0.788878833404,0.0,True,1,1.89999997616,0.947
3hea SO4 276 A,SO4,SO4,0.422756410554,0.422756410554,0.0,True,1,1.89999997616,0.929
3hea SO4 275 D,SO4,SO4,0.844686682561,0.844686682561,0.0,True,1,1.89999997616,0.933
3hea SO4 275 A,SO4,SO4,0.700933313752,0.700933313752,0.0,True,1,1.89999997616,0.919
3hea GOL 276 F,SO4,GOL,0.189467694732,0.146266978165,0.0432007165665,False,3,1.89999997616,0.873
3hea GOL 276 E,GOL,GOL,0.840846808416,0.840846808416,0.0,True,1,1.89999997616,0.908
3hea GOL 275 F,SO4,GOL,0.51858606021,0.0245042048963,0.494081855314,False,7,1.89999997616,0.824
3hea GOL 275 E,GOL,GOL,0.897469969391,0.897469969391,0.0,True,1,1.89999997616,0.981
3hea GOL 275 C,EDO,GOL,0.271875696228,0.1041960892,0.167679607027,False,3,1.89999997616,0.935
3hea GOL 275 B,GOL,GOL,0.490328601299,0.490328601299,0.0,True,1,1.89999997616,0.923
3hea GOL 274 F,GOL,GOL,0.52246365025,0.52246365025,0.0,True,1,1.89999997616,0.825
3hea GOL 274 E,GOL,GOL,0.885923348594,0.885923348594,0.0,True,1,1.89999997616,0.916
3hea GOL 274 D,SO4,GOL,0.445058981072,0.210476665911,0.234582315161,False,2,1.89999997616,0.906
3hea GOL 274 C,ACT,GOL,0.540100601032,0.0282086786713,0.51189192236,False,5,1.89999997616,0.887
3hea GOL 274 B,GOL,GOL,0.845354672492,0.845354672492,0.0,True,1,1.89999997616,0.915
3hea GOL 274 A,GOL,GOL,0.322185385286,0.322185385286,0.0,True,1,1.89999997616,0.917
3hea GOL 273 F,GOL,GOL,0.954235768442,0.954235768442,0.0,True,1,1.89999997616,0.916
3hea GOL 273 E,GOL,GOL,0.978347934055,0.978347934055,0.0,True,1,1.89999997616,0.941
3hea GOL 273 D,GOL,GOL,0.885149014764,0.885149014764,0.0,True,1,1.89999997616,0.975
3hea GOL 273 C,GOL,GOL,0.93064615984,0.93064615984,0.0,True,1,1.89999997616,0.943
3hea GOL 273 B,GOL,GOL,0.960893455974,0.960893455974,0.0,True,1,1.89999997616,0.989
3hea GOL 273 A,GOL,GOL,0.860928915058,0.860928915058,0.0,True,1,1.89999997616,0.93
3hea GOL 272 F,GOL,GOL,0.943082459707,0.943082459707,0.0,True,1,1.89999997616,0.979
3hea GOL 272 E,GOL,GOL,0.551047875977,0.551047875977,0.0,True,1,1.89999997616,0.941
3hea GOL 272 D,GOL,GOL,0.955314823037,0.955314823037,0.0,True,1,1.89999997616,0.921
3hea GOL 272 C,GOL,GOL,0.582971284151,0.582971284151,0.0,True,1,1.89999997616,0.979
3hea GOL 272 B,GOL,GOL,0.957694276172,0.957694276172,0.0,True,1,1.89999997616,0.906
3hea GOL 272 A,GOL,GOL,0.962099136349,0.962099136349,0.0,True,1,1.89999997616,0.981
3he8 GOL 3968 B,GOL,GOL,0.733631997864,0.733631997864,0.0,True,1,1.89999997616,0.869
3he8 GOL 3968 A,GOL,GOL,0.763576672625,0.763576672625,0.0,True,1,1.89999997616,0.873
3he3 UDP 400 J,UDP,UDP,0.690461220587,0.690461220587,0.0,True,1,2.40000009537,0.983
3he3 UDP 400 I,UDP,UDP,0.476972085118,0.476972085118,0.0,True,1,2.40000009537,0.981
3he3 UDP 400 H,UDP,UDP,0.403039511184,0.403039511184,0.0,True,1,2.40000009537,0.981
3he3 UDP 400 G,UDP,UDP,0.426948844741,0.426948844741,0.0,True,1,2.40000009537,0.985
3he3 UDP 400 F,UDP,UDP,0.896878056168,0.896878056168,0.0,True,1,2.40000009537,0.969
3he3 UDP 400 E,UDP,UDP,0.783993678281,0.783993678281,0.0,True,1,2.40000009537,0.974
3he3 UDP 400 D,UDP,UDP,0.339821190137,0.339821190137,0.0,True,1,2.40000009537,0.975
3he3 UDP 400 C,UDP,UDP,0.682161906977,0.682161906977,0.0,True,1,2.40000009537,0.979
3he3 UDP 400 B,UDP,UDP,0.365957218202,0.365957218202,0.0,True,1,2.40000009537,0.981
3he3 UDP 400 A,UDP,UDP,0.619460829265,0.619460829265,0.0,True,1,2.40000009537,0.977
3he0 SO4 196 B,SO4,SO4,0.264040704266,0.264040704266,0.0,True,1,2.20000004768,0.907
3he0 SO4 195 A,SO4,SO4,0.22597699449,0.22597699449,0.0,True,1,2.20000004768,0.811
3he0 SO4 194 A,SO4,SO4,0.422676518625,0.422676518625,0.0,True,1,2.20000004768,0.721
3he0 GOL 198 B,GOL,GOL,0.418056312995,0.418056312995,0.0,True,1,2.20000004768,0.681
3he0 GOL 197 A,SO4,GOL,0.232711386342,0.157393545114,0.0753178412271,False,2,2.20000004768,0.92
3he0 GOL 196 C,LDA,GOL,0.164808971528,0.0568253963587,0.107983575169,False,5,2.20000004768,0.752
3hds MES 201 D,MPD,MES,0.262479269089,0.0204618922777,0.242017376811,False,5,1.5,0.924
3hds MES 201 C,MES,MES,0.884909719843,0.884909719843,0.0,True,1,1.5,0.944
3hds MES 201 B,SO4,MES,0.766970835081,0.047873394023,0.719097441058,False,3,1.5,0.941
3hds MES 108 D,MES,MES,0.444820111533,0.444820111533,0.0,True,1,1.5,0.938
3hdo GOL 359 A,EDO,GOL,0.859458322466,0.123109396289,0.736348926176,False,2,1.60000002384,0.706
3hdl SO4 318 A,SO4,SO4,0.422970492812,0.422970492812,0.0,True,1,1.89999997616,0.945
3hdl SO4 317 A,EDO,SO4,0.277001427397,0.0401578562072,0.236843571189,False,5,1.89999997616,0.843
3hdl SO4 315 A,SO4,SO4,0.655504932689,0.655504932689,0.0,True,1,1.89999997616,0.974
3hdl SO4 314 A,SO4,SO4,0.769369808099,0.769369808099,0.0,True,1,1.89999997616,0.987
3hdl SO4 313 A,SO4,SO4,0.545996442127,0.545996442127,0.0,True,1,1.89999997616,0.962
3hdl SO4 312 A,SO4,SO4,0.909641929967,0.909641929967,0.0,True,1,1.89999997616,0.987
3hdl MES 319 A,MES,MES,0.954829928155,0.954829928155,0.0,True,1,1.89999997616,0.956
3hdl FUC 502 A,GOL,FUC,0.16475658785,0.00351360941567,0.161242978434,False,32,1.89999997616,0.873
3hdj IMD 317 A,SO4,IMD,0.595974205894,0.0134757976122,0.582498408282,False,7,1.70000004768,0.923
3hdj IMD 315 B,EDO,IMD,0.436401171928,0.0996339568089,0.336767215119,False,2,1.70000004768,0.871
3hdj IMD 314 B,PO4,IMD,0.248868170985,0.00245023824626,0.246417932738,False,18,1.70000004768,0.921
3hdi SO4 506 B,SO4,SO4,0.755296599652,0.755296599652,0.0,True,1,2.70000004768,0.897
3hdi SO4 505 A,SO4,SO4,0.354306234281,0.354306234281,0.0,True,1,2.70000004768,0.876
3hdi SO4 504 B,SO4,SO4,0.400888411356,0.400888411356,0.0,True,1,2.70000004768,0.856
3hdi SO4 503 A,SO4,SO4,0.343420700839,0.343420700839,0.0,True,1,2.70000004768,0.856
3hdi SO4 502 A,SO4,SO4,0.480910092358,0.480910092358,0.0,True,1,2.70000004768,0.827
3hdi SO4 501 A,SO4,SO4,0.651986299222,0.651986299222,0.0,True,1,2.70000004768,0.771
3hdf NO3 1211 B,EDO,NO3,0.68807047076,0.00228087168622,0.685789599074,False,13,1.5,0.82
3hdf NO3 1209 B,ACT,NO3,0.356495837488,0.0169675321013,0.339528305386,False,6,1.5,0.956
3hdf NO3 1208 B,SO4,NO3,0.586896276097,0.000542615822145,0.586353660275,False,26,1.5,0.97
3hdf NO3 1206 B,SO4,NO3,0.63462020694,0.00678089664207,0.627839310297,False,3,1.5,0.969
3hdf NO3 1205 B,SO4,NO3,0.808736013609,0.00428677739168,0.804449236217,False,4,1.5,0.937
3hdf NO3 1203 B,GOL,NO3,0.794715518048,0.000160479146912,0.794555038902,False,197,1.5,0.731
3hdf NO3 1202 B,SO4,NO3,0.490363740982,0.0183172093606,0.472046531621,False,5,1.5,0.951
3hdf NO3 1201 B,SO4,NO3,0.624390318339,0.000553913263291,0.623836405076,False,24,1.5,0.965
3hdf GOL 1007 A,EDO,GOL,0.518810664528,0.149410385263,0.369400279264,False,2,1.5,0.809
3hdf GOL 1006 A,MLY,GOL,0.104038720273,0.0330607124602,0.0709780078131,False,7,1.5,0.826
3hdf GOL 1003 A,EDO,GOL,0.245682640421,0.241699645099,0.00398299532201,False,2,1.5,0.863
3hdf GOL 1002 A,EDO,GOL,0.345465320111,0.162538122364,0.182927197748,False,2,1.5,0.861
3hd7 SO4 7 E,SO4,SO4,0.815992213649,0.815992213649,0.0,True,1,3.40000009537,0.673
3hd7 SO4 3 F,SO4,SO4,0.8601971145,0.8601971145,0.0,True,1,3.40000009537,0.883
3hd7 SO4 117 E,NAG,SO4,0.477715058541,0.235014766947,0.242700291594,False,2,3.40000009537,0.822
3hd7 SO4 10 H,SO4,SO4,0.611275910012,0.611275910012,0.0,True,1,3.40000009537,0.8
3hd3 SO4 220 A,SO4,SO4,0.687848450721,0.687848450721,0.0,True,1,1.79999995232,0.942
3hcz SO4 4 A,GOL,SO4,0.262236048756,0.167856803246,0.0943792455102,False,2,1.89999997616,0.839
3hcz SO4 3 A,SO4,SO4,0.856523293413,0.856523293413,0.0,True,1,1.89999997616,0.984
3hcz SO4 2 A,SO4,SO4,0.827226444014,0.827226444014,0.0,True,1,1.89999997616,0.901
3hcz SO4 1 A,SO4,SO4,0.883536372143,0.883536372143,0.0,True,1,1.89999997616,0.989
3hcx TRS 192 A,TRS,TRS,0.994449827627,0.994449827627,0.0,True,1,1.79999995232,0.906
3hcw GOL 349 A,SO4,GOL,0.431863805987,0.172146305658,0.259717500329,False,3,1.89999997616,0.938
3hcw GOL 348 A,GOL,GOL,0.480135418325,0.480135418325,0.0,True,1,1.89999997616,0.932
3hcw GOL 1 B,EDO,GOL,0.607592785783,0.282070415288,0.325522370495,False,2,1.89999997616,0.921
3hcw GOL 1 A,GOL,GOL,0.497432444933,0.497432444933,0.0,True,1,1.89999997616,0.88
3hcr SO4 427 A,SO4,SO4,0.691174436106,0.691174436106,0.0,True,1,2.20000004768,0.938
3hcr SO4 2 B,SO4,SO4,0.623712591887,0.623712591887,0.0,True,1,2.20000004768,0.941
3hcr GOL 925 B,GOL,GOL,0.335700023783,0.335700023783,0.0,True,1,2.20000004768,0.815
3hcp IMD 924 B,DMS,IMD,0.299463643833,0.0113549864717,0.288108657361,False,8,2.0,0.887
3hcp IMD 424 A,IMD,IMD,0.309515074223,0.309515074223,0.0,True,1,2.0,0.933
3hcp GOL 1 A,GOL,GOL,0.518082675741,0.518082675741,0.0,True,1,2.0,0.89
3hco SO4 925 B,SO4,SO4,0.744423024414,0.744423024414,0.0,True,1,1.79999995232,0.925
3hco GOL 1 A,GOL,GOL,0.162925380514,0.162925380514,0.0,True,1,1.79999995232,0.952
3hcn GOL 924 B,ACT,GOL,0.307274531008,0.137420880999,0.169853650009,False,2,1.60000002384,0.823
3hcf SAH 3002 B,SAH,SAH,0.932260979026,0.932260979026,0.0,True,1,2.70000004768,0.969
3hcf SAH 3001 A,SAH,SAH,0.371941399883,0.371941399883,0.0,True,1,2.70000004768,0.932
3hce SAH 290 B,SAH,SAH,0.865173070005,0.865173070005,0.0,True,1,2.79999995232,0.959
3hce SAH 290 A,SAH,SAH,0.714925948484,0.714925948484,0.0,True,1,2.79999995232,0.961
3hcc SAH 3002 B,SAH,SAH,0.796210077681,0.796210077681,0.0,True,1,2.29999995232,0.967
3hcc SAH 3001 A,SAH,SAH,0.983497707164,0.983497707164,0.0,True,1,2.29999995232,0.895
3hcb SAH 2002 B,SAH,SAH,0.98699853524,0.98699853524,0.0,True,1,2.40000009537,0.979
3hcb SAH 2001 A,SAH,SAH,0.987981348039,0.987981348039,0.0,True,1,2.40000009537,0.951
3hca SAH 3002 B,SAH,SAH,0.916065052306,0.916065052306,0.0,True,1,2.40000009537,0.971
3hca SAH 3001 A,SAH,SAH,0.942595660375,0.942595660375,0.0,True,1,2.40000009537,0.949
3hc6 SO4 473 A,SO4,SO4,0.386253533787,0.386253533787,0.0,True,1,3.20000004768,0.942
3hc5 SO4 473 A,SO4,SO4,0.85327122478,0.85327122478,0.0,True,1,2.59999990463,0.993
3hc5 SO4 2 A,SO4,SO4,0.717657436669,0.717657436669,0.0,True,1,2.59999990463,0.909
3hc4 ACT 702 H,ACT,ACT,0.38805802938,0.38805802938,0.0,True,1,1.60000002384,0.937
3hc3 ACT 218 H,ACT,ACT,0.693207209304,0.693207209304,0.0,True,1,1.70000004768,0.947
3hc1 GOL 311 A,EDO,GOL,0.491546815328,0.126328298728,0.3652185166,False,2,1.89999997616,0.774
3hc0 ACT 702 H,DMS,ACT,0.562644120407,0.00910882400182,0.553535296405,False,5,1.89999997616,0.974
3hc0 ACT 701 A,ACT,ACT,0.939043544033,0.939043544033,0.0,True,1,1.89999997616,0.967
3hbz ACT 8 A,EDO,ACT,0.71350438751,0.0460187346371,0.667485652873,False,3,2.09999990463,0.783
3hbz ACT 7 A,SO4,ACT,0.308117537156,0.0350772538169,0.273040283339,False,6,2.09999990463,0.904
3hbx LLP 277 F,LLP,LLP,0.959498194109,0.959498194109,0.0,True,1,2.70000004768,0.972
3hbx LLP 277 E,LLP,LLP,0.969462728366,0.969462728366,0.0,True,1,2.70000004768,0.977
3hbx LLP 277 D,LLP,LLP,0.331016168634,0.331016168634,0.0,True,1,2.70000004768,0.974
3hbx LLP 277 C,LLP,LLP,0.993940591511,0.993940591511,0.0,True,1,2.70000004768,0.979
3hbx LLP 277 B,LLP,LLP,0.987899337138,0.987899337138,0.0,True,1,2.70000004768,0.98
3hbx LLP 277 A,LLP,LLP,0.952490006397,0.952490006397,0.0,True,1,2.70000004768,0.97
3hbt SO4 500 A,SO4,SO4,0.739258512962,0.739258512962,0.0,True,1,2.70000004768,0.929
3hbq GOL 1001 A,SO4,GOL,0.74537673451,0.016638429027,0.728738305483,False,3,2.79999995232,0.887
3hbo DAL 51 B,CSX,DAL,0.176805066149,0.0017827901504,0.175022275998,False,53,1.70000004768,0.954
3hbo DAL 51 A,CSX,DAL,0.397220307084,0.00864362706666,0.388576680018,False,12,1.70000004768,0.902
3hbn UDP 301 A,UDP,UDP,0.946954998522,0.946954998522,0.0,True,1,1.89999997616,0.986
3hbn GOL 303 A,GOL,GOL,0.796242242021,0.796242242021,0.0,True,1,1.89999997616,0.736
3hbn GOL 302 A,GOL,GOL,0.663002532587,0.663002532587,0.0,True,1,1.89999997616,0.887
3hbm SO4 301 A,SO4,SO4,0.760197164667,0.760197164667,0.0,True,1,1.79999995232,0.961
3hbk SO4 1 A,SO4,SO4,0.502166730533,0.502166730533,0.0,True,1,2.40000009537,0.971
3hbj UDP 900 A,GDP,UDP,0.278884061351,0.0368439022986,0.242040159053,False,6,2.09999990463,0.964
3hbf UDP 900 A,ADP,UDP,0.185592028909,0.160097026941,0.0254950019683,False,2,2.09999990463,0.974
3hbe ACT 310 X,DMS,ACT,0.301980590583,0.248389411169,0.0535911794139,False,2,1.60000002384,0.884
3hbd ACT 310 A,SO4,ACT,0.308109390969,0.171692461472,0.136416929497,False,2,1.79999995232,0.91
3hbc GOL 5 A,GOL,GOL,0.24536194413,0.24536194413,0.0,True,1,2.29999995232,0.843
3hbc GOL 4 A,GOL,GOL,0.339175754953,0.339175754953,0.0,True,1,2.29999995232,0.792
3hbc GOL 2 A,SO4,GOL,0.239020080218,0.224555452721,0.0144646274972,False,2,2.29999995232,0.706
3hbb SO4 824 C,SO4,SO4,0.567597224828,0.567597224828,0.0,True,1,3.0,0.917
3hbb SO4 823 B,SO4,SO4,0.733987117666,0.733987117666,0.0,True,1,3.0,0.865
3hbb SO4 821 B,SO4,SO4,0.75147487489,0.75147487489,0.0,True,1,3.0,0.856
3hbb SO4 820 D,GOL,SO4,0.646228190137,0.266142280632,0.380085909506,False,2,3.0,0.809
3hbb SO4 819 D,SO4,SO4,0.794717607932,0.794717607932,0.0,True,1,3.0,0.913
3hbb SO4 818 B,SO4,SO4,0.798072084015,0.798072084015,0.0,True,1,3.0,0.951
3hbb SO4 817 A,SO4,SO4,0.765450311738,0.765450311738,0.0,True,1,3.0,0.916
3hbb SO4 816 C,SO4,SO4,0.804465126305,0.804465126305,0.0,True,1,3.0,0.844
3hbb SO4 815 A,SO4,SO4,0.804716214167,0.804716214167,0.0,True,1,3.0,0.851
3hbb SO4 814 A,SO4,SO4,0.630715291539,0.630715291539,0.0,True,1,3.0,0.902
3hbb SO4 813 A,SO4,SO4,0.632389168374,0.632389168374,0.0,True,1,3.0,0.949
3hbb SO4 812 C,SO4,SO4,0.821593454967,0.821593454967,0.0,True,1,3.0,0.808
3hbb SO4 811 D,SO4,SO4,0.896369454788,0.896369454788,0.0,True,1,3.0,0.888
3hbb SO4 810 D,SO4,SO4,0.473974516832,0.473974516832,0.0,True,1,3.0,0.874
3hbb SO4 809 B,SO4,SO4,0.89493401456,0.89493401456,0.0,True,1,3.0,0.843
3hbb SO4 808 C,SO4,SO4,0.334962157366,0.334962157366,0.0,True,1,3.0,0.978
3hbb SO4 807 C,SO4,SO4,0.485293969326,0.485293969326,0.0,True,1,3.0,0.823
3hbb SO4 806 B,SO4,SO4,0.832044216182,0.832044216182,0.0,True,1,3.0,0.921
3hbb SO4 805 A,SO4,SO4,0.749671549828,0.749671549828,0.0,True,1,3.0,0.939
3hbb SO4 804 D,SO4,SO4,0.939335199968,0.939335199968,0.0,True,1,3.0,0.901
3hbb SO4 803 D,SO4,SO4,0.94239913852,0.94239913852,0.0,True,1,3.0,0.921
3hbb SO4 802 C,SO4,SO4,0.9590106441,0.9590106441,0.0,True,1,3.0,0.958
3hbb SO4 801 D,SO4,SO4,0.730095074308,0.730095074308,0.0,True,1,3.0,0.912
3hbb SO4 704 D,SO4,SO4,0.937837807709,0.937837807709,0.0,True,1,3.0,0.97
3hbb SO4 703 C,SO4,SO4,0.948326865609,0.948326865609,0.0,True,1,3.0,0.989
3hbb SO4 702 C,SO4,SO4,0.897524941529,0.897524941529,0.0,True,1,3.0,0.983
3hbb SO4 701 A,SO4,SO4,0.947304174473,0.947304174473,0.0,True,1,3.0,0.983
3hba GOL 335 A,GOL,GOL,0.342157232168,0.342157232168,0.0,True,1,2.0,0.712
3hb6 SO4 491 A,SO4,SO4,0.679462410215,0.679462410215,0.0,True,1,2.29999995232,0.81
3hb6 SO4 490 A,SO4,SO4,0.739217405104,0.739217405104,0.0,True,1,2.29999995232,0.924
3hb6 SO4 489 A,SO4,SO4,0.629890612207,0.629890612207,0.0,True,1,2.29999995232,0.9
3hb6 SO4 488 A,SO4,SO4,0.774689713394,0.774689713394,0.0,True,1,2.29999995232,0.885
3hb6 SO4 487 A,SO4,SO4,0.877409252685,0.877409252685,0.0,True,1,2.29999995232,0.965
3hb6 SO4 486 A,SO4,SO4,0.924676620108,0.924676620108,0.0,True,1,2.29999995232,0.938
3hb6 GOL 494 A,SO4,GOL,0.642043459233,0.0166838705957,0.625359588638,False,5,2.29999995232,0.717
3haz SO4 1006 A,SO4,SO4,0.638981704936,0.638981704936,0.0,True,1,2.09999990463,0.862
3haz SO4 1005 B,SO4,SO4,0.574393601789,0.574393601789,0.0,True,1,2.09999990463,0.924
3haz SO4 1005 A,SO4,SO4,0.576022748606,0.576022748606,0.0,True,1,2.09999990463,0.918
3haz SO4 1004 B,SO4,SO4,0.833382766904,0.833382766904,0.0,True,1,2.09999990463,0.95
3haz SO4 1004 A,SO4,SO4,0.716856915009,0.716856915009,0.0,True,1,2.09999990463,0.96
3haz SO4 1003 B,SO4,SO4,0.903964738569,0.903964738569,0.0,True,1,2.09999990463,0.954
3haz SO4 1003 A,SO4,SO4,0.819599171082,0.819599171082,0.0,True,1,2.09999990463,0.965
3haz SO4 1002 B,SO4,SO4,0.43911214902,0.43911214902,0.0,True,1,2.09999990463,0.919
3haz SO4 1002 A,SO4,SO4,0.861390273533,0.861390273533,0.0,True,1,2.09999990463,0.952
3haz SO4 1001 B,SO4,SO4,0.675498206357,0.675498206357,0.0,True,1,2.09999990463,0.978
3haz SO4 1001 A,SO4,SO4,0.8446566497,0.8446566497,0.0,True,1,2.09999990463,0.964
3haz SO4 1000 B,SO4,SO4,0.896908293425,0.896908293425,0.0,True,1,2.09999990463,0.963
3haz SO4 1000 A,SO4,SO4,0.84590551835,0.84590551835,0.0,True,1,2.09999990463,0.979
3haz GOL 1009 A,GOL,GOL,0.908056532936,0.908056532936,0.0,True,1,2.09999990463,0.897
3haz GOL 1007 B,EDO,GOL,0.315777416309,0.241042399067,0.0747350172417,False,2,2.09999990463,0.936
3haz GOL 1007 A,GOL,GOL,0.827911333015,0.827911333015,0.0,True,1,2.09999990463,0.936
3haz GOL 1006 B,GOL,GOL,0.625978874643,0.625978874643,0.0,True,1,2.09999990463,0.953
3hax PG4 401 C,PG4,PG4,0.54412370627,0.54412370627,0.0,True,1,2.09999990463,0.869
3hav ATP 401 B,NAG_NAG,ATP,0.190747533602,0.0369975894229,0.153749944179,False,7,2.40000009537,0.902
3hav ATP 401 A,ANP,ATP,0.21890463076,0.137402086635,0.0815025441246,False,3,2.40000009537,0.909
3ham GOL 300 B,BOG,GOL,0.179003636279,0.026185711369,0.15281792491,False,9,2.29999995232,0.873
3hal SO4 141 B,SO4,SO4,0.911686931585,0.911686931585,0.0,True,1,1.79999995232,0.967
3hal SO4 141 A,SO4,SO4,0.839782239307,0.839782239307,0.0,True,1,1.79999995232,0.958
3ha3 SAH 302 A,SAH,SAH,0.550194589505,0.550194589505,0.0,True,1,2.20000004768,0.932
3ha2 SO4 178 B,SO4,SO4,0.79101308848,0.79101308848,0.0,True,1,1.79999995232,0.809
3ha2 SO4 178 A,SO4,SO4,0.5065169962,0.5065169962,0.0,True,1,1.79999995232,0.968
3ha1 LLP 41 A,LLP,LLP,0.95658862447,0.95658862447,0.0,True,1,2.0,0.953
3ha1 ACT 398 B,EDO,ACT,0.632650381385,0.0436926472615,0.588957734124,False,3,2.0,0.935
3ha1 ACT 398 A,EDO,ACT,0.221262511099,0.195477747367,0.0257847637315,False,3,2.0,0.873
3ha0 BMA 3 D,BCR,BMA,0.384486323674,0.00756169907818,0.376924624595,False,11,2.79999995232,0.606
3h9u ADN 439 A,GOL,ADN,0.173641919239,0.00215348812819,0.171488431111,False,82,1.89999997616,0.92
3h9u ADN 438 D,ADE,ADN,0.905029258001,0.00244769176148,0.90258156624,False,8,1.89999997616,0.977
3h9u ADN 438 C,GLC,ADN,0.192961354771,0.00346037672551,0.189500978045,False,38,1.89999997616,0.966
3h9u ADN 438 B,GOL,ADN,0.375482093926,0.000803627868315,0.374678466058,False,95,1.89999997616,0.944
3h9s GOL 278 A,GOL,GOL,0.248638924257,0.248638924257,0.0,True,1,2.70000004768,0.938
3h9s GOL 276 A,GOL,GOL,0.592290827795,0.592290827795,0.0,True,1,2.70000004768,0.885
3h9s GOL 247 E,GOL,GOL,0.537289499793,0.537289499793,0.0,True,1,2.70000004768,0.808
3h9s GOL 100 B,SO4,GOL,0.399556809609,0.197714525155,0.201842284454,False,2,2.70000004768,0.829
3h9r SO4 500 A,SO4,SO4,0.88384210864,0.88384210864,0.0,True,1,2.40000009537,0.992
3h9r SO4 5 A,SO4,SO4,0.527112364995,0.527112364995,0.0,True,1,2.40000009537,0.642
3h9r SO4 4 A,SO4,SO4,0.585256667091,0.585256667091,0.0,True,1,2.40000009537,0.869
3h9r SO4 3 A,SO4,SO4,0.579062197013,0.579062197013,0.0,True,1,2.40000009537,0.926
3h9r PG4 7 A,EDO,PG4,0.243376771174,0.00209355980145,0.241283211372,False,21,2.40000009537,0.651
3h9r PG4 6 A,SO4,PG4,0.467449646915,0.000626211083479,0.466823435832,False,56,2.40000009537,0.855
3h9q SO4 360 B,SO4,SO4,0.858733829885,0.858733829885,0.0,True,1,2.59999990463,0.939
3h9q SO4 359 B,SO4,SO4,0.816952498013,0.816952498013,0.0,True,1,2.59999990463,0.924
3h9p PG4 301 B,1PE,PG4,0.296244672492,0.0895640521071,0.206680620385,False,4,2.29999995232,0.854
3h9o SEP 241 A,SO4,SEP,0.800300252527,0.00999781692584,0.790302435602,False,5,2.29999995232,0.772
3h9n SO4 4 A,SO4,SO4,0.928344414337,0.928344414337,0.0,True,1,2.70000004768,0.94
3h9n SO4 3 A,SO4,SO4,0.937390124521,0.937390124521,0.0,True,1,2.70000004768,0.99
3h9n SO4 2 A,SO4,SO4,0.650771882533,0.650771882533,0.0,True,1,2.70000004768,0.894
3h9n SO4 1 A,SO4,SO4,0.97493019333,0.97493019333,0.0,True,1,2.70000004768,0.963
3h9j SO4 360 B,SO4,SO4,0.677040784247,0.677040784247,0.0,True,1,2.29999995232,0.864
3h9h GOL 276 D,GOL,GOL,0.718011974614,0.718011974614,0.0,True,1,2.0,0.882
3h9h GOL 101 B,GOL,GOL,0.751673675497,0.751673675497,0.0,True,1,2.0,0.865
3h9h GOL 100 E,GOL,GOL,0.373767501173,0.373767501173,0.0,True,1,2.0,0.887
3h9h GOL 100 B,GOL,GOL,0.725098741165,0.725098741165,0.0,True,1,2.0,0.789
3h9g SO4 502 D,SO4,SO4,0.708233584829,0.708233584829,0.0,True,1,2.20000004768,0.927
3h9g SO4 502 C,SO4,SO4,0.881203633596,0.881203633596,0.0,True,1,2.20000004768,0.949
3h9g SO4 502 B,SO4,SO4,0.79301062511,0.79301062511,0.0,True,1,2.20000004768,0.953
3h9g SO4 501 D,SO4,SO4,0.852097919789,0.852097919789,0.0,True,1,2.20000004768,0.981
3h9g SO4 501 C,SO4,SO4,0.511342137286,0.511342137286,0.0,True,1,2.20000004768,0.939
3h9g SO4 501 B,SO4,SO4,0.893155744586,0.893155744586,0.0,True,1,2.20000004768,0.964
3h9g SO4 501 A,SO4,SO4,0.749906216552,0.749906216552,0.0,True,1,2.20000004768,0.946
3h9f SEP 677 A,1PE,SEP,0.187474159369,0.00078582290813,0.186688336461,False,167,2.59999990463,0.861
3h98 GOL 572 A,GOL,GOL,0.768578133545,0.768578133545,0.0,True,1,1.89999997616,0.872
3h95 GOL 3 A,GOL,GOL,0.602591650134,0.602591650134,0.0,True,1,1.70000004768,0.752
3h95 GOL 2 A,EDO,GOL,0.606126210694,0.316943122762,0.289183087931,False,2,1.70000004768,0.935
3h95 FLC 1 A,CIT,FLC,0.305853907247,0.114207898733,0.191646008514,False,2,1.70000004768,0.907
3h93 GOL 303 A,GOL,GOL,0.377498246133,0.377498246133,0.0,True,1,1.5,0.912
3h93 GOL 302 A,GOL,GOL,0.978396602513,0.978396602513,0.0,True,1,1.5,0.966
3h93 GOL 301 A,GOL,GOL,0.926389985135,0.926389985135,0.0,True,1,1.5,0.982
3h91 M3L 27 D,ALY,M3L,0.475016116076,0.239941713347,0.235074402728,False,2,1.20000004768,0.898
3h91 M3L 27 C,MLY,M3L,0.321774863871,0.0557323686372,0.266042495234,False,5,1.20000004768,0.886
3h8v ATP 402 A,SO4,ATP,0.30359243945,0.0120958730295,0.29149656642,False,11,2.0,0.934
3h8u SO4 209 B,SO4,SO4,0.55372462413,0.55372462413,0.0,True,1,1.79999995232,0.923
3h8t SO4 509 B,SO4,SO4,0.452515513623,0.452515513623,0.0,True,1,1.79999995232,0.881
3h8t SO4 508 B,SO4,SO4,0.574144413755,0.574144413755,0.0,True,1,1.79999995232,0.927
3h8t SO4 507 B,SO4,SO4,0.176414818698,0.176414818698,0.0,True,1,1.79999995232,0.856
3h8t GOL 506 A,EDO,GOL,0.293235564126,0.259511829197,0.0337237349293,False,2,1.79999995232,0.923
3h8t GOL 503 A,GOL,GOL,0.976158354046,0.976158354046,0.0,True,1,1.79999995232,0.962
3h8t GOL 502 B,GOL,GOL,0.669325411201,0.669325411201,0.0,True,1,1.79999995232,0.941
3h8t GOL 501 B,GOL,GOL,0.984507573848,0.984507573848,0.0,True,1,1.79999995232,0.987
3h8r TRS 301 C,GOL,TRS,0.794323484279,0.0111686687983,0.783154815481,False,4,1.79999995232,0.759
3h8r GOL 301 A,GOL,GOL,0.447399020356,0.447399020356,0.0,True,1,1.79999995232,0.737
3h8q SO4 3 B,SO4,SO4,0.847262820135,0.847262820135,0.0,True,1,2.20000004768,0.877
3h8q SO4 2 A,SO4,SO4,0.428585301744,0.428585301744,0.0,True,1,2.20000004768,0.882
3h8q SO4 1 B,SO4,SO4,0.451055063787,0.451055063787,0.0,True,1,2.20000004768,0.967
3h8o GOL 301 A,GOL,GOL,0.733035472202,0.733035472202,0.0,True,1,2.0,0.834
3h8j SO4 307 A,SO4,SO4,0.744222985404,0.744222985404,0.0,True,1,1.79999995232,0.897
3h8g BCT 504 F,ACT,BCT,0.494254156251,0.0459626174131,0.448291538838,False,4,1.5,0.995
3h8g BCT 504 E,PO4,BCT,0.368978177678,0.0184712507178,0.35050692696,False,6,1.5,0.992
3h8g BCT 504 D,ACT,BCT,0.382883599914,0.071012023667,0.311871576247,False,3,1.5,0.986
3h8g BCT 504 C,ACY,BCT,0.478759068449,0.111721758377,0.367037310072,False,3,1.5,0.993
3h8g BCT 504 B,ACT,BCT,0.680351226116,0.0138064435553,0.66654478256,False,4,1.5,0.99
3h8g BCT 504 A,ACT,BCT,0.562134117839,0.053892109683,0.508242008156,False,4,1.5,0.989
3h8f BCT 504 F,NO3,BCT,0.453384386098,0.0704713707883,0.382913015309,False,3,2.0,0.971
3h8f BCT 504 E,CO3,BCT,0.556537383761,0.0832329097736,0.473304473988,False,4,2.0,0.977
3h8f BCT 504 C,CO3,BCT,0.247647623178,0.0108465506293,0.236801072549,False,6,2.0,0.992
3h8f BCT 504 B,CO3,BCT,0.489127011773,0.0536162731891,0.435510738584,False,3,2.0,0.983
3h8f BCT 504 A,SO4,BCT,0.617541279205,0.044436233239,0.573105045966,False,4,2.0,0.971
3h8d SCN 3 A,EDO,SCN,0.245699986903,0.00890466989403,0.236795317009,False,11,2.20000004768,0.974
3h8d SCN 2 B,EDO,SCN,0.338622677517,0.0079374491248,0.330685228392,False,10,2.20000004768,0.981
3h8d SCN 1 C,EDO,SCN,0.518906321382,0.00110876161923,0.517797559762,False,28,2.20000004768,0.931
3h8d DTT 1276 C,GOL,DTT,0.547995614936,0.00247746457971,0.545518150356,False,30,2.20000004768,0.897
3h87 GOL 74 C,GOL,GOL,0.545136155177,0.545136155177,0.0,True,1,1.5,0.805
3h87 GOL 158 B,GOL,GOL,0.915091018298,0.915091018298,0.0,True,1,1.5,0.841
3h87 GOL 158 A,GOL,GOL,0.648545434176,0.648545434176,0.0,True,1,1.5,0.851
3h81 GOL 402 C,EDO,GOL,0.565946228387,0.171726924765,0.394219303623,False,2,1.79999995232,0.905
3h81 GOL 401 C,EDO,GOL,0.588147983782,0.31893487388,0.269213109901,False,2,1.79999995232,0.904
3h81 GOL 401 B,EDO,GOL,0.626079160567,0.200463349805,0.425615810761,False,2,1.79999995232,0.919
3h81 GOL 401 A,GOL,GOL,0.974583181246,0.974583181246,0.0,True,1,1.79999995232,0.947
3h7u ACT 501 A,ACT,ACT,0.818657580494,0.818657580494,0.0,True,1,1.29999995232,0.96
3h7r ACT 501 A,ACT,ACT,0.611501933809,0.611501933809,0.0,True,1,1.39999997616,0.958
3h7o SO4 230 B,DMS,SO4,0.552447659612,0.21409261816,0.338355041452,False,2,1.89999997616,0.925
3h7o SO4 230 A,SO4,SO4,0.777877480257,0.777877480257,0.0,True,1,1.89999997616,0.912
3h7o SO4 1 B,SO4,SO4,0.878581727184,0.878581727184,0.0,True,1,1.89999997616,0.935
3h7o SO4 1 A,SO4,SO4,0.708247065946,0.708247065946,0.0,True,1,1.89999997616,0.912
3h7o GOL 232 A,GOL,GOL,0.793959903424,0.793959903424,0.0,True,1,1.89999997616,0.659
3h7l GOL 587 C,GOL,GOL,0.779688278588,0.779688278588,0.0,True,1,2.29999995232,0.909
3h7l GOL 587 B,GOL,GOL,0.400205286761,0.400205286761,0.0,True,1,2.29999995232,0.952
3h7l GOL 586 C,GOL,GOL,0.515208338637,0.515208338637,0.0,True,1,2.29999995232,0.978
3h7l GOL 586 B,GOL,GOL,0.406952087069,0.406952087069,0.0,True,1,2.29999995232,0.952
3h7l GOL 586 A,GOL,GOL,0.532058388582,0.532058388582,0.0,True,1,2.29999995232,0.937
3h7i SO4 350 A,SO4,SO4,0.949145745871,0.949145745871,0.0,True,1,1.5,0.959
3h7g SO4 302 A,SO4,SO4,0.840610228673,0.840610228673,0.0,True,1,1.60000002384,0.944
3h7g SO4 301 A,SO4,SO4,0.274459292213,0.274459292213,0.0,True,1,1.60000002384,0.849
3h7f LLP 227 B,LLP,LLP,0.987377897306,0.987377897306,0.0,True,1,1.5,0.962
3h7f LLP 227 A,LLP,LLP,0.98944211514,0.98944211514,0.0,True,1,1.5,0.965
3h7b GOL 277 D,EDO,GOL,0.512139944121,0.318344958321,0.1937949858,False,2,1.89999997616,0.787
3h7b GOL 276 D,GOL,GOL,0.510074446262,0.510074446262,0.0,True,1,1.89999997616,0.882
3h7b GOL 276 A,GOL,GOL,0.725500415527,0.725500415527,0.0,True,1,1.89999997616,0.817
3h79 SCN 128 A,SCN,SCN,0.860599730027,0.860599730027,0.0,True,1,1.5,0.963
3h75 SO4 400 A,SO4,SO4,0.85600005944,0.85600005944,0.0,True,1,1.60000002384,0.992
3h75 GOL 402 A,GOL,GOL,0.811784793188,0.811784793188,0.0,True,1,1.60000002384,0.922
3h74 GOL 283 A,GOL,GOL,0.277241176118,0.277241176118,0.0,True,1,1.29999995232,0.87
3h72 SIA 901 B,SIA,SIA,0.862393907601,0.862393907601,0.0,True,1,1.70000004768,0.93
3h72 SIA 900 A,SIA,SIA,0.658093998058,0.658093998058,0.0,True,1,1.70000004768,0.951
3h6u SO4 268 A,GOL,SO4,0.603090387342,0.114219298482,0.48887108886,False,3,1.79999995232,0.686
3h6u SO4 267 A,SO4,SO4,0.907673224847,0.907673224847,0.0,True,1,1.79999995232,0.983
3h6u SO4 266 A,SO4,SO4,0.908294210491,0.908294210491,0.0,True,1,1.79999995232,0.971
3h6s SO4 223 B,SO4,SO4,0.850104992012,0.850104992012,0.0,True,1,2.20000004768,0.966
3h6s SO4 222 D,SO4,SO4,0.950042090869,0.950042090869,0.0,True,1,2.20000004768,0.99
3h6s SO4 222 C,SO4,SO4,0.921018691509,0.921018691509,0.0,True,1,2.20000004768,0.986
3h6s SO4 222 B,SO4,SO4,0.712963006424,0.712963006424,0.0,True,1,2.20000004768,0.971
3h6s SO4 222 A,SO4,SO4,0.914485326852,0.914485326852,0.0,True,1,2.20000004768,0.98
3h6s SO4 153 F,SO4,SO4,0.858278760958,0.858278760958,0.0,True,1,2.20000004768,0.942
3h6i DMF 41 H,EDO,DMF,0.376653421353,0.234086671611,0.142566749742,False,2,2.40000009537,0.838
3h6i DMF 4 L,DMF,DMF,0.451581699319,0.451581699319,0.0,True,1,2.40000009537,0.945
3h6i DMF 39 G,DMF,DMF,0.338740131439,0.338740131439,0.0,True,1,2.40000009537,0.697
3h6i DMF 37 N,GOL,DMF,0.423874957519,0.00318473635562,0.420690221163,False,21,2.40000009537,0.874
3h6i DMF 36 N,DMF,DMF,0.458042963418,0.458042963418,0.0,True,1,2.40000009537,0.804
3h6i DMF 32 E,SO4,DMF,0.353252412463,0.316776519831,0.0364758926324,False,2,2.40000009537,0.719
3h6i DMF 31 H,DMF,DMF,0.318128298994,0.318128298994,0.0,True,1,2.40000009537,0.606
3h6i DMF 3 R,SO4,DMF,0.489509571266,0.0827170925565,0.40679247871,False,3,2.40000009537,0.83
3h6i DMF 28 C,SO4,DMF,0.397084913957,0.380502111544,0.0165828024121,False,2,2.40000009537,0.908
3h6i DMF 27 Z,GOL,DMF,0.200165684482,0.0968440789502,0.103321605532,False,3,2.40000009537,0.842
3h6i DMF 252 U,DMF,DMF,0.158287501187,0.158287501187,0.0,True,1,2.40000009537,0.89
3h6i DMF 252 D,GOL,DMF,0.68848852703,0.00507449792558,0.683414029104,False,10,2.40000009537,0.602
3h6i DMF 251 U,EDO,DMF,0.290705116929,0.262837514852,0.027867602077,False,2,2.40000009537,0.873
3h6i DMF 251 S,SO4,DMF,0.486756703293,0.0909210595795,0.395835643713,False,3,2.40000009537,0.868
3h6i DMF 251 D,DMF,DMF,0.356661130966,0.356661130966,0.0,True,1,2.40000009537,0.815
3h6i DMF 251 B,EDO,DMF,0.295001090279,0.0821170316905,0.212884058588,False,3,2.40000009537,0.738
3h6i DMF 251 1,GOL,DMF,0.254160435642,0.00164660758673,0.252513828056,False,26,2.40000009537,0.834
3h6i DMF 250 W,DMF,DMF,0.706159569811,0.706159569811,0.0,True,1,2.40000009537,0.697
3h6i DMF 250 U,SO4,DMF,0.492632846994,0.00296367703393,0.48966916996,False,13,2.40000009537,0.892
3h6i DMF 250 S,SO4,DMF,0.671281053214,0.0110055941752,0.660275459038,False,4,2.40000009537,0.752
3h6i DMF 250 Q,SO4,DMF,0.24958924878,0.032889749588,0.216699499192,False,5,2.40000009537,0.732
3h6i DMF 250 O,GOL,DMF,0.217293445536,0.00727484717577,0.21001859836,False,13,2.40000009537,0.813
3h6i DMF 250 M,SO4,DMF,0.338345713011,0.00136194862835,0.336983764382,False,113,2.40000009537,0.918
3h6i DMF 250 K,SO4,DMF,0.536265105254,0.059390151558,0.476874953696,False,4,2.40000009537,0.837
3h6i DMF 250 I,SO4,DMF,0.337576064474,0.21351904121,0.124057023264,False,2,2.40000009537,0.922
3h6i DMF 250 F,SO4,DMF,0.263542106505,0.00691837280034,0.256623733704,False,13,2.40000009537,0.698
3h6i DMF 250 B,SO4,DMF,0.219181295812,0.210319695588,0.00886160022455,False,2,2.40000009537,0.822
3h6i DMF 250 A,SO4,DMF,0.238641479281,0.234425922838,0.00421555644321,False,2,2.40000009537,0.821
3h5y GOL 509 T,EDO,GOL,0.708623040902,0.101397882995,0.607225157906,False,2,1.70000004768,0.746
3h5x GOL 509 T,GOL,GOL,0.374572033616,0.374572033616,0.0,True,1,1.79999995232,0.891
3h5r SO4 351 C,SO4,SO4,0.917380270079,0.917380270079,0.0,True,1,2.09999990463,0.907
3h5r SO4 351 B,SO4,SO4,0.933332966388,0.933332966388,0.0,True,1,2.09999990463,0.919
3h5q SO4 436 A,SO4,SO4,0.522383918428,0.522383918428,0.0,True,1,1.89999997616,0.976
3h5q SO4 435 A,SO4,SO4,0.923603331605,0.923603331605,0.0,True,1,1.89999997616,0.963
3h5o SO4 2 B,SO4,SO4,0.693250882209,0.693250882209,0.0,True,1,2.29999995232,0.935
3h5o SO4 1 A,SO4,SO4,0.867238708537,0.867238708537,0.0,True,1,2.29999995232,0.952
3h5n SO4 503 A,SO4,SO4,0.855570354325,0.855570354325,0.0,True,1,1.89999997616,0.942
3h5n ATP 502 D,ADP_MG,ATP_MG,0.301167220532,0.129735568849,0.171431651683,False,2,1.89999997616,0.955
3h5n ATP 502 C,ATP_MG,ATP_MG,0.525672518331,0.525672518331,0.0,True,1,1.89999997616,0.968
3h5n ATP 502 B,ADP_MG,ATP_MG,0.383000286444,0.115092951823,0.267907334621,False,3,1.89999997616,0.972
3h5n ATP 502 A,ATP,ATP_MG,0.208343557385,0.114629475242,0.0937140821432,False,4,1.89999997616,0.939
3h54 GOL 1328 B,EDO,GOL,0.474158865756,0.228176332628,0.245982533128,False,2,2.20000004768,0.887
3h54 GOL 1328 A,GOL,GOL,0.700772511015,0.700772511015,0.0,True,1,2.20000004768,0.917
3h54 GOL 1210 A,GOL,GOL,0.60185173636,0.60185173636,0.0,True,1,2.20000004768,0.817
3h54 GOL 1201 A,GOL,GOL,0.379641494343,0.379641494343,0.0,True,1,2.20000004768,0.706
3h54 GOL 1200 B,SO4,GOL,0.49965736486,0.0336119313712,0.466045433489,False,5,2.20000004768,0.825
3h54 GOL 1200 A,GOL,GOL,0.292121546044,0.292121546044,0.0,True,1,2.20000004768,0.741
3h54 GOL 1165 A,EDO,GOL,0.744250418444,0.112109734657,0.632140683788,False,2,2.20000004768,0.872
3h54 GOL 1113 B,GOL,GOL,0.288386676002,0.288386676002,0.0,True,1,2.20000004768,0.799
3h54 GOL 1113 A,SO4,GOL,0.541086479011,0.0443704623519,0.496716016659,False,3,2.20000004768,0.867
3h54 GOL 1024 A,GOL,GOL,0.735697789596,0.735697789596,0.0,True,1,2.20000004768,0.79
3h53 GOL 1328 B,GOL,GOL,0.531888604435,0.531888604435,0.0,True,1,2.0,0.882
3h53 GOL 1328 A,GOL,GOL,0.737711225709,0.737711225709,0.0,True,1,2.0,0.83
3h53 GOL 1210 A,GOL,GOL,0.624086703902,0.624086703902,0.0,True,1,2.0,0.795
3h53 GOL 1200 B,EDO,GOL,0.300907076263,0.227906852375,0.0730002238886,False,2,2.0,0.781
3h53 GOL 1200 A,GOL,GOL,0.675145873231,0.675145873231,0.0,True,1,2.0,0.831
3h53 GOL 1113 B,GOL,GOL,0.391411386046,0.391411386046,0.0,True,1,2.0,0.814
3h53 GOL 1113 A,ACT,GOL,0.290372210626,0.114589082684,0.175783127942,False,3,2.0,0.895
3h53 GOL 1108 B,SO4,GOL,0.298012367895,0.276322944751,0.0216894231443,False,2,2.0,0.797
3h53 GOL 1001 B,GOL,GOL,0.784109463585,0.784109463585,0.0,True,1,2.0,0.891
3h53 GOL 1001 A,EDO,GOL,0.80015536322,0.037350421834,0.762804941386,False,3,2.0,0.869
3h52 GOL 778 B,NAG,GOL,0.571677490319,0.0428152479102,0.528862242408,False,3,2.79999995232,0.907
3h50 ACT 118 A,ACT_ZN,ACT_ZN,0.823011440244,0.823011440244,0.0,True,1,1.60000002384,0.986
3h4t UDP 604 A,UDP,UDP,0.293292710378,0.293292710378,0.0,True,1,1.20000004768,0.99
3h4k PG4 606 A,PG4,PG4,0.373227462756,0.373227462756,0.0,True,1,2.59999990463,0.804
3h4k PG4 605 A,SAM,PG4,0.0794329135454,0.022233619776,0.0571992937693,False,8,2.59999990463,0.832
3h4i SO4 601 A,SO4,SO4,0.856765628639,0.856765628639,0.0,True,1,1.29999995232,0.826
3h4g SO4 361 A,SO4,SO4,0.66401263491,0.66401263491,0.0,True,1,1.79999995232,0.904
3h46 SO4 507 X,SO4,SO4,0.722109958666,0.722109958666,0.0,True,1,1.79999995232,0.963
3h46 SO4 507 O,SO4,SO4,0.512388433525,0.512388433525,0.0,True,1,1.79999995232,0.96
3h46 GOL 1001 X,GOL,GOL,0.984059082615,0.984059082615,0.0,True,1,1.79999995232,0.975
3h46 GOL 1000 O,GOL,GOL,0.895706744756,0.895706744756,0.0,True,1,1.79999995232,0.973
3h40 SO4 1 A,SO4,SO4,0.718708026163,0.718708026163,0.0,True,1,2.29999995232,0.89
3h3x SF4 267 C,SF4,SF4,0.994267779219,0.994267779219,0.0,True,1,2.70000004768,0.982
3h3x SF4 267 B,SF4,SF4,0.854076952948,0.854076952948,0.0,True,1,2.70000004768,0.95
3h3x SF4 265 C,SF4,SF4,0.954033795684,0.954033795684,0.0,True,1,2.70000004768,0.987
3h3x SF4 265 B,SF4,SF4,0.755470264395,0.755470264395,0.0,True,1,2.70000004768,0.958
3h3x SF4 265 A,SF4,SF4,0.992573278956,0.992573278956,0.0,True,1,2.70000004768,0.981
3h3x GOL 561 Q,SO4,GOL,0.594518167363,0.029936872897,0.564581294466,False,5,2.70000004768,0.936
3h3u SO4 225 B,SO4,SO4,0.771034000801,0.771034000801,0.0,True,1,2.90000009537,0.917
3h3u SO4 225 A,SO4,SO4,0.589530525572,0.589530525572,0.0,True,1,2.90000009537,0.971
3h3u CMP 226 B,NAG_NAG,CMP,0.223898659127,0.000973542729744,0.222925116397,False,172,2.90000009537,0.778
3h3n GOL 1001 O,GOL,GOL,0.91453584648,0.91453584648,0.0,True,1,1.70000004768,0.965
3h3n GOL 1000 X,GOL,GOL,0.915161218386,0.915161218386,0.0,True,1,1.70000004768,0.948
3h3l TRS 3 B,TRS,TRS,0.86167203377,0.86167203377,0.0,True,1,1.60000002384,0.922
3h3l TRS 2 A,TRS,TRS,0.826692851724,0.826692851724,0.0,True,1,1.60000002384,0.872
3h3l TRS 1 C,GOL,TRS,0.699943584126,0.0376815351829,0.662262048943,False,3,1.60000002384,0.871
3h3j GOL 502 B,GOL,GOL,0.602917043812,0.602917043812,0.0,True,1,1.79999995232,0.915
3h3j GOL 502 A,GOL,GOL,0.345570421462,0.345570421462,0.0,True,1,1.79999995232,0.853
3h3i SO4 6 C,SO4,SO4,0.501179162063,0.501179162063,0.0,True,1,2.20000004768,0.915
3h3i SO4 3 C,SO4,SO4,0.903354081944,0.903354081944,0.0,True,1,2.20000004768,0.978
3h3i SO4 2 B,SO4,SO4,0.83516905657,0.83516905657,0.0,True,1,2.20000004768,0.971
3h3i SO4 1 A,SO4,SO4,0.869097711289,0.869097711289,0.0,True,1,2.20000004768,0.978
3h3h MES 123 B,SO4,MES,0.372720118361,0.197617468544,0.175102649817,False,2,1.60000002384,0.912
3h3f ACT 338 D,GOL,ACT,0.495660397821,0.0100053908335,0.485655006987,False,8,2.40000009537,0.938
3h3f ACT 335 H,SO4,ACT,0.37237602641,0.0103697586111,0.362006267799,False,9,2.40000009537,0.965
3h3f ACT 335 E,GOL,ACT,0.183009041198,0.0576615711488,0.125347470049,False,5,2.40000009537,0.863
3h3f ACT 334 H,SO4,ACT,0.364037339231,0.0237699344862,0.340267404745,False,6,2.40000009537,0.973
3h3f ACT 334 G,GOL,ACT,0.565231547792,0.0163005726494,0.548930975143,False,6,2.40000009537,0.972
3h3f ACT 334 F,SO4,ACT,0.709193043044,0.00764580679223,0.701547236252,False,8,2.40000009537,0.869
3h3f ACT 334 C,EDO,ACT,0.359603712472,0.0652161586527,0.294387553819,False,4,2.40000009537,0.951
3h3f ACT 334 A,GOL,ACT,0.491698836976,0.00924741287591,0.4824514241,False,8,2.40000009537,0.867
3h3c SO4 5 A,GOL,SO4,0.48315987042,0.197547601688,0.285612268732,False,2,2.0,0.914
3h3c SO4 4 A,SO4,SO4,0.782300079002,0.782300079002,0.0,True,1,2.0,0.971
3h3c SO4 3 A,SO4,SO4,0.681472250636,0.681472250636,0.0,True,1,2.0,0.955
3h3c SO4 2 A,SO4,SO4,0.940184678788,0.940184678788,0.0,True,1,2.0,0.96
3h3c SO4 1 A,SO4,SO4,0.900794332757,0.900794332757,0.0,True,1,2.0,0.986
3h39 ATP 502 B,ATP,ATP,0.339321754254,0.339321754254,0.0,True,1,2.90000009537,0.92
3h39 ATP 501 A,ANP,ATP,0.271572745399,0.245140334296,0.0264324111023,False,2,2.90000009537,0.973
3h2z ACT 388 A,SO4,ACT,0.850845051551,0.0068365064863,0.844008545064,False,6,1.89999997616,0.933
3h2z ACT 385 A,SO4,ACT,0.76917874525,0.00885019018605,0.760328555064,False,6,1.89999997616,0.899
3h2z ACT 384 A,SO4,ACT,0.603363966745,0.0076065715254,0.595757395219,False,6,1.89999997616,0.888
3h2z ACT 383 A,SO4,ACT,0.492706771643,0.00457823741026,0.488128534233,False,14,1.89999997616,0.93
3h2q SO4 155 C,SO4,SO4,0.763987511204,0.763987511204,0.0,True,1,1.89999997616,0.89
3h2q SO4 155 B,SO4,SO4,0.521909736199,0.521909736199,0.0,True,1,1.89999997616,0.873
3h2p MLI 156 A,SO4,ZN,0.510360832022,0.372308120541,0.13805271148,False,2,1.60000002384,0.776
3h2n SO4 308 B,SO4,SO4,0.955728445763,0.955728445763,0.0,True,1,2.40000009537,0.91
3h2n SO4 307 B,SO4,SO4,0.475635581368,0.475635581368,0.0,True,1,2.40000009537,0.894
3h2n SO4 306 A,SO4,SO4,0.69921077197,0.69921077197,0.0,True,1,2.40000009537,0.892
3h2n SO4 305 A,SO4,SO4,0.591193587474,0.591193587474,0.0,True,1,2.40000009537,0.867
3h2n SO4 304 B,SO4,SO4,0.897638131646,0.897638131646,0.0,True,1,2.40000009537,0.916
3h2n SO4 303 A,SO4,SO4,0.91914525281,0.91914525281,0.0,True,1,2.40000009537,0.916
3h2n SO4 302 B,SO4,SO4,0.924315139329,0.924315139329,0.0,True,1,2.40000009537,0.979
3h2n SO4 301 A,SO4,SO4,0.941826585558,0.941826585558,0.0,True,1,2.40000009537,0.98
3h2m SO4 283 B,SO4,SO4,0.928372982651,0.928372982651,0.0,True,1,2.29999995232,0.934
3h2m SO4 282 B,SO4,SO4,0.815682092185,0.815682092185,0.0,True,1,2.29999995232,0.841
3h2m SO4 281 B,SO4,SO4,0.791012673487,0.791012673487,0.0,True,1,2.29999995232,0.893
3h2m SO4 281 A,SO4,SO4,0.430153541034,0.430153541034,0.0,True,1,2.29999995232,0.917
3h2m SO4 280 B,SO4,SO4,0.889062918919,0.889062918919,0.0,True,1,2.29999995232,0.884
3h2m SO4 280 A,SO4,SO4,0.752525951189,0.752525951189,0.0,True,1,2.29999995232,0.891
3h2m SO4 279 B,GOL,SO4,0.404182120668,0.337734006608,0.0664481140601,False,2,2.29999995232,0.894
3h2m SO4 279 A,SO4,SO4,0.688530891519,0.688530891519,0.0,True,1,2.29999995232,0.903
3h2m SO4 278 B,SO4,SO4,0.958566840923,0.958566840923,0.0,True,1,2.29999995232,0.958
3h2m SO4 278 A,SO4,SO4,0.912845621643,0.912845621643,0.0,True,1,2.29999995232,0.955
3h2k BOG 399 A,1PE,BOG,0.433940776319,0.0019226957437,0.432018080575,False,15,2.09999990463,0.743
3h2k BOG 398 A,BOG,BOG,0.425641559033,0.425641559033,0.0,True,1,2.09999990463,0.904
3h2f SO4 280 B,SO4,SO4,0.767948120101,0.767948120101,0.0,True,1,2.20000004768,0.911
3h2f SO4 280 A,SO4,SO4,0.925984531596,0.925984531596,0.0,True,1,2.20000004768,0.946
3h2f SO4 279 B,SO4,SO4,0.811987539354,0.811987539354,0.0,True,1,2.20000004768,0.941
3h2f SO4 279 A,SO4,SO4,0.950644928109,0.950644928109,0.0,True,1,2.20000004768,0.944
3h2f SO4 278 B,SO4,SO4,0.956973845435,0.956973845435,0.0,True,1,2.20000004768,0.96
3h2f SO4 278 A,SO4,SO4,0.640890679654,0.640890679654,0.0,True,1,2.20000004768,0.922
3h2e SO4 281 B,SO4,SO4,0.916236744813,0.916236744813,0.0,True,1,2.0,0.844
3h2e SO4 281 A,SO4,SO4,0.925942433813,0.925942433813,0.0,True,1,2.0,0.879
3h2e SO4 280 B,SO4,SO4,0.939819708618,0.939819708618,0.0,True,1,2.0,0.946
3h2e SO4 280 A,SO4,SO4,0.861815046077,0.861815046077,0.0,True,1,2.0,0.847
3h2e SO4 279 B,SO4,SO4,0.670086948381,0.670086948381,0.0,True,1,2.0,0.901
3h2e SO4 279 A,SO4,SO4,0.915882873356,0.915882873356,0.0,True,1,2.0,0.968
3h2e SO4 278 B,SO4,SO4,0.949616789324,0.949616789324,0.0,True,1,2.0,0.988
3h2e SO4 278 A,SO4,SO4,0.82724786846,0.82724786846,0.0,True,1,2.0,0.992
3h2d GOL 156 B,GOL,GOL,0.672082573978,0.672082573978,0.0,True,1,1.89999997616,0.829
3h2c SO4 283 B,SO4,SO4,0.55296795452,0.55296795452,0.0,True,1,2.40000009537,0.829
3h2c SO4 282 B,GOL,SO4,0.387711039963,0.140252097286,0.247458942677,False,3,2.40000009537,0.843
3h2c SO4 282 A,SO4,SO4,0.607448857258,0.607448857258,0.0,True,1,2.40000009537,0.916
3h2c SO4 281 B,SO4,SO4,0.721723325006,0.721723325006,0.0,True,1,2.40000009537,0.908
3h2c SO4 280 B,SO4,SO4,0.417762413853,0.417762413853,0.0,True,1,2.40000009537,0.898
3h2c SO4 280 A,SO4,SO4,0.683143639011,0.683143639011,0.0,True,1,2.40000009537,0.929
3h2c SO4 279 B,GOL,SO4,0.312737884065,0.141923564432,0.170814319633,False,2,2.40000009537,0.93
3h2c SO4 279 A,NAG,SO4,0.182250643966,0.149052679124,0.0331979648423,False,2,2.40000009537,0.942
3h2c SO4 278 B,SO4,SO4,0.648965996949,0.648965996949,0.0,True,1,2.40000009537,0.981
3h2c SO4 278 A,SO4,SO4,0.690936226924,0.690936226924,0.0,True,1,2.40000009537,0.976
3h2b SAH 301 B,SAH,SAH,0.490732861235,0.490732861235,0.0,True,1,2.0,0.893
3h2b SAH 301 A,SAH,SAH,0.97589355263,0.97589355263,0.0,True,1,2.0,0.91
3h2a SO4 281 B,SO4,SO4,0.886190429759,0.886190429759,0.0,True,1,2.40000009537,0.914
3h2a SO4 280 B,SO4,SO4,0.836017382315,0.836017382315,0.0,True,1,2.40000009537,0.938
3h2a SO4 280 A,SO4,SO4,0.85778969985,0.85778969985,0.0,True,1,2.40000009537,0.948
3h2a SO4 279 B,SO4,SO4,0.498281117024,0.498281117024,0.0,True,1,2.40000009537,0.879
3h2a SO4 279 A,SO4,SO4,0.730727170841,0.730727170841,0.0,True,1,2.40000009537,0.872
3h2a SO4 278 B,SO4,SO4,0.451152117036,0.451152117036,0.0,True,1,2.40000009537,0.794
3h2a SO4 278 A,MPD,SO4,0.170844953404,0.167850197769,0.00299475563446,False,2,2.40000009537,0.884
3h26 SO4 280 B,SO4,SO4,0.766457277098,0.766457277098,0.0,True,1,2.5,0.934
3h26 SO4 280 A,SO4,SO4,0.956464894227,0.956464894227,0.0,True,1,2.5,0.942
3h26 SO4 279 B,SO4,SO4,0.582403396617,0.582403396617,0.0,True,1,2.5,0.926
3h26 SO4 279 A,SO4,SO4,0.920739370175,0.920739370175,0.0,True,1,2.5,0.949
3h26 SO4 278 B,SO4,SO4,0.386860226869,0.386860226869,0.0,True,1,2.5,0.748
3h26 SO4 278 A,SO4,SO4,0.57324686118,0.57324686118,0.0,True,1,2.5,0.919
3h24 SO4 284 B,SO4,SO4,0.624502968202,0.624502968202,0.0,True,1,2.40000009537,0.906
3h24 SO4 283 B,SO4,SO4,0.503761430768,0.503761430768,0.0,True,1,2.40000009537,0.806
3h24 SO4 282 B,NAG,SO4,0.418077265501,0.129057103769,0.289020161732,False,2,2.40000009537,0.911
3h24 SO4 282 A,SO4,SO4,0.699583679781,0.699583679781,0.0,True,1,2.40000009537,0.851
3h24 SO4 281 B,SO4,SO4,0.858690884596,0.858690884596,0.0,True,1,2.40000009537,0.923
3h24 SO4 281 A,SO4,SO4,0.906160022255,0.906160022255,0.0,True,1,2.40000009537,0.942
3h24 SO4 280 B,SO4,SO4,0.938295715351,0.938295715351,0.0,True,1,2.40000009537,0.941
3h24 SO4 280 A,SO4,SO4,0.372410984523,0.372410984523,0.0,True,1,2.40000009537,0.932
3h24 SO4 279 B,SO4,SO4,0.809475195578,0.809475195578,0.0,True,1,2.40000009537,0.942
3h24 SO4 279 A,SO4,SO4,0.842704034984,0.842704034984,0.0,True,1,2.40000009537,0.959
3h24 SO4 278 B,NAG,SO4,0.521953966599,0.220316752984,0.301637213615,False,2,2.40000009537,0.862
3h24 SO4 278 A,SO4,SO4,0.733044044109,0.733044044109,0.0,True,1,2.40000009537,0.848
3h23 SO4 281 B,SO4,SO4,0.342943443287,0.342943443287,0.0,True,1,2.09999990463,0.903
3h23 SO4 281 A,SO4,SO4,0.937634327019,0.937634327019,0.0,True,1,2.09999990463,0.936
3h23 SO4 280 B,SO4,SO4,0.919190598679,0.919190598679,0.0,True,1,2.09999990463,0.913
3h23 SO4 280 A,SO4,SO4,0.567003639661,0.567003639661,0.0,True,1,2.09999990463,0.923
3h23 SO4 279 B,SO4,SO4,0.857647126052,0.857647126052,0.0,True,1,2.09999990463,0.926
3h23 SO4 279 A,SO4,SO4,0.293032538399,0.293032538399,0.0,True,1,2.09999990463,0.821
3h23 SO4 278 B,SO4,SO4,0.842585219564,0.842585219564,0.0,True,1,2.09999990463,0.946
3h23 SO4 278 A,SO4,SO4,0.912615131224,0.912615131224,0.0,True,1,2.09999990463,0.965
3h22 SO4 281 A,SO4,SO4,0.863428230203,0.863428230203,0.0,True,1,2.29999995232,0.903
3h22 SO4 280 B,GOL,SO4,0.385406226627,0.0580742380225,0.327331988605,False,3,2.29999995232,0.836
3h22 SO4 280 A,EDO,SO4,0.425176968516,0.114823832553,0.310353135963,False,2,2.29999995232,0.761
3h22 SO4 279 B,SO4,SO4,0.926453206871,0.926453206871,0.0,True,1,2.29999995232,0.893
3h22 SO4 279 A,SO4,SO4,0.918571372049,0.918571372049,0.0,True,1,2.29999995232,0.981
3h22 SO4 278 B,SO4,SO4,0.426064300619,0.426064300619,0.0,True,1,2.29999995232,0.868
3h22 SO4 278 A,NAG,SO4,0.304862712655,0.205228226524,0.0996344861305,False,2,2.29999995232,0.916
3h21 SO4 281 B,SO4,SO4,0.52393607328,0.52393607328,0.0,True,1,2.29999995232,0.841
3h21 SO4 281 A,SO4,SO4,0.869647542004,0.869647542004,0.0,True,1,2.29999995232,0.96
3h21 SO4 280 B,SO4,SO4,0.896892626187,0.896892626187,0.0,True,1,2.29999995232,0.932
3h21 SO4 280 A,SO4,SO4,0.902158289392,0.902158289392,0.0,True,1,2.29999995232,0.916
3h21 SO4 279 B,SO4,SO4,0.929851340714,0.929851340714,0.0,True,1,2.29999995232,0.929
3h21 SO4 279 A,SO4,SO4,0.561970243637,0.561970243637,0.0,True,1,2.29999995232,0.941
3h20 SO4 326 A,SO4,SO4,0.87317641383,0.87317641383,0.0,True,1,2.0,0.95
3h20 SO4 325 A,SO4,SO4,0.96255195381,0.96255195381,0.0,True,1,2.0,0.966
3h20 SO4 324 A,SO4,SO4,0.521246194243,0.521246194243,0.0,True,1,2.0,0.929
3h1s GOL 302 B,GOL,GOL,0.823851570913,0.823851570913,0.0,True,1,1.89999997616,0.889
3h1s GOL 301 B,GOL,GOL,0.324535264339,0.324535264339,0.0,True,1,1.89999997616,0.761
3h1s GOL 193 B,GOL,GOL,0.516142212397,0.516142212397,0.0,True,1,1.89999997616,0.919
3h1q ATP 301 B,ADP_MG,ATP,0.175953814137,0.0823105252605,0.0936432888763,False,4,2.79999995232,0.947
3h1q ATP 301 A,ATP,ATP,0.19770114819,0.19770114819,0.0,True,1,2.79999995232,0.945
3h1o NRQ 63 B,CR8,NRQ,0.406569114774,0.0793071047271,0.327262010047,False,4,2.0,0.942
3h1o NRQ 63 A,5CM,NRQ,0.221100720677,0.0263531031004,0.194747617577,False,7,2.0,0.926
3h1o GOL 236 B,GOL,GOL,0.610024934395,0.610024934395,0.0,True,1,2.0,0.933
3h1o GOL 234 B,SO4,GOL,0.45220906148,0.0627993305965,0.389409730884,False,5,2.0,0.899
3h1o GOL 234 A,GOL,GOL,0.954363559518,0.954363559518,0.0,True,1,2.0,0.926
3h1l HEC 501 Q,HEM,HEC,0.698167079696,0.0293042767455,0.66886280295,False,2,3.20000004768,0.949
3h1l HEC 501 D,HEM,HEC,0.481917275812,0.312344718243,0.169572557569,False,2,3.20000004768,0.985
3h1l BOG 3009 R,NAG,BOG,0.948728420899,0.000316714631324,0.948411706268,False,33,3.20000004768,0.885
3h1l BOG 2009 D,NAG,BOG,0.792396840407,0.00861857571197,0.783778264695,False,6,3.20000004768,0.934
3h1k HEC 501 Q,HEM,HEC,0.831887904842,0.0439725975421,0.787915307299,False,2,3.5,0.962
3h1k HEC 501 D,HEM,HEC,0.618161690752,0.0532930496577,0.564868641095,False,3,3.5,0.981
3h1k GOL 2011 C,SO4,GOL,0.540458768983,0.0290757569795,0.511383012004,False,3,3.5,0.945
3h1k BOG 3009 Q,SO4,BOG,0.585064244081,0.00178507982452,0.583279164256,False,32,3.5,0.825
3h1k BOG 2009 D,NAG,BOG,0.923150874655,0.000191866458898,0.922959008196,False,62,3.5,0.902
3h1j HEC 501 Q,HEM,HEC,0.716582427805,0.141323066471,0.575259361333,False,2,3.0,0.963
3h1j HEC 501 D,HEM,HEC,0.540673471329,0.336691866542,0.203981604787,False,2,3.0,0.982
3h1j GOL 3011 P,SO4,GOL,0.70966516474,0.0617850039145,0.647880160826,False,2,3.0,0.914
3h1j GOL 2011 C,SO4,GOL,0.554181808371,0.0182275440461,0.535954264325,False,6,3.0,0.843
3h1i HEC 501 Q,HEM,HEC,0.2148107188,0.0407348272518,0.174075891549,False,4,3.5,0.969
3h1i HEC 501 D,HEM,HEC,0.661296618511,0.24482751169,0.416469106821,False,2,3.5,0.984
3h1h HEC 501 Q,HEM,HEC,0.79387280614,0.060055010701,0.733817795439,False,3,3.20000004768,0.972
3h1h HEC 501 D,HEM,HEC,0.617480155238,0.0580288300056,0.559451325232,False,2,3.20000004768,0.986
3h1h GOL 3011 P,GOL,GOL,0.275241218254,0.275241218254,0.0,True,1,3.20000004768,0.934
3h1h GOL 2011 C,MLY,GOL,0.263255698212,0.115545409244,0.147710288969,False,3,3.20000004768,0.924
3h1h BOG 3009 Q,SO4,BOG,0.202388472215,0.0393126546492,0.163075817566,False,5,3.20000004768,0.928
3h1h BOG 2009 D,C8E,BOG,0.193441485296,0.0236528156007,0.169788669696,False,6,3.20000004768,0.926
3h1g SO4 126 A,SO4,SO4,0.846148905599,0.846148905599,0.0,True,1,1.70000004768,0.986
3h1g SO4 125 A,SO4,SO4,0.968424743079,0.968424743079,0.0,True,1,1.70000004768,0.985
3h1f SO4 127 A,SO4,SO4,0.845170795259,0.845170795259,0.0,True,1,2.20000004768,0.992
3h1f SO4 126 A,SO4,SO4,0.961912493921,0.961912493921,0.0,True,1,2.20000004768,0.98
3h1e SO4 501 A,SO4,SO4,0.9766455656,0.9766455656,0.0,True,1,2.40000009537,0.981
3h1d SO4 5 A,SO4,SO4,0.791520072424,0.791520072424,0.0,True,1,1.89999997616,0.949
3h1d SO4 4 A,SO4,SO4,0.473307291738,0.473307291738,0.0,True,1,1.89999997616,0.975
3h1d SO4 2 A,SO4,SO4,0.46255336601,0.46255336601,0.0,True,1,1.89999997616,0.969
3h1d SO4 1 A,SO4,SO4,0.796725349271,0.796725349271,0.0,True,1,1.89999997616,0.972
3h16 SO4 1 C,SO4,SO4,0.875810403123,0.875810403123,0.0,True,1,2.5,0.959
3h14 GOL 502 A,GOL,GOL,0.524334560418,0.524334560418,0.0,True,1,1.89999997616,0.874
3h14 GOL 501 A,GOL,GOL,0.574111748346,0.574111748346,0.0,True,1,1.89999997616,0.944
3h0y SO4 4 A,SO4,SO4,0.818411599627,0.818411599627,0.0,True,1,2.5,0.901
3h0y SO4 392 A,SO4,SO4,0.931220458397,0.931220458397,0.0,True,1,2.5,0.852
3h0y SO4 3 A,GOL,SO4,0.129691924814,0.0257863097544,0.10390561506,False,8,2.5,0.911
3h0s SO4 3 C,SO4,SO4,0.573043113228,0.573043113228,0.0,True,1,2.40000009537,0.965
3h0s SO4 2 A,GOL,SO4,0.236560328013,0.233492001112,0.00306832690136,False,2,2.40000009537,0.962
3h0s SO4 1 C,SO4,SO4,0.905818831614,0.905818831614,0.0,True,1,2.40000009537,0.976
3h0p SO4 311 B,SO4,SO4,0.755738541602,0.755738541602,0.0,True,1,2.0,0.904
3h0p SO4 310 B,SO4,SO4,0.592171006988,0.592171006988,0.0,True,1,2.0,0.932
3h0p SO4 310 A,SO4,SO4,0.651639709962,0.651639709962,0.0,True,1,2.0,0.905
3h0o TRS 404 A,GOL,TRS,0.524955626813,0.0899450478497,0.435010578963,False,3,1.39999997616,0.881
3h0o ACT 407 A,SO4,ACT,0.483799548849,0.0038318309496,0.479967717899,False,9,1.39999997616,0.757
3h0o ACT 406 A,NAG,ACT,0.171352653375,0.146389980169,0.0249626732066,False,2,1.39999997616,0.907
3h0o ACT 405 A,ACT,ACT,0.377780048782,0.377780048782,0.0,True,1,1.39999997616,0.938
3h0n ACT 208 A,NO3,ACT,0.458792511548,0.113338362967,0.345454148581,False,3,1.5,0.952
3h0n ACT 207 A,ACT,ACT,0.890307154436,0.890307154436,0.0,True,1,1.5,0.974
3h0k SO4 2 B,SO4,SO4,0.694802101691,0.694802101691,0.0,True,1,3.29999995232,0.952
3h0k SO4 1 A,SEP,SO4,0.39642653717,0.249220172993,0.147206364177,False,2,3.29999995232,0.952
3h0h PG4 1 A,PG4,PG4,0.223627553455,0.223627553455,0.0,True,1,1.79999995232,0.899
3h09 ACT 1900 B,EDO,ACT,0.528411993465,0.0475773371944,0.48083465627,False,4,1.70000004768,0.767
3h09 ACT 1900 A,EDO,ACT,0.313393069142,0.120032089447,0.193360979695,False,3,1.70000004768,0.698
3h09 ACT 1800 A,ACT,ACT,0.782456936416,0.782456936416,0.0,True,1,1.70000004768,0.93
3h09 ACT 1700 B,ACT,ACT,0.936642525972,0.936642525972,0.0,True,1,1.70000004768,0.924
3h02 SO4 286 F,NAG,SO4,0.174519240727,0.0112159864017,0.163303254326,False,18,2.20000004768,0.914
3h02 SO4 286 A,NCO,SO4,0.215757370269,0.111367754257,0.104389616011,False,2,2.20000004768,0.908
3h02 BCT 287 F,SO4,BCT,0.617205617849,0.00101953860433,0.616186079245,False,30,2.20000004768,0.957
3h02 BCT 287 A,SO4,BCT,0.731930272065,0.000228039905742,0.731702232159,False,190,2.20000004768,0.91
3h02 BCT 286 E,SO4,BCT,0.682332386011,0.00598663160501,0.676345754406,False,10,2.20000004768,0.974
3h02 BCT 286 D,SO4,BCT,0.664483835417,0.000300489716931,0.6641833457,False,195,2.20000004768,0.949
3h02 BCT 286 C,SO4,BCT,0.745141211752,0.000710857100272,0.744430354651,False,13,2.20000004768,0.942
3h02 BCT 286 B,SO4,BCT,0.812921107636,0.00042763623473,0.812493471401,False,33,2.20000004768,0.937
3gzx MES 704 B,SO4,MES,0.734439210046,0.00115013384382,0.733289076202,False,11,1.60000002384,0.932
3gzs GOL 5 A,SO4,GOL,0.263206382693,0.216772184142,0.0464341985515,False,2,2.09999990463,0.735
3gzs GOL 4 A,GOL,GOL,0.281670349108,0.281670349108,0.0,True,1,2.09999990463,0.937
3gzs GOL 2 B,EDO,GOL,0.460674022805,0.373610617985,0.0870634048199,False,2,2.09999990463,0.9
3gzs ACT 9 B,SO4,ACT,0.403093030954,0.232754980534,0.17033805042,False,2,2.09999990463,0.842
3gzs ACT 8 A,EDO,ACT,0.244777854343,0.135398496005,0.109379358338,False,4,2.09999990463,0.95
3gzs ACT 7 B,GOL,ACT,0.474833600935,0.0221763171669,0.452657283768,False,5,2.09999990463,0.983
3gzs ACT 13 A,SO4,ACT,0.362622894038,0.112559831288,0.25006306275,False,2,2.09999990463,0.977
3gzs ACT 12 B,EDO,ACT,0.402986173057,0.078442756851,0.324543416206,False,3,2.09999990463,0.861
3gzs ACT 10 B,EDO,ACT,0.7297768673,0.0115999758088,0.718176891491,False,4,2.09999990463,0.936
3gzr SO4 5 B,SO4,SO4,0.891354344536,0.891354344536,0.0,True,1,1.39999997616,0.899
3gzr SO4 4 A,SO4,SO4,0.320595848754,0.320595848754,0.0,True,1,1.39999997616,0.946
3gzr SO4 3 A,SO4,SO4,0.847889885255,0.847889885255,0.0,True,1,1.39999997616,0.969
3gzr SO4 2 B,SO4,SO4,0.822489664897,0.822489664897,0.0,True,1,1.39999997616,0.95
3gzr SO4 1 A,SO4,SO4,0.957943746411,0.957943746411,0.0,True,1,1.39999997616,0.966
3gzr GOL 6 A,SO4,GOL,0.326986604433,0.205119598191,0.121867006242,False,3,1.39999997616,0.883
3gzq SO4 154 B,SO4,SO4,0.891630166468,0.891630166468,0.0,True,1,1.39999997616,0.894
3gzq SO4 154 A,SO4,SO4,0.971645164116,0.971645164116,0.0,True,1,1.39999997616,0.956
3gzo GOL 156 J,GOL,GOL,0.360903197885,0.360903197885,0.0,True,1,2.09999990463,0.815
3gzo GOL 156 B,GOL,GOL,0.487187195396,0.487187195396,0.0,True,1,2.09999990463,0.872
3gzg SO4 1402 C,SO4,SO4,0.904794116879,0.904794116879,0.0,True,1,1.5,0.912
3gzg SO4 1400 A,SO4,SO4,0.936802239255,0.936802239255,0.0,True,1,1.5,0.986
3gzf SO4 96 D,SO4,SO4,0.638528178235,0.638528178235,0.0,True,1,2.79999995232,0.942
3gzf SO4 96 C,SO4,SO4,0.357241837142,0.357241837142,0.0,True,1,2.79999995232,0.847
3gzd NO3 600 D,ACT,NO3,0.455615499221,0.0295365831652,0.426078916056,False,5,1.79999995232,0.922
3gzd NO3 600 C,EDO,NO3,0.431359358143,0.0346256733733,0.396733684769,False,7,1.79999995232,0.905
3gzd NO3 600 A,ACT,NO3,0.439159989914,0.00982848914392,0.42933150077,False,10,1.79999995232,0.866
3gzb MRD 155 C,MPD,MRD,0.834877528515,0.0411648716287,0.793712656886,False,2,1.39999997616,0.91
3gzb MRD 154 G,MPD,MRD,0.69590269608,0.18825000124,0.50765269484,False,2,1.39999997616,0.867
3gzb MRD 154 E,MRD,MRD,0.43665182693,0.43665182693,0.0,True,1,1.39999997616,0.914
3gzb MRD 154 C,MPD,MRD,0.306952573447,0.199705838466,0.107246734981,False,3,1.39999997616,0.931
3gzb MRD 154 A,MRD,MRD,0.520941202042,0.520941202042,0.0,True,1,1.39999997616,0.939
3gz3 GOL 323 B,GOL,GOL,0.91499930501,0.91499930501,0.0,True,1,1.89999997616,0.845
3gz3 GOL 323 A,GOL,GOL,0.699266027002,0.699266027002,0.0,True,1,1.89999997616,0.886
3gz2 GOL 153 A,SO4,GOL,0.340178211437,0.255283578732,0.084894632705,False,2,2.70000004768,0.631
3gz2 GOL 152 A,SO4,GOL,0.306718668254,0.252510604555,0.0542080636991,False,2,2.70000004768,0.887
3gz1 GOL 152 B,SO4,GOL,0.395741010115,0.23005662216,0.165684387955,False,2,2.20000004768,0.919
3gyz SO4 152 B,SO4,SO4,0.97558830766,0.97558830766,0.0,True,1,2.20000004768,0.966
3gyz SO4 152 A,SO4,SO4,0.952905940812,0.952905940812,0.0,True,1,2.20000004768,0.964
3gyz GOL 156 B,GOL,GOL,0.808723997285,0.808723997285,0.0,True,1,2.20000004768,0.844
3gyz GOL 155 B,GOL,GOL,0.375035480268,0.375035480268,0.0,True,1,2.20000004768,0.925
3gyz GOL 155 A,GOL,GOL,0.666055231003,0.666055231003,0.0,True,1,2.20000004768,0.756
3gyz GOL 154 A,GOL,GOL,0.424287934222,0.424287934222,0.0,True,1,2.20000004768,0.84
3gyz GOL 153 B,GOL,GOL,0.313811361108,0.313811361108,0.0,True,1,2.20000004768,0.786
3gyz GOL 153 A,EDO,GOL,0.501170154578,0.181971785778,0.319198368801,False,2,2.20000004768,0.883
3gyx SF4 2000 L,SF4,SF4,0.98698994005,0.98698994005,0.0,True,1,3.09999990463,0.988
3gyx SF4 2000 J,SF4,SF4,0.992547158093,0.992547158093,0.0,True,1,3.09999990463,0.985
3gyx SF4 2000 H,SF4,SF4,0.992514557679,0.992514557679,0.0,True,1,3.09999990463,0.993
3gyx SF4 2000 F,SF4,SF4,0.992687145591,0.992687145591,0.0,True,1,3.09999990463,0.977
3gyx SF4 2000 D,SF4,SF4,0.987531387424,0.987531387424,0.0,True,1,3.09999990463,0.99
3gyx SF4 2000 B,SF4,SF4,0.991525061684,0.991525061684,0.0,True,1,3.09999990463,0.989
3gyx SF4 1000 L,SF4,SF4,0.971051630264,0.971051630264,0.0,True,1,3.09999990463,0.992
3gyx SF4 1000 J,SF4,SF4,0.969296725608,0.969296725608,0.0,True,1,3.09999990463,0.992
3gyx SF4 1000 H,SF4,SF4,0.975254327288,0.975254327288,0.0,True,1,3.09999990463,0.992
3gyx SF4 1000 F,SF4,SF4,0.972338618891,0.972338618891,0.0,True,1,3.09999990463,0.989
3gyx SF4 1000 D,SF4,SF4,0.977814513336,0.977814513336,0.0,True,1,3.09999990463,0.992
3gyx SF4 1000 B,SF4,SF4,0.975160842942,0.975160842942,0.0,True,1,3.09999990463,0.989
3gyr GOL 5012 L,GOL,GOL,0.615366933997,0.615366933997,0.0,True,1,2.29999995232,0.859
3gyr GOL 5011 K,EDO,GOL,0.441884565717,0.30082784248,0.141056723237,False,2,2.29999995232,0.845
3gyr GOL 5010 J,GOL,GOL,0.349197989168,0.349197989168,0.0,True,1,2.29999995232,0.941
3gyr GOL 5009 I,GOL,GOL,0.655628196453,0.655628196453,0.0,True,1,2.29999995232,0.905
3gyr GOL 5008 H,GOL,GOL,0.717224257489,0.717224257489,0.0,True,1,2.29999995232,0.896
3gyr GOL 5007 G,GOL,GOL,0.962397438474,0.962397438474,0.0,True,1,2.29999995232,0.938
3gyr GOL 5006 F,EDO,GOL,0.379854713099,0.306045075952,0.073809637147,False,2,2.29999995232,0.908
3gyr GOL 5005 E,GOL,GOL,0.757008296305,0.757008296305,0.0,True,1,2.29999995232,0.856
3gyr GOL 5004 D,GOL,GOL,0.743330498757,0.743330498757,0.0,True,1,2.29999995232,0.851
3gyr GOL 5003 C,GOL,GOL,0.88582478051,0.88582478051,0.0,True,1,2.29999995232,0.895
3gyr GOL 5001 A,GOL,GOL,0.727272382411,0.727272382411,0.0,True,1,2.29999995232,0.895
3gyq SAM 270 B,H4B,SAM,0.655249132374,0.0313405393272,0.623908593046,False,4,2.5,0.886
3gyq SAM 270 A,SAH,SAM,0.127143690351,0.0153307773368,0.111812913015,False,14,2.5,0.906
3gyl GOL 263 B,GOL,GOL,0.973972282936,0.973972282936,0.0,True,1,1.29999995232,0.941
3gyl GOL 2 B,GOL,GOL,0.950827665368,0.950827665368,0.0,True,1,1.29999995232,0.945
3gyk SO4 176 D,SO4,SO4,0.500739379485,0.500739379485,0.0,True,1,1.79999995232,0.91
3gyk SO4 176 C,SCN,SO4,0.261029372477,0.0724443254943,0.188585046982,False,4,1.79999995232,0.973
3gyk SO4 175 B,SO4,SO4,0.27077897586,0.27077897586,0.0,True,1,1.79999995232,0.859
3gyk SO4 175 A,GOL,SO4,0.718407156731,0.0476705564528,0.670736600279,False,3,1.79999995232,0.887
3gyk SO4 174 D,SO4,SO4,0.869320950275,0.869320950275,0.0,True,1,1.79999995232,0.943
3gyk SO4 174 C,PYR,SO4,0.247743720956,0.0978131954964,0.14993052546,False,3,1.79999995232,0.925
3gyk SO4 174 B,SO4,SO4,0.757106122644,0.757106122644,0.0,True,1,1.79999995232,0.94
3gyk SO4 173 D,SO4,SO4,0.923731928296,0.923731928296,0.0,True,1,1.79999995232,0.964
3gyk SO4 173 C,SO4,SO4,0.905849128628,0.905849128628,0.0,True,1,1.79999995232,0.951
3gyk SO4 173 B,SO4,SO4,0.9403174146,0.9403174146,0.0,True,1,1.79999995232,0.971
3gyk SO4 173 A,SO4,SO4,0.887121849856,0.887121849856,0.0,True,1,1.79999995232,0.957
3gyi SO4 511 A,SO4,SO4,0.845948755044,0.845948755044,0.0,True,1,1.0,0.965
3gye GOL 322 B,GOL,GOL,0.82218322045,0.82218322045,0.0,True,1,2.0,0.845
3gye GOL 322 A,GOL,GOL,0.676501213342,0.676501213342,0.0,True,1,2.0,0.855
3gyd CMP 300 B,CMP,CMP,0.990310569893,0.990310569893,0.0,True,1,1.79999995232,0.97
3gyd CMP 300 A,CMP,CMP,0.979414364739,0.979414364739,0.0,True,1,1.79999995232,0.977
3gya SO4 152 A,SO4,SO4,0.9079375908,0.9079375908,0.0,True,1,1.60000002384,0.953
3gya SO4 151 A,SO4,SO4,0.957867436629,0.957867436629,0.0,True,1,1.60000002384,0.945
3gy9 SO4 205 A,SO4,SO4,0.434805626136,0.434805626136,0.0,True,1,1.5,0.821
3gy9 SO4 204 A,SO4,SO4,0.823934917884,0.823934917884,0.0,True,1,1.5,0.944
3gy9 SO4 203 A,SO4,SO4,0.66307857547,0.66307857547,0.0,True,1,1.5,0.892
3gy9 GOL 207 A,EDO,GOL,0.729424506858,0.116949071826,0.612475435032,False,2,1.5,0.925
3gy9 GOL 206 A,SO4,GOL,0.462055033305,0.299319213963,0.162735819342,False,2,1.5,0.73
3gy7 SO4 7 A,SO4,SO4,0.910845593558,0.910845593558,0.0,True,1,1.5,0.947
3gy7 SO4 5 A,SO4,SO4,0.793041581767,0.793041581767,0.0,True,1,1.5,0.947
3gy7 SO4 251 A,SO4,SO4,0.562118732913,0.562118732913,0.0,True,1,1.5,0.873
3gy7 SO4 250 A,SO4,SO4,0.554901819946,0.554901819946,0.0,True,1,1.5,0.951
3gy7 SO4 249 A,SO4,SO4,0.835679769805,0.835679769805,0.0,True,1,1.5,0.933
3gy7 SO4 248 A,SO4,SO4,0.907587634908,0.907587634908,0.0,True,1,1.5,0.97
3gy5 SO4 250 A,SO4,SO4,0.858119063964,0.858119063964,0.0,True,1,1.60000002384,0.96
3gy5 SO4 249 A,SO4,SO4,0.327224879145,0.327224879145,0.0,True,1,1.60000002384,0.936
3gy5 SO4 248 A,SO4,SO4,0.646501099983,0.646501099983,0.0,True,1,1.60000002384,0.943
3gy4 SO4 6 A,SO4,SO4,0.729388810742,0.729388810742,0.0,True,1,1.5,0.983
3gy4 SO4 252 A,SO4,SO4,0.586403117193,0.586403117193,0.0,True,1,1.5,0.904
3gy4 SO4 251 A,ACT,SO4,0.28473648991,0.267136971987,0.0175995179222,False,2,1.5,0.819
3gy4 SO4 249 A,SO4,SO4,0.949055389441,0.949055389441,0.0,True,1,1.5,0.973
3gy4 SO4 248 A,SO4,SO4,0.917854123131,0.917854123131,0.0,True,1,1.5,0.985
3gy2 SO4 249 A,SO4,SO4,0.507671139582,0.507671139582,0.0,True,1,1.60000002384,0.878
3gy2 SO4 248 A,SO4,SO4,0.488507905136,0.488507905136,0.0,True,1,1.60000002384,0.945
3gxt SO4 4 B,SO4,SO4,0.731181712645,0.731181712645,0.0,True,1,2.70000004768,0.974
3gxt SO4 3 B,SO4,SO4,0.694277258781,0.694277258781,0.0,True,1,2.70000004768,0.975
3gxt SO4 2 A,SO4,SO4,0.752319117109,0.752319117109,0.0,True,1,2.70000004768,0.98
3gxt SO4 1 A,SO4,SO4,0.776966542839,0.776966542839,0.0,True,1,2.70000004768,0.977
3gxp SO4 4 B,SO4,SO4,0.840855402165,0.840855402165,0.0,True,1,2.20000004768,0.917
3gxp SO4 3 B,SO4,SO4,0.549502401866,0.549502401866,0.0,True,1,2.20000004768,0.91
3gxp SO4 2 B,SO4,SO4,0.805451384711,0.805451384711,0.0,True,1,2.20000004768,0.968
3gxp SO4 1 A,SO4,SO4,0.949505228613,0.949505228613,0.0,True,1,2.20000004768,0.984
3gxo SAH 350 D,SAH,SAH,0.918119826181,0.918119826181,0.0,True,1,2.29999995232,0.96
3gxo SAH 350 C,SAH,SAH,0.628027259248,0.628027259248,0.0,True,1,2.29999995232,0.91
3gxo SAH 350 B,SAH,SAH,0.793850975764,0.793850975764,0.0,True,1,2.29999995232,0.962
3gxo SAH 350 A,SAH,SAH,0.489717614795,0.489717614795,0.0,True,1,2.29999995232,0.965
3gxn SO4 1 A,SO4,SO4,0.939372296228,0.939372296228,0.0,True,1,3.0,0.968
3gxm SO4 506 A,SO4,SO4,0.959103251845,0.959103251845,0.0,True,1,2.20000004768,0.96
3gxm SO4 505 C,SO4,SO4,0.547324145365,0.547324145365,0.0,True,1,2.20000004768,0.94
3gxm SO4 505 B,GOL,SO4,0.55193903481,0.327351504428,0.224587530382,False,2,2.20000004768,0.887
3gxm SO4 505 A,SO4,SO4,0.408615723966,0.408615723966,0.0,True,1,2.20000004768,0.943
3gxm SO4 504 D,SO4,SO4,0.511768462168,0.511768462168,0.0,True,1,2.20000004768,0.954
3gxm SO4 504 C,SO4,SO4,0.871724236941,0.871724236941,0.0,True,1,2.20000004768,0.969
3gxm SO4 504 B,DMS,SO4,0.449300467302,0.309851490459,0.139448976842,False,2,2.20000004768,0.968
3gxm SO4 504 A,SO4,SO4,0.852602630586,0.852602630586,0.0,True,1,2.20000004768,0.933
3gxm SO4 503 D,SO4,SO4,0.704057580631,0.704057580631,0.0,True,1,2.20000004768,0.967
3gxm SO4 503 C,SO4,SO4,0.807158761234,0.807158761234,0.0,True,1,2.20000004768,0.953
3gxm SO4 503 B,SO4,SO4,0.611572951833,0.611572951833,0.0,True,1,2.20000004768,0.971
3gxm SO4 503 A,SO4,SO4,0.766790165092,0.766790165092,0.0,True,1,2.20000004768,0.92
3gxm SO4 502 D,SO4,SO4,0.888283353388,0.888283353388,0.0,True,1,2.20000004768,0.981
3gxm SO4 502 C,SO4,SO4,0.604300890256,0.604300890256,0.0,True,1,2.20000004768,0.976
3gxm SO4 502 B,SO4,SO4,0.763608058868,0.763608058868,0.0,True,1,2.20000004768,0.942
3gxm SO4 502 A,SO4,SO4,0.782097096432,0.782097096432,0.0,True,1,2.20000004768,0.98
3gxm SO4 501 D,SO4,SO4,0.838190508066,0.838190508066,0.0,True,1,2.20000004768,0.969
3gxm SO4 501 C,SO4,SO4,0.936378332181,0.936378332181,0.0,True,1,2.20000004768,0.969
3gxm SO4 501 B,SO4,SO4,0.877060346128,0.877060346128,0.0,True,1,2.20000004768,0.973
3gxm SO4 501 A,SO4,SO4,0.932083507856,0.932083507856,0.0,True,1,2.20000004768,0.97
3gxm SO4 500 D,SO4,SO4,0.847345773388,0.847345773388,0.0,True,1,2.20000004768,0.985
3gxm SO4 500 C,SO4,SO4,0.728078635954,0.728078635954,0.0,True,1,2.20000004768,0.993
3gxm SO4 500 B,SO4,SO4,0.934783142292,0.934783142292,0.0,True,1,2.20000004768,0.984
3gxm SO4 500 A,SO4,SO4,0.869740105242,0.869740105242,0.0,True,1,2.20000004768,0.988
3gxm SO4 499 D,SO4,SO4,0.758941460545,0.758941460545,0.0,True,1,2.20000004768,0.987
3gxm SO4 499 C,SO4,SO4,0.921486671351,0.921486671351,0.0,True,1,2.20000004768,0.988
3gxm SO4 499 B,SO4,SO4,0.663116841423,0.663116841423,0.0,True,1,2.20000004768,0.981
3gxm SO4 499 A,SO4,SO4,0.660272609143,0.660272609143,0.0,True,1,2.20000004768,0.988
3gxh SO4 7 A,EDO,SO4,0.61953547509,0.152368348143,0.467167126947,False,2,1.39999997616,0.901
3gxh SO4 6 A,SO4,SO4,0.440649416642,0.440649416642,0.0,True,1,1.39999997616,0.951
3gxh SO4 5 A,SO4,SO4,0.679863894012,0.679863894012,0.0,True,1,1.39999997616,0.993
3gxh SO4 4 B,SO4,SO4,0.93291617361,0.93291617361,0.0,True,1,1.39999997616,0.992
3gxg SO4 209 A,SO4,SO4,0.856247567774,0.856247567774,0.0,True,1,1.60000002384,0.958
3gxg SO4 208 A,SO4,SO4,0.729534565866,0.729534565866,0.0,True,1,1.60000002384,0.932
3gxg SO4 207 B,SO4,SO4,0.749362347436,0.749362347436,0.0,True,1,1.60000002384,0.958
3gxg SO4 206 D,SO4,SO4,0.624532560236,0.624532560236,0.0,True,1,1.60000002384,0.96
3gxg SO4 205 C,SO4,SO4,0.888974541487,0.888974541487,0.0,True,1,1.60000002384,0.935
3gxg SO4 204 D,SO4,SO4,0.966497549281,0.966497549281,0.0,True,1,1.60000002384,0.984
3gxg SO4 203 C,SO4,SO4,0.978275588604,0.978275588604,0.0,True,1,1.60000002384,0.994
3gxg SO4 202 B,SO4,SO4,0.963264196668,0.963264196668,0.0,True,1,1.60000002384,0.995
3gxg SO4 201 A,SO4,SO4,0.981771422404,0.981771422404,0.0,True,1,1.60000002384,0.995
3gxf PO4 500 B,SO4,PO4,0.860783377932,0.0617948032193,0.798988574713,False,2,2.40000009537,0.983
3gxf PO4 500 A,SO4,PO4,0.882788142824,0.0518495798071,0.830938563017,False,2,2.40000009537,0.987
3gxf PO4 499 D,SO4,PO4,0.887049800448,0.02443654905,0.862613251398,False,2,2.40000009537,0.982
3gxf PO4 499 C,SO4,PO4,0.678973490246,0.124597858805,0.554375631441,False,2,2.40000009537,0.978
3gxf PO4 499 B,SO4,PO4,0.814516750078,0.14247185567,0.672044894408,False,2,2.40000009537,0.984
3gxf PO4 499 A,SO4,PO4,0.547982291549,0.0981298009095,0.449852490639,False,3,2.40000009537,0.981
3gxf PO4 498 D,SO4,PO4,0.79688951147,0.147251601204,0.649637910265,False,2,2.40000009537,0.989
3gxf PO4 498 C,SO4,PO4,0.89493248804,0.0616206194564,0.833311868584,False,2,2.40000009537,0.994
3gxf PO4 498 B,SO4,PO4,0.799146951154,0.0211792164511,0.777967734703,False,3,2.40000009537,0.992
3gxf PO4 498 A,SO4,PO4,0.938802686721,0.0290839133609,0.90971877336,False,2,2.40000009537,0.991
3gxf GOL 519 B,GOL,GOL,0.493994759675,0.493994759675,0.0,True,1,2.40000009537,0.897
3gxf GOL 518 B,GOL,GOL,0.264712779266,0.264712779266,0.0,True,1,2.40000009537,0.952
3gxf GOL 517 A,GOL,GOL,0.688239405122,0.688239405122,0.0,True,1,2.40000009537,0.94
3gxf GOL 514 C,EDO,GOL,0.501766877778,0.278109696818,0.22365718096,False,2,2.40000009537,0.964
3gxd PO4 514 A,SO4,PO4,0.737243566807,0.174514301356,0.562729265451,False,2,2.5,0.912
3gxd PO4 512 A,SO4,PO4,0.36795863915,0.0153467021684,0.352611936982,False,7,2.5,0.859
3gxd PO4 511 C,SO4,PO4,0.846044114293,0.0743144562439,0.77172965805,False,2,2.5,0.946
3gxd PO4 510 A,SO4,PO4,0.767025666668,0.0517969521156,0.715228714553,False,3,2.5,0.94
3gxd PO4 509 C,SO4,PO4,0.834538940328,0.0200940626099,0.814444877718,False,3,2.5,0.913
3gxd PO4 509 A,SO4,PO4,0.223486387447,0.0267589453856,0.196727442061,False,7,2.5,0.879
3gxd PO4 508 D,SO4,PO4,0.671180731212,0.0165047061697,0.654676025042,False,4,2.5,0.948
3gxd PO4 508 C,GOL,PO4,0.216024400674,0.0550264710947,0.16099792958,False,5,2.5,0.879
3gxd PO4 507 D,SO4,PO4,0.878264041094,0.0263953957563,0.851868645337,False,3,2.5,0.905
3gxd PO4 507 C,PO4,PO4,0.161939843182,0.161939843182,0.0,True,1,2.5,0.927
3gxd PO4 507 B,SO4,PO4,0.55691886503,0.025523341912,0.531395523118,False,4,2.5,0.946
3gxd PO4 507 A,SEP,PO4,0.141703448059,0.115698124493,0.0260053235666,False,3,2.5,0.909
3gxd PO4 506 D,NAG,PO4,0.107894908186,0.00513462424301,0.102760283943,False,44,2.5,0.878
3gxd PO4 506 C,SO4,PO4,0.675010581988,0.0723851052204,0.602625476768,False,3,2.5,0.926
3gxd PO4 506 B,SO4,PO4,0.863336607945,0.0548036030764,0.808533004869,False,2,2.5,0.954
3gxd PO4 506 A,SO4,PO4,0.45710268506,0.0235989754598,0.4335037096,False,4,2.5,0.823
3gxd PO4 505 D,SO4,PO4,0.396684139846,0.0402819835522,0.356402156294,False,3,2.5,0.947
3gxd PO4 505 C,SO4,PO4,0.915619221335,0.0443648685154,0.87125435282,False,2,2.5,0.951
3gxd PO4 505 B,SO4,PO4,0.475007097082,0.0606067752461,0.414400321836,False,2,2.5,0.952
3gxd PO4 505 A,SO4,PO4,0.927820212997,0.0322125048243,0.895607708173,False,2,2.5,0.925
3gxd PO4 504 D,SO4,PO4,0.922363309514,0.0164073665501,0.905955942964,False,2,2.5,0.945
3gxd PO4 504 C,SO4,PO4,0.379640088759,0.087605417321,0.292034671438,False,3,2.5,0.92
3gxd PO4 504 B,SO4,PO4,0.780955474113,0.0734032318152,0.707552242297,False,2,2.5,0.92
3gxd PO4 504 A,SO4,PO4,0.873821665003,0.0193970700897,0.854424594913,False,3,2.5,0.892
3gxd PO4 503 D,SO4,PO4,0.795946719172,0.0913386266884,0.704608092483,False,2,2.5,0.869
3gxd PO4 503 C,SO4,PO4,0.778111180892,0.0479778940686,0.730133286824,False,2,2.5,0.97
3gxd PO4 503 B,SO4,PO4,0.928384982478,0.0312810967878,0.89710388569,False,2,2.5,0.966
3gxd PO4 503 A,SO4,PO4,0.947298052557,0.0227623321213,0.924535720436,False,2,2.5,0.967
3gxd PO4 502 D,SO4,PO4,0.945385934242,0.0240583055856,0.921327628656,False,2,2.5,0.946
3gxd PO4 502 C,SO4,PO4,0.766018340674,0.0663156632329,0.699702677441,False,2,2.5,0.935
3gxd PO4 502 B,SO4,PO4,0.894695098649,0.0146992287486,0.8799958699,False,3,2.5,0.946
3gxd PO4 502 A,SO4,PO4,0.927038729275,0.0369386283627,0.890100100913,False,2,2.5,0.976
3gxd PO4 501 D,SO4,PO4,0.845075698185,0.0510219363607,0.794053761824,False,2,2.5,0.952
3gxd PO4 501 C,SO4,PO4,0.825568361949,0.125281070004,0.700287291945,False,2,2.5,0.969
3gxd PO4 501 B,SO4,PO4,0.8456330859,0.0983915158624,0.747241570038,False,2,2.5,0.956
3gxd PO4 501 A,SO4,PO4,0.925211715268,0.0340281392564,0.891183576012,False,2,2.5,0.972
3gxd PO4 500 D,SO4,PO4,0.87550004786,0.0144951735857,0.861004874274,False,2,2.5,0.969
3gxd PO4 500 C,SO4,PO4,0.866096922429,0.0907276080864,0.775369314343,False,2,2.5,0.991
3gxd PO4 500 B,SO4,PO4,0.856312939464,0.0454374608025,0.810875478662,False,2,2.5,0.985
3gxd PO4 500 A,SO4,PO4,0.915037043266,0.0449001204113,0.870136922855,False,2,2.5,0.974
3gxd PO4 499 D,SO4,PO4,0.880166045338,0.0654938498917,0.814672195447,False,2,2.5,0.983
3gxd PO4 499 C,SO4,PO4,0.938057524118,0.0126743711588,0.925383152959,False,2,2.5,0.979
3gxd PO4 499 B,SO4,PO4,0.77637575975,0.0259028486058,0.750472911144,False,3,2.5,0.914
3gxd PO4 499 A,SO4,PO4,0.909575529032,0.053534236175,0.856041292857,False,2,2.5,0.981
3gxd PO4 498 D,SO4,PO4,0.695525745382,0.0637563001927,0.63176944519,False,3,2.5,0.972
3gxd PO4 498 C,SO4,PO4,0.81968979631,0.0201784138427,0.799511382467,False,3,2.5,0.959
3gxd PO4 498 B,SO4,PO4,0.842961124668,0.0869856782468,0.755975446421,False,2,2.5,0.87
3gxd PO4 498 A,SO4,PO4,0.812542805816,0.0287935046261,0.78374930119,False,3,2.5,0.945
3gxb SO4 1 B,DMS,SO4,0.483873908761,0.193638007077,0.290235901684,False,2,1.89999997616,0.965
3gxa SO4 9 C,SO4,SO4,0.843605252336,0.843605252336,0.0,True,1,2.29999995232,0.743
3gxa SO4 8 B,SO4,SO4,0.71346760153,0.71346760153,0.0,True,1,2.29999995232,0.916
3gxa SO4 7 A,SO4,SO4,0.921643481215,0.921643481215,0.0,True,1,2.29999995232,0.978
3gxa SO4 6 F,SO4,SO4,0.902582667821,0.902582667821,0.0,True,1,2.29999995232,0.963
3gxa SO4 5 E,GOL,SO4,0.312153053309,0.301102790309,0.0110502629999,False,2,2.29999995232,0.856
3gxa SO4 4 D,SO4,SO4,0.690835128123,0.690835128123,0.0,True,1,2.29999995232,0.991
3gxa SO4 3 B,SO4,SO4,0.661568560174,0.661568560174,0.0,True,1,2.29999995232,0.882
3gxa SO4 2 B,GOL,SO4,0.319541096767,0.172499256846,0.147041839921,False,2,2.29999995232,0.835
3gxa SO4 16 A,SO4,SO4,0.351630354062,0.351630354062,0.0,True,1,2.29999995232,0.878
3gxa SO4 14 B,SO4,SO4,0.559543580813,0.559543580813,0.0,True,1,2.29999995232,0.905
3gxa SO4 13 D,SO4,SO4,0.41399239621,0.41399239621,0.0,True,1,2.29999995232,0.977
3gxa SO4 12 D,SO4,SO4,0.375773700743,0.375773700743,0.0,True,1,2.29999995232,0.905
3gxa SO4 11 F,SO4,SO4,0.57786249623,0.57786249623,0.0,True,1,2.29999995232,0.939
3gxa SO4 10 D,SO4,SO4,0.89623492454,0.89623492454,0.0,True,1,2.29999995232,0.893
3gxa SO4 1 B,SO4,SO4,0.853518485002,0.853518485002,0.0,True,1,2.29999995232,0.979
3gx8 SO4 2 A,SO4,SO4,0.952999230997,0.952999230997,0.0,True,1,1.70000004768,0.992
3gx8 SO4 1 A,SO4,SO4,0.369383557401,0.369383557401,0.0,True,1,1.70000004768,0.917
3gx7 SAM 301 A,ANP_MG,SAM,0.279519088418,0.168705661003,0.110813427415,False,2,3.0,0.967
3gx6 SAM 301 A,FAD,SAM,0.274938244575,0.0104946038452,0.26444364073,False,11,2.79999995232,0.922
3gx5 SAM 301 A,SUC,SAM,0.170710347296,0.0596783311271,0.111032016169,False,4,2.40000009537,0.962
3gx3 SAH 301 A,GTP_MG,SAH,0.221597461587,0.00678750553241,0.214809956055,False,19,2.70000004768,0.957
3gx1 SO4 710 B,GOL,SO4,0.349945218572,0.19314343301,0.156801785562,False,3,2.29999995232,0.887
3gx1 SO4 709 A,GOL,SO4,0.272924791653,0.203819734006,0.0691050576471,False,2,2.29999995232,0.773
3gx1 SO4 708 A,GOL,SO4,0.37787098068,0.100588730521,0.277282250159,False,2,2.29999995232,0.917
3gx1 SO4 707 A,SO4,SO4,0.79060815848,0.79060815848,0.0,True,1,2.29999995232,0.919
3gx1 SO4 706 B,SO4,SO4,0.731988057533,0.731988057533,0.0,True,1,2.29999995232,0.852
3gx1 SO4 705 B,SO4,SO4,0.746830972205,0.746830972205,0.0,True,1,2.29999995232,0.815
3gx1 SO4 704 A,SO4,SO4,0.49665220946,0.49665220946,0.0,True,1,2.29999995232,0.758
3gx1 SO4 703 B,SO4,SO4,0.80201179528,0.80201179528,0.0,True,1,2.29999995232,0.894
3gx1 SO4 702 A,SO4,SO4,0.851851627463,0.851851627463,0.0,True,1,2.29999995232,0.917
3gx1 SO4 701 B,SO4,SO4,0.85771473337,0.85771473337,0.0,True,1,2.29999995232,0.966
3gwz SAH 354 D,SAH,SAH,0.657525272989,0.657525272989,0.0,True,1,1.89999997616,0.974
3gwz SAH 352 A,SAH,SAH,0.918852071624,0.918852071624,0.0,True,1,1.89999997616,0.97
3gwz SAH 351 C,SAH,SAH,0.849156677515,0.849156677515,0.0,True,1,1.89999997616,0.965
3gwz SAH 351 B,SAH,SAH,0.430217040493,0.430217040493,0.0,True,1,1.89999997616,0.971
3gwr PG4 146 B,GOL,PG4,0.320962667141,0.00394716838429,0.317015498757,False,22,2.0,0.737
3gwr PG4 145 A,SO4,PG4,0.534527174713,0.00229288283732,0.532234291876,False,16,2.0,0.792
3gwr PG4 144 B,PGE,PG4,0.145464460272,0.0533920544042,0.0920724058675,False,6,2.0,0.72
3gwr PG4 144 A,EDO,PG4,0.374212581897,0.0250542051549,0.349158376742,False,7,2.0,0.681
3gwq GOL 427 B,MPD,GOL,0.31298028332,0.16704520248,0.14593508084,False,2,2.0,0.662
3gwq GOL 426 B,GOL,GOL,0.333991089215,0.333991089215,0.0,True,1,2.0,0.884
3gwq GOL 426 A,GOL,GOL,0.454369123377,0.454369123377,0.0,True,1,2.0,0.784
3gwp LLP 243 D,FAD,LLP,0.590320236063,0.170018238925,0.420301997137,False,2,2.90000009537,0.944
3gwp LLP 243 C,SO4,LLP,0.172624329269,0.0256377094804,0.146986619788,False,7,2.90000009537,0.943
3gwm SO4 132 A,SO4,SO4,0.825905258718,0.825905258718,0.0,True,1,1.70000004768,0.955
3gwm SO4 131 A,SO4,SO4,0.912475406178,0.912475406178,0.0,True,1,1.70000004768,0.978
3gwj FMT 2006 F,SO4,FMT,0.313192570043,0.00660392524718,0.306588644796,False,10,2.40000009537,0.986
3gwj FMT 2005 E,SO4,FMT,0.336336428061,0.000442106462057,0.335894321599,False,182,2.40000009537,0.983
3gwj FMT 2004 C,SO4,FMT,0.464502564789,0.100505135996,0.363997428793,False,2,2.40000009537,0.983
3gwj FMT 2003 A,ACT,FMT,0.252640458391,0.00265927634593,0.249981182046,False,18,2.40000009537,0.994
3gwj FMT 2002 B,FMT,FMT,0.686932195948,0.686932195948,0.0,True,1,2.40000009537,0.984
3gwj FMT 2001 D,EDO,FMT,0.331407268603,0.156426353218,0.174980915386,False,3,2.40000009537,0.991
3gwi SO4 2 A,SO4,SO4,0.891835338495,0.891835338495,0.0,True,1,1.5,0.963
3gwi SO4 1 A,SO4,SO4,0.94641797336,0.94641797336,0.0,True,1,1.5,0.985
3gwh PO4 112 B,SO4,PO4,0.274410881124,0.0652845641875,0.209126316936,False,4,1.89999997616,0.925
3gwh PO4 112 A,SO4,PO4,0.872980795152,0.0450319886936,0.827948806458,False,2,1.89999997616,0.954
3gwg SO4 128 A,SO4,SO4,0.681295807638,0.681295807638,0.0,True,1,1.79999995232,0.991
3gwc GOL 261 C,BTB,GOL,0.231334335093,0.0308577159021,0.200476619191,False,5,1.89999997616,0.808
3gw8 PG4 501 B,PEG,PG4,0.380571971595,0.100735060934,0.279836910661,False,3,1.89999997616,0.84
3gw8 PG4 501 A,PEG,PG4,0.296001355949,0.120018524987,0.175982830962,False,2,1.89999997616,0.793
3gw5 GOL 504 B,GOL,GOL,0.528727829732,0.528727829732,0.0,True,1,2.0,0.85
3gw5 GOL 503 A,MPD,GOL,0.226253201625,0.195775578425,0.0304776231998,False,2,2.0,0.838
3gw5 GOL 502 A,MPD,GOL,0.598924651999,0.135017381521,0.463907270478,False,2,2.0,0.802
3gw5 GOL 500 A,SO4,GOL,0.67805421951,0.0430855876581,0.634968631852,False,3,2.0,0.802
3gvt GOL 1058 A,SO4,GOL,0.63187862513,0.105526501146,0.526352123985,False,2,2.79999995232,0.707
3gvt GOL 1057 A,SO4,GOL,0.619978588384,0.0458114532982,0.574167135085,False,3,2.79999995232,0.759
3gvt DTT 1 A,SEP,DTT,0.102078882957,0.00947801676445,0.0926008661928,False,17,2.79999995232,0.909
3gvo GOL 1057 A,PEG,GOL,0.259287318826,0.25490265871,0.00438466011565,False,2,1.60000002384,0.844
3gvo GOL 1 A,GOL,GOL,0.980816147703,0.980816147703,0.0,True,1,1.60000002384,0.941
3gvl SIA 1 A,SIA,SIA,0.255497813015,0.255497813015,0.0,True,1,1.39999997616,0.863
3gvk SIA 912 A,NAG,SIA,0.678246269857,0.00331233135343,0.674933938504,False,9,1.79999995232,0.872
3gvg GOL 301 B,GOL,GOL,0.468988818601,0.468988818601,0.0,True,1,1.60000002384,0.811
3gvg GOL 300 B,EDO,GOL,0.569030446257,0.242649852629,0.326380593627,False,2,1.60000002384,0.89
3gvg GOL 300 A,GOL,GOL,0.313911271394,0.313911271394,0.0,True,1,1.60000002384,0.879
3gvf PO4 176 A,EDO,PO4,0.377786113949,0.00267635430912,0.37510975964,False,17,1.70000004768,0.909
3gvb PO4 3 A,SO4,PO4,0.734812287695,0.0333137597957,0.7014985279,False,4,1.79999995232,0.895
3gv9 PO4 362 A,SO4,PO4,0.928981368501,0.0277523944775,0.901228974023,False,2,1.79999995232,0.933
3gv9 PO4 3 B,SO4,PO4,0.301019228435,0.271491989486,0.0295272389489,False,2,1.79999995232,0.897
3gv9 PO4 2 B,SO4,PO4,0.28380125593,0.140764087556,0.143037168373,False,4,1.79999995232,0.922
3gv6 M3L 9 B,M3L,M3L,0.863054015245,0.863054015245,0.0,True,1,1.79999995232,0.946
3gux ACT 335 B,SO4,ACT,0.37678998681,0.0327567779377,0.344033208873,False,4,1.79999995232,0.931
3guu SO4 443 B,SO4,SO4,0.797727008765,0.797727008765,0.0,True,1,2.09999990463,0.957
3guu GOL 443 A,SO4,GOL,0.589069977347,0.0577531392715,0.531316838075,False,3,2.09999990463,0.812
3gus MES 212 B,GOL,MES,0.565826710913,0.00416826871358,0.5616584422,False,15,1.5,0.922
3gus MES 212 A,MES,MES,0.973402176759,0.973402176759,0.0,True,1,1.5,0.936
3gul ACT 166 A,EDO,ACT,0.417693700508,0.177674746389,0.240018954119,False,2,2.09999990463,0.759
3guk ACT 166 B,SO4,ACT,0.385462379787,0.204111541273,0.181350838513,False,2,1.89999997616,0.909
3guk ACT 165 B,EDO,ACT,0.301212384824,0.267432719078,0.0337796657469,False,2,1.89999997616,0.913
3guj SO4 168 A,GOL,SO4,0.318779661299,0.0802503162054,0.238529345093,False,3,1.60000002384,0.829
3guj EPE 167 A,GOL,EPE,0.239077818564,0.00217332051827,0.236904498046,False,28,1.60000002384,0.874
3gue SO4 488 A,SO4,SO4,0.823103948773,0.823103948773,0.0,True,1,1.89999997616,0.98
3gue SO4 487 B,EDO,SO4,0.357901231415,0.158711232765,0.199189998651,False,2,1.89999997616,0.965
3gue SO4 487 A,GOL,SO4,0.345196761125,0.300988770072,0.0442079910524,False,2,1.89999997616,0.88
3gue SO4 485 B,SO4,SO4,0.886859819531,0.886859819531,0.0,True,1,1.89999997616,0.927
3gue SO4 484 B,SO4,SO4,0.310363389449,0.310363389449,0.0,True,1,1.89999997616,0.89
3gue GOL 490 A,PEG,GOL,0.323654553037,0.236361336316,0.0872932167215,False,2,1.89999997616,0.941
3gue GOL 489 B,GOL,GOL,0.35454791814,0.35454791814,0.0,True,1,1.89999997616,0.952
3gue GOL 486 A,GOL,GOL,0.533613390071,0.533613390071,0.0,True,1,1.89999997616,0.952
3gue GOL 485 A,SO4,GOL,0.417050923264,0.0742284655014,0.342822457763,False,4,1.89999997616,0.948
3guc ANP 402 A,SO4,ANP,0.270602354259,0.0010299296925,0.269572424567,False,81,2.29999995232,0.866
3gub SO4 297 A,SO4,SO4,0.863470007302,0.863470007302,0.0,True,1,1.70000004768,0.935
3gua SO4 304 B,SO4,SO4,0.814232079642,0.814232079642,0.0,True,1,3.09999990463,0.981
3gua SO4 304 A,MLY,SO4,0.510482909229,0.144717365681,0.365765543548,False,3,3.09999990463,0.96
3gua SO4 303 F,NAG,SO4,0.22130899936,0.0778637341191,0.143445265241,False,4,3.09999990463,0.948
3gua SO4 303 C,SO4,SO4,0.336098223342,0.336098223342,0.0,True,1,3.09999990463,0.948
3gua SO4 303 A,DMS,SO4,0.803035743689,0.10308721827,0.699948525419,False,2,3.09999990463,0.972
3gua SO4 302 J,SO4,SO4,0.590956434235,0.590956434235,0.0,True,1,3.09999990463,0.946
3gua SO4 302 I,SO4,SO4,0.890681169146,0.890681169146,0.0,True,1,3.09999990463,0.967
3gua SO4 302 H,SO4,SO4,0.925223001579,0.925223001579,0.0,True,1,3.09999990463,0.941
3gua SO4 302 E,SO4,SO4,0.796668986939,0.796668986939,0.0,True,1,3.09999990463,0.957
3gua SO4 302 D,SO4,SO4,0.844394683297,0.844394683297,0.0,True,1,3.09999990463,0.974
3gua SO4 302 A,SO4,SO4,0.745029115187,0.745029115187,0.0,True,1,3.09999990463,0.964
3gua SO4 301 J,SO4,SO4,0.885067534277,0.885067534277,0.0,True,1,3.09999990463,0.964
3gua SO4 301 I,SO4,SO4,0.930929904832,0.930929904832,0.0,True,1,3.09999990463,0.967
3gua SO4 301 H,SO4,SO4,0.912710127479,0.912710127479,0.0,True,1,3.09999990463,0.835
3gua SO4 301 G,SO4,SO4,0.932519811881,0.932519811881,0.0,True,1,3.09999990463,0.942
3gua SO4 301 F,SO4,SO4,0.581206793024,0.581206793024,0.0,True,1,3.09999990463,0.952
3gua SO4 301 E,SO4,SO4,0.943590492566,0.943590492566,0.0,True,1,3.09999990463,0.971
3gua SO4 301 D,SO4,SO4,0.749585668263,0.749585668263,0.0,True,1,3.09999990463,0.968
3gua SO4 301 C,SO4,SO4,0.935835871329,0.935835871329,0.0,True,1,3.09999990463,0.956
3gua SO4 301 B,SO4,SO4,0.707488529808,0.707488529808,0.0,True,1,3.09999990463,0.967
3gua SO4 301 A,SO4,SO4,0.90893059418,0.90893059418,0.0,True,1,3.09999990463,0.973
3gu4 ANP 296 A,AMP,ANP,0.282943960631,0.00250844615432,0.280435514476,False,40,1.39999997616,0.922
3gu3 SAH 401 B,SAM,SAH,0.477939262942,0.288768377665,0.189170885278,False,2,2.29999995232,0.951
3gu3 SAH 401 A,SAM,SAH,0.493706592434,0.194558714005,0.299147878429,False,2,2.29999995232,0.955
3gu3 ACT 302 B,ACT,ACT,0.46073817764,0.46073817764,0.0,True,1,2.29999995232,0.989
3gu3 ACT 302 A,ACT,ACT,0.487516957775,0.487516957775,0.0,True,1,2.29999995232,0.985
3gu1 GOL 1 A,GOL,GOL,0.321562365147,0.321562365147,0.0,True,1,2.0,0.823
3gtz GOL 123 C,SO4,GOL,0.377727681861,0.316605731735,0.0611219501255,False,2,2.5,0.892
3gth FMT 3 A,GOL,FMT,0.215976659337,0.00410286020065,0.211873799137,False,12,2.0,0.951
3gth FMT 2 A,SO4,FMT,0.594435509183,0.0508662952115,0.543569213971,False,3,2.0,0.973
3gte ACT 653 B,SO4,ACT,0.59872627657,0.0764030956118,0.522323180958,False,2,2.0,0.981
3gte ACT 651 A,SO4,ACT,0.752006030621,0.0308173457437,0.721188684877,False,3,2.0,0.946
3gtc PO4 1 A,SO4,PO4,0.849073902474,0.0720795009401,0.776994401534,False,2,1.89999997616,0.914
3gt4 SO4 309 A,SO4,SO4,0.982167763705,0.982167763705,0.0,True,1,1.79999995232,0.983
3gt3 SO4 321 A,SO4,SO4,0.983677309637,0.983677309637,0.0,True,1,1.5,0.994
3gt3 SO4 311 A,SO4,SO4,0.158617803787,0.158617803787,0.0,True,1,1.5,0.95
3gt2 SO4 207 A,SO4,SO4,0.828494061127,0.828494061127,0.0,True,1,1.70000004768,0.959
3gt2 SO4 206 A,SO4,SO4,0.788987494512,0.788987494512,0.0,True,1,1.70000004768,0.939
3gsn SO4 800 L,SO4,SO4,0.801364168969,0.801364168969,0.0,True,1,2.79999995232,0.921
3gsm GOL 344 A,ACT,GOL,0.260530764102,0.0995996605094,0.160931103593,False,5,2.40000009537,0.893
3gsh ASY 302 A,ACT_ZN,ZN,0.887005405477,0.0232607315843,0.863744673892,False,2,1.79999995232,0.848
3gsg PO4 2 A,SO4,PO4,0.354562968539,0.011783496391,0.342779472148,False,7,2.09999990463,0.898
3gsg PO4 1 A,SO4,PO4,0.813319629346,0.0495343005181,0.763785328827,False,2,2.09999990463,0.902
3gse SO4 458 A,SO4,SO4,0.603922376676,0.603922376676,0.0,True,1,2.29999995232,0.881
3gse SO4 457 A,SO4,SO4,0.480882122304,0.480882122304,0.0,True,1,2.29999995232,0.914
3gse SO4 456 A,SO4,SO4,0.91510754207,0.91510754207,0.0,True,1,2.29999995232,0.99
3gsd EPE 125 L,SO4,EPE,0.746497324963,0.00201754803979,0.744479776923,False,11,2.09999990463,0.875
3gsd EPE 125 F,EPE,EPE,0.686111705635,0.686111705635,0.0,True,1,2.09999990463,0.945
3gsd EPE 124 L,EPE,EPE,0.403053752237,0.403053752237,0.0,True,1,2.09999990463,0.955
3gsd EPE 124 I,EPE,EPE,0.434733471565,0.434733471565,0.0,True,1,2.09999990463,0.958
3gsd EPE 124 A,EPE,EPE,0.937137142351,0.937137142351,0.0,True,1,2.09999990463,0.937
3gsd EPE 123 G,EPE,EPE,0.611082501084,0.611082501084,0.0,True,1,2.09999990463,0.933
3gsd EPE 123 D,EPE,EPE,0.302937211251,0.302937211251,0.0,True,1,2.09999990463,0.95
3gsd EPE 123 C,EPE,EPE,0.943101611054,0.943101611054,0.0,True,1,2.09999990463,0.963
3gsd EPE 123 B,EPE,EPE,0.869021959468,0.869021959468,0.0,True,1,2.09999990463,0.951
3gsd EPE 122 K,EPE,EPE,0.43879115229,0.43879115229,0.0,True,1,2.09999990463,0.943
3gsd EPE 122 J,EPE,EPE,0.590367232933,0.590367232933,0.0,True,1,2.09999990463,0.953
3gsd EPE 122 H,EPE,EPE,0.522036150058,0.522036150058,0.0,True,1,2.09999990463,0.946
3gsd EPE 122 E,EPE,EPE,0.529709866015,0.529709866015,0.0,True,1,2.09999990463,0.935
3gs6 GOL 342 A,GOL,GOL,0.558399002082,0.558399002082,0.0,True,1,2.29999995232,0.922
3gs2 SO4 2 B,SO4,SO4,0.741073655948,0.741073655948,0.0,True,1,1.70000004768,0.917
3gs2 SO4 1 A,SO4,SO4,0.791430101683,0.791430101683,0.0,True,1,1.70000004768,0.958
3gs1 SO4 103 A,SO4,SO4,0.436544721403,0.436544721403,0.0,True,1,2.79999995232,0.641
3gry SAM 300 A,NAD,SAM,0.169340829797,0.00212334990531,0.167217479892,False,76,2.20000004768,0.877
3gry PO4 276 A,SO4,PO4,0.37418249687,0.0365971584052,0.337585338465,False,5,2.20000004768,0.899
3grw SO4 222 H,SO4,SO4,0.481241052128,0.481241052128,0.0,True,1,2.09999990463,0.958
3grv SO4 277 A,SO4,SO4,0.671098284837,0.671098284837,0.0,True,1,1.89999997616,0.925
3grv SO4 276 A,SO4,SO4,0.693047713556,0.693047713556,0.0,True,1,1.89999997616,0.939
3grv ADN 300 A,SAH,ADN,0.318340706482,0.135391602047,0.182949104435,False,3,1.89999997616,0.898
3gru SO4 279 A,SO4,SO4,0.461607588634,0.461607588634,0.0,True,1,1.60000002384,0.84
3gru SO4 278 A,SO4,SO4,0.815119478628,0.815119478628,0.0,True,1,1.60000002384,0.934
3gru SO4 276 A,SO4,SO4,0.243060175141,0.243060175141,0.0,True,1,1.60000002384,0.842
3gru AMP 300 A,ADN,AMP,0.070359053663,0.00541747084887,0.0649415828142,False,30,1.60000002384,0.893
3grr SAH 300 A,SAH,SAH,0.624334220397,0.624334220397,0.0,True,1,1.79999995232,0.947
3grn GOL 155 B,SO4,GOL,0.660736678887,0.125200898138,0.535535780749,False,2,1.70000004768,0.889
3grn GOL 154 A,SO4,GOL,0.401107141443,0.22192412871,0.179183012733,False,2,1.70000004768,0.797
3grl PO4 652 A,SO4,PO4,0.682820471499,0.0423865659052,0.640433905594,False,3,2.0,0.969
3grj PO4 363 A,SO4,PO4,0.783125856026,0.114018800102,0.669107055924,False,2,2.5,0.913
3grj PO4 362 B,SO4,PO4,0.669315099706,0.0594728779003,0.609842221806,False,3,2.5,0.935
3grj PO4 362 A,NAG,PO4,0.26467125002,0.00442453207609,0.260246717944,False,23,2.5,0.86
3grj PO4 3 B,SO4,PO4,0.823499294666,0.0855256967654,0.737973597901,False,2,2.5,0.958
3grj PO4 2 A,SO4,PO4,0.333246018062,0.143111309089,0.190134708972,False,3,2.5,0.925
3grj PO4 1 B,SO4,PO4,0.573136251053,0.121747977157,0.451388273896,False,2,2.5,0.953
3grg GOL 133 D,GOL,GOL,0.635487526574,0.635487526574,0.0,True,1,1.89999997616,0.953
3grg GOL 132 B,MPD,GOL,0.336847933241,0.293280274136,0.0435676591045,False,2,1.89999997616,0.867
3grg ACT 132 D,SO4,ACT,0.295778874349,0.11966639851,0.176112475839,False,4,1.89999997616,0.949
3grg ACT 132 C,EDO,ACT,0.198535051874,0.130457883561,0.0680771683132,False,2,1.89999997616,0.672
3grg ACT 132 A,DMS,ACT,0.263045574215,0.195888458761,0.0671571154538,False,3,1.89999997616,0.883
3grg ACT 131 D,EDO,ACT,0.698024908132,0.0581865341292,0.639838374003,False,2,1.89999997616,0.859
3grg ACT 131 B,GOL,ACT,0.709780669483,0.0299118675604,0.679868801922,False,3,1.89999997616,0.851
3grd ACT 134 B,ACT,ACT,0.622027588222,0.622027588222,0.0,True,1,1.29999995232,0.972
3grd ACT 134 A,DMS,ACT,0.463834432005,0.0103280216146,0.45350641039,False,5,1.29999995232,0.992
3grb GOL 133 A,EDO,GOL,0.298268831593,0.0835632264652,0.214705605128,False,3,1.79999995232,0.652
3grb GOL 132 A,GOL,GOL,0.757708595528,0.757708595528,0.0,True,1,1.79999995232,0.873
3grb GOL 131 A,EDO,GOL,0.30263314923,0.0346662926066,0.267966856623,False,5,1.79999995232,0.829
3grb ACT 134 C,EDO,ACT,0.536423363072,0.0609996580224,0.47542370505,False,3,1.79999995232,0.882
3gra SO4 4 A,NCO,SO4,0.415145542278,0.0700430276492,0.345102514629,False,4,2.20000004768,0.92
3gr8 SO4 342 A,SO4,SO4,0.794764599772,0.794764599772,0.0,True,1,2.5,0.924
3gr8 BTB 343 A,TRS,BTB,0.407215712052,0.0280038167052,0.379211895347,False,6,2.5,0.793
3gr7 SO4 343 B,GOL,SO4,0.796041735129,0.0106550447382,0.785386690391,False,5,2.29999995232,0.82
3gr7 SO4 343 A,SO4,SO4,0.239258465673,0.239258465673,0.0,True,1,2.29999995232,0.896
3gr7 SO4 342 A,SO4,SO4,0.704151287178,0.704151287178,0.0,True,1,2.29999995232,0.895
3gr6 NAP 257 G,NAD,NAP,0.420714510493,0.142808433032,0.277906077461,False,2,2.29999995232,0.937
3gr6 NAP 257 D,NAP,NAP,0.766791598783,0.766791598783,0.0,True,1,2.29999995232,0.945
3gr5 SO4 3 A,SO4,SO4,0.388892338634,0.388892338634,0.0,True,1,2.09999990463,0.841
3gr5 SO4 2 A,SO4,SO4,0.867202539347,0.867202539347,0.0,True,1,2.09999990463,0.929
3gr5 SO4 1 A,SO4,SO4,0.881336767761,0.881336767761,0.0,True,1,2.09999990463,0.923
3gqy FBP 541 D,FBP,FBP,0.87067602205,0.87067602205,0.0,True,1,1.89999997616,0.978
3gqy FBP 541 B,ADP,FBP,0.352078633639,0.0690062861689,0.28307234747,False,3,1.89999997616,0.962
3gqy FBP 541 A,FBP,FBP,0.846889278824,0.846889278824,0.0,True,1,1.89999997616,0.947
3gqv NAP 372 A,NAP,NAP,0.522007285017,0.522007285017,0.0,True,1,1.70000004768,0.987
3gqv GOL 410 A,EDO,GOL,0.387256506194,0.294386022574,0.0928704836195,False,2,1.70000004768,0.867
3gqs PO4 107 A,SO4,PO4,0.549810551199,0.414961566397,0.134848984802,False,2,2.09999990463,0.986
3gqk ATP 1 A,GOL,ATP,0.110172769415,0.000439860466275,0.109732908948,False,199,2.5,0.886
3gqj SO4 309 A,SO4,SO4,0.626359737632,0.626359737632,0.0,True,1,1.89999997616,0.926
3gqj GOL 311 A,GOL,GOL,0.825315782311,0.825315782311,0.0,True,1,1.89999997616,0.734
3gqj GOL 310 A,EDO,GOL,0.605751019988,0.317606875469,0.288144144519,False,2,1.89999997616,0.901
3gqi PTR 766 A,SO4,PTR,0.447298602863,0.0637571325479,0.383541470315,False,3,2.5,0.955
3gqi PTR 653 A,SO4,PTR,0.327963174802,0.00787906290087,0.320084111901,False,10,2.5,0.887
3gqa PO4 692 A,TRS,PO4,0.227859696458,0.120756496922,0.107103199536,False,4,2.09999990463,0.879
3gq7 PO4 693 A,TRS,PO4,0.751043428111,0.00403712372568,0.747006304386,False,8,2.09999990463,0.704
3gps ACT 131 C,SO4,ACT,0.343003980797,0.171413242613,0.171590738184,False,2,1.79999995232,0.968
3gps ACT 131 B,EDO,ACT,0.303944351442,0.0816962639785,0.222248087463,False,4,1.79999995232,0.974
3gpk SO4 601 A,SO4,SO4,0.803602679542,0.803602679542,0.0,True,1,1.5,0.872
3gpk SO4 600 A,SO4,SO4,0.964754952766,0.964754952766,0.0,True,1,1.5,0.967
3gp9 PO4 139 F,SO4,PO4,0.798936886214,0.0941715834665,0.704765302747,False,2,1.79999995232,0.92
3gp9 PO4 139 E,SO4,PO4,0.754393286574,0.0783694005907,0.676023885983,False,2,1.79999995232,0.896
3gp9 PO4 139 D,SO4,PO4,0.829889085096,0.088723293096,0.741165792,False,2,1.79999995232,0.922
3gp9 PO4 139 C,SO4,PO4,0.559976347076,0.0258386600073,0.534137687069,False,5,1.79999995232,0.929
3gp9 PO4 139 B,EDO,PO4,0.394187150708,0.00238310877386,0.391804041934,False,8,1.79999995232,0.818
3gp9 PO4 139 A,SO4,PO4,0.751810185084,0.177853569951,0.573956615133,False,2,1.79999995232,0.959
3gp9 GDP 138 F,SO4,GDP,0.759703509162,0.000304590883294,0.759398918278,False,181,1.79999995232,0.838
3gp9 GDP 138 D,GOL,GDP,0.415854101573,0.00094821851642,0.414905883057,False,104,1.79999995232,0.73
3gp9 GDP 138 C,SO4,GDP,0.587277643382,0.00252246677161,0.58475517661,False,12,1.79999995232,0.82
3gp9 GDP 138 B,H4B,GDP,0.244463260945,0.00127427101397,0.243188989931,False,76,1.79999995232,0.84
3gp9 GDP 138 A,GOL,GDP,0.542873840676,0.000350857526725,0.542522983149,False,85,1.79999995232,0.83
3gp5 PG4 251 B,GOL,PG4,0.217101747724,0.0667634778036,0.150338269921,False,5,2.20000004768,0.867
3gp4 GOL 2 A,GOL,GOL,0.696256505669,0.696256505669,0.0,True,1,1.89999997616,0.893
3gp4 GOL 1 B,GOL,GOL,0.945284196352,0.945284196352,0.0,True,1,1.89999997616,0.912
3gp3 SEP 253 D,SO4,SEP,0.680277066705,0.000458505728596,0.679818560976,False,8,1.5,0.969
3gp3 SEP 253 C,SO4,SEP,0.761763554396,0.000454565605242,0.761308988791,False,9,1.5,0.967
3gp3 SEP 252 B,SO4,SEP,0.578715701771,0.00048270494911,0.578232996822,False,14,1.5,0.966
3gp3 SEP 252 A,SO4,SEP,0.349235246652,0.0029138852075,0.346321361445,False,23,1.5,0.966
3gp3 PG4 251 D,PG4,PG4,0.387168892954,0.387168892954,0.0,True,1,1.5,0.896
3gp3 PG4 251 C,PGE,PG4,0.630896637888,0.128484222967,0.502412414921,False,2,1.5,0.756
3gp3 PG4 250 B,PG4,PG4,0.229352297074,0.229352297074,0.0,True,1,1.5,0.883
3gov GOL 1 A,GOL,GOL,0.532674882593,0.532674882593,0.0,True,1,2.59999990463,0.892
3got ACT 96 A,GOL,ACT,0.505174519646,0.064823460276,0.44035105937,False,3,2.0,0.948
3goh GOL 316 A,GOL,GOL,0.767266527023,0.767266527023,0.0,True,1,1.5,0.889
3gog ACT 96 A,DMS,ACT,0.175121119672,0.107228506347,0.0678926133251,False,4,2.09999990463,0.909
3go4 SO4 278 A,DMS,SO4,0.51802232777,0.251533727431,0.266488600339,False,2,1.79999995232,0.923
3go4 SAH 277 A,SAH,SAH,0.973042115662,0.973042115662,0.0,True,1,1.79999995232,0.948
3go1 SO4 216 H,SO4,SO4,0.891287303783,0.891287303783,0.0,True,1,1.89999997616,0.984
3go1 SO4 215 H,SO4,SO4,0.747606024772,0.747606024772,0.0,True,1,1.89999997616,0.934
3go1 SO4 214 H,SO4,SO4,0.96823603987,0.96823603987,0.0,True,1,1.89999997616,0.95
3go1 SO4 210 L,SO4,SO4,0.723327359036,0.723327359036,0.0,True,1,1.89999997616,0.963
3go1 SO4 209 L,SO4,SO4,0.952031696377,0.952031696377,0.0,True,1,1.89999997616,0.979
3gny GOL 32 A,GOL,GOL,0.290839227688,0.290839227688,0.0,True,1,1.60000002384,0.826
3gny GOL 31 B,GOL,GOL,0.385944512794,0.385944512794,0.0,True,1,1.60000002384,0.768
3gnv GOL 580 B,GOL,GOL,0.653438687109,0.653438687109,0.0,True,1,2.79999995232,0.805
3gnv GOL 580 A,GOL,GOL,0.790196318572,0.790196318572,0.0,True,1,2.79999995232,0.925
3gnr GOL 1003 A,GOL,GOL,0.198777077487,0.198777077487,0.0,True,1,1.79999995232,0.719
3gnr GOL 1002 A,GOL,GOL,0.938515908754,0.938515908754,0.0,True,1,1.79999995232,0.748
3gnp GOL 1005 A,GOL,GOL,0.687803750156,0.687803750156,0.0,True,1,1.79999995232,0.747
3gnp GOL 1004 A,GOL,GOL,0.734065346358,0.734065346358,0.0,True,1,1.79999995232,0.855
3gnp GOL 1003 A,GOL,GOL,0.68847739358,0.68847739358,0.0,True,1,1.79999995232,0.922
3gnp GOL 1002 A,GOL,GOL,0.804610307515,0.804610307515,0.0,True,1,1.79999995232,0.891
3gno TRS 1001 A,GOL,TRS,0.351748662081,0.0434877676143,0.308260894467,False,3,1.79999995232,0.813
3gno GOL 1007 A,EDO,GOL,0.516634010918,0.312023817117,0.204610193801,False,2,1.79999995232,0.917
3gni ATP 1 B,ANP,ATP,0.399069746959,0.0114788995954,0.387590847363,False,7,2.40000009537,0.956
3gne GOL 603 A,GOL,GOL,0.952904557913,0.952904557913,0.0,True,1,1.20000004768,0.965
3gne FLC 502 B,FLC,FLC,0.54155633712,0.54155633712,0.0,True,1,1.20000004768,0.995
3gne FLC 501 A,FLC,FLC,0.544083845049,0.544083845049,0.0,True,1,1.20000004768,0.993
3gnc SO4 396 A,MES,SO4,0.156872413698,0.071420590888,0.0854518228099,False,3,2.20000004768,0.946
3gnc EPE 397 D,SO4,EPE,0.372928981579,0.0647844928657,0.308144488713,False,3,2.20000004768,0.903
3gnc EPE 397 C,MES,EPE,0.592869106908,0.0596178844125,0.533251222496,False,3,2.20000004768,0.961
3gnc EPE 397 B,SO4,EPE,0.690629103945,0.00506259340123,0.685566510544,False,5,2.20000004768,0.948
3gn6 GOL 324 C,GOL,GOL,0.474081065003,0.474081065003,0.0,True,1,1.79999995232,0.907
3gn6 GOL 324 A,GOL,GOL,0.63521808254,0.63521808254,0.0,True,1,1.79999995232,0.875
3gn6 GOL 323 D,GOL,GOL,0.26064579737,0.26064579737,0.0,True,1,1.79999995232,0.836
3gn6 GOL 323 B,GOL,GOL,0.743799839997,0.743799839997,0.0,True,1,1.79999995232,0.917
3gn6 GOL 323 A,SO4,GOL,0.489309903524,0.233261722333,0.256048181191,False,2,1.79999995232,0.872
3gn6 GOL 322 D,SO4,GOL,0.325420161203,0.313599197242,0.0118209639613,False,2,1.79999995232,0.906
3gn6 GOL 322 B,GOL,GOL,0.360134328548,0.360134328548,0.0,True,1,1.79999995232,0.901
3gn5 GOL 3968 A,GOL,GOL,0.705703791825,0.705703791825,0.0,True,1,2.09999990463,0.948
3gn3 SO4 180 A,SO4,SO4,0.769716526286,0.769716526286,0.0,True,1,2.5,0.964
3gn3 GOL 181 A,EDO,GOL,0.395258156632,0.184076716985,0.211181439647,False,3,2.5,0.941
3gn3 GOL 180 B,GOL,GOL,0.732232429619,0.732232429619,0.0,True,1,2.5,0.925
3gn2 NAP 269 D,NAP,NAP,0.956981871833,0.956981871833,0.0,True,1,1.60000002384,0.985
3gn2 NAP 269 C,NAP,NAP,0.990210075307,0.990210075307,0.0,True,1,1.60000002384,0.986
3gn2 NAP 269 B,NAP,NAP,0.984180408506,0.984180408506,0.0,True,1,1.60000002384,0.988
3gn2 NAP 269 A,NAP,NAP,0.974926221847,0.974926221847,0.0,True,1,1.60000002384,0.987
3gn2 ACT 271 A,ACT,ACT,0.969437036613,0.969437036613,0.0,True,1,1.60000002384,0.976
3gn1 NAP 269 D,NAP,NAP,0.984448758983,0.984448758983,0.0,True,1,2.0,0.978
3gn1 NAP 269 C,NAP,NAP,0.994297058517,0.994297058517,0.0,True,1,2.0,0.976
3gn1 NAP 269 B,NAP,NAP,0.994327327038,0.994327327038,0.0,True,1,2.0,0.982
3gn1 NAP 269 A,NAP,NAP,0.989175214284,0.989175214284,0.0,True,1,2.0,0.976
3gn1 CSX 168 D,CSO,CSX,0.696102466918,0.0313834372765,0.664719029642,False,4,2.0,0.945
3gn1 CSX 168 C,CSO,CSX,0.449583213308,0.0479279291913,0.401655284117,False,3,2.0,0.947
3gn1 CSX 168 B,CSO,CSX,0.232018271024,0.126497673873,0.105520597152,False,2,2.0,0.95
3gn1 CSX 168 A,MLY,CSX,0.25529933198,0.0899784615835,0.165320870397,False,4,2.0,0.971
3gn1 ACT 270 C,EDO,ACT,0.864315618476,0.00286416921083,0.861451449266,False,7,2.0,0.879
3gn1 ACT 270 A,ACT,ACT,0.493403551956,0.493403551956,0.0,True,1,2.0,0.95
3gmw PO4 2 C,SO4,PO4,0.700237731925,0.023539408743,0.676698323182,False,4,2.09999990463,0.952
3gmw PO4 158 D,PO4,PO4,0.452206941868,0.452206941868,0.0,True,1,2.09999990463,0.968
3gmw PO4 158 B,EDO,PO4,0.628288955376,0.00262113772892,0.625667817647,False,12,2.09999990463,0.926
3gmw PO4 1 B,PO4,PO4,0.302038470831,0.302038470831,0.0,True,1,2.09999990463,0.967
3gmt SO4 302 A,SO4,SO4,0.633826020406,0.633826020406,0.0,True,1,2.09999990463,0.981
3gmt SO4 301 B,SO4,SO4,0.914179641327,0.914179641327,0.0,True,1,2.09999990463,0.973
3gmt SO4 301 A,SO4,SO4,0.858084528569,0.858084528569,0.0,True,1,2.09999990463,0.966
3gmr PG4 100 B,GOL,PG4,0.671056174922,0.0033675717903,0.667688603131,False,10,1.89999997616,0.876
3gmh SO4 207 C,SO4,SO4,0.739279431517,0.739279431517,0.0,True,1,3.90000009537,0.883
3gmh SO4 207 A,SO4,SO4,0.857819240239,0.857819240239,0.0,True,1,3.90000009537,0.881
3gmh SO4 206 L,LLP,SO4,0.127659833788,0.116161066764,0.0114987670233,False,2,3.90000009537,0.901
3gmh SO4 206 K,SO4,SO4,0.597105295498,0.597105295498,0.0,True,1,3.90000009537,0.768
3gmh SO4 206 I,NAG,SO4,0.2498149035,0.199690235792,0.0501246677081,False,2,3.90000009537,0.796
3gmh SO4 206 H,LLP,SO4,0.309183414614,0.00361772594274,0.305565688671,False,29,3.90000009537,0.847
3gmh SO4 206 G,SO4,SO4,0.614535414297,0.614535414297,0.0,True,1,3.90000009537,0.823
3gmh SO4 206 E,NAG,SO4,0.374712517565,0.237087678453,0.137624839112,False,2,3.90000009537,0.676
3gmh SO4 206 D,PTR,SO4,0.276129281519,0.0427925502944,0.233336731225,False,6,3.90000009537,0.788
3gmh SO4 206 C,SO4,SO4,0.415497276746,0.415497276746,0.0,True,1,3.90000009537,0.88
3gmh SO4 206 B,PO4,SO4,0.218315185305,0.107704069284,0.11061111602,False,3,3.90000009537,0.842
3gmh SO4 206 A,SO4,SO4,0.536488833284,0.536488833284,0.0,True,1,3.90000009537,0.851
3gmd SO4 8 C,SO4,SO4,0.623930549395,0.623930549395,0.0,True,1,2.29999995232,0.971
3gmd SO4 7 C,SO4,SO4,0.66010163439,0.66010163439,0.0,True,1,2.29999995232,0.971
3gmd SO4 6 H,SO4,SO4,0.621516107137,0.621516107137,0.0,True,1,2.29999995232,0.965
3gmd SO4 5 F,SO4,SO4,0.941588146919,0.941588146919,0.0,True,1,2.29999995232,0.978
3gmd SO4 4 E,SO4,SO4,0.74528844211,0.74528844211,0.0,True,1,2.29999995232,0.933
3gmd SO4 3 H,SO4,SO4,0.337349806864,0.337349806864,0.0,True,1,2.29999995232,0.901
3gmd SO4 2 B,SO4,SO4,0.867029366779,0.867029366779,0.0,True,1,2.29999995232,0.962
3gmd SO4 1 D,SO4,SO4,0.797857043368,0.797857043368,0.0,True,1,2.29999995232,0.976
3gm8 GOL 2 A,EDO,GOL,0.296888887442,0.256476076507,0.0404128109347,False,2,2.40000009537,0.928
3gm8 GOL 1 A,GOL,GOL,0.617328860401,0.617328860401,0.0,True,1,2.40000009537,0.942
3gm6 HEC 1008 B,HEC,HEC,0.841493009531,0.841493009531,0.0,True,1,1.70000004768,0.951
3gm6 HEC 1008 A,HEM,HEC,0.499021351846,0.455545284662,0.0434760671843,False,2,1.70000004768,0.95
3gm6 HEC 1007 B,HEC,HEC,0.818523498994,0.818523498994,0.0,True,1,1.70000004768,0.984
3gm6 HEC 1007 A,HEM,HEC,0.500454939944,0.442708895343,0.0577460446004,False,2,1.70000004768,0.983
3gm6 HEC 1006 B,HEC,HEC,0.912225552313,0.912225552313,0.0,True,1,1.70000004768,0.985
3gm6 HEC 1006 A,HEC,HEC,0.980628249885,0.980628249885,0.0,True,1,1.70000004768,0.983
3gm6 HEC 1005 B,HEC,HEC,0.951418244855,0.951418244855,0.0,True,1,1.70000004768,0.98
3gm6 HEC 1005 A,HEC,HEC,0.863818872924,0.863818872924,0.0,True,1,1.70000004768,0.979
3gm6 HEC 1003 B,HEC,HEC,0.653577102294,0.653577102294,0.0,True,1,1.70000004768,0.97
3gm6 HEC 1003 A,HEC,HEC,0.968492986036,0.968492986036,0.0,True,1,1.70000004768,0.972
3gm6 HEC 1002 B,HEC,HEC,0.954096765098,0.954096765098,0.0,True,1,1.70000004768,0.984
3gm6 HEC 1002 A,HEC,HEC,0.980238174709,0.980238174709,0.0,True,1,1.70000004768,0.986
3gm6 HEC 1001 B,HEC,HEC,0.818404991135,0.818404991135,0.0,True,1,1.70000004768,0.975
3gm6 HEC 1001 A,HEC,HEC,0.728856238135,0.728856238135,0.0,True,1,1.70000004768,0.977
3gm5 SO4 152 A,SO4,SO4,0.749388147435,0.749388147435,0.0,True,1,2.0,0.801
3gm5 SO4 151 A,SO4,SO4,0.800726224313,0.800726224313,0.0,True,1,2.0,0.875
3glv SO4 203 A,SO4,SO4,0.930227099899,0.930227099899,0.0,True,1,2.0,0.986
3glv SO4 202 B,SO4,SO4,0.43897491486,0.43897491486,0.0,True,1,2.0,0.793
3glv AMP 201 B,AMP,AMP,0.432135192115,0.432135192115,0.0,True,1,2.0,0.972
3glu SO4 2 A,SO4,SO4,0.395049712663,0.395049712663,0.0,True,1,2.5,0.771
3glu SO4 1 A,SO4,SO4,0.920084585582,0.920084585582,0.0,True,1,2.5,0.956
3glt SO4 2 A,SO4,SO4,0.793893585048,0.793893585048,0.0,True,1,2.09999990463,0.969
3gls SO4 400 E,SO4,SO4,0.734617658156,0.734617658156,0.0,True,1,2.70000004768,0.944
3glr SO4 3 A,SO4,SO4,0.940002427378,0.940002427378,0.0,True,1,1.79999995232,0.981
3glr SO4 2 B,SO4,SO4,0.755425473045,0.755425473045,0.0,True,1,1.79999995232,0.97
3glr GOL 5 A,GOL,GOL,0.484194498475,0.484194498475,0.0,True,1,1.79999995232,0.79
3glr BCT 4 A,EDO,BCT,0.733213094877,0.000221574845044,0.732991520032,False,196,1.79999995232,0.771
3glp SO4 9 D,SO4,SO4,0.478693744307,0.478693744307,0.0,True,1,1.20000004768,0.984
3glp SO4 9 A,PO4,SO4,0.498951068744,0.111028635647,0.387922433098,False,3,1.20000004768,0.982
3gln SO4 152 A,SO4,SO4,0.729392466889,0.729392466889,0.0,True,1,2.29999995232,0.975
3glb SO4 13 B,SO4,SO4,0.682357201882,0.682357201882,0.0,True,1,2.79999995232,0.935
3glb SO4 12 B,SO4,SO4,0.572389001342,0.572389001342,0.0,True,1,2.79999995232,0.826
3glb GOL 314 D,SO4,GOL,0.268299600836,0.180883347313,0.0874162535239,False,3,2.79999995232,0.933
3glb GOL 314 C,SO4,GOL,0.340931290507,0.152509663467,0.18842162704,False,2,2.79999995232,0.718
3glb GOL 3 D,PEG,GOL,0.177930108722,0.136014441868,0.041915666854,False,2,2.79999995232,0.924
3glb GOL 2 A,NAG,GOL,0.303523362582,0.0992839717595,0.204239390822,False,2,2.79999995232,0.938
3gla PO4 2 B,SO4,PO4,0.792945435134,0.195461104565,0.597484330568,False,2,1.60000002384,0.966
3gla PO4 1 A,SO4,PO4,0.830261034362,0.114768741328,0.715492293034,False,2,1.60000002384,0.983
3gl9 SO4 125 D,SO4,SO4,0.855760746127,0.855760746127,0.0,True,1,1.79999995232,0.963
3gl9 SO4 124 D,SO4,SO4,0.757690631092,0.757690631092,0.0,True,1,1.79999995232,0.964
3gl9 SO4 124 C,SO4,SO4,0.624605603972,0.624605603972,0.0,True,1,1.79999995232,0.985
3gl9 SO4 124 B,SO4,SO4,0.614095548962,0.614095548962,0.0,True,1,1.79999995232,0.944
3gl9 SO4 124 A,SO4,SO4,0.839552286924,0.839552286924,0.0,True,1,1.79999995232,0.967
3gl6 M3L 4 B,GOL,M3L,0.433990774657,0.0018429494193,0.432147825237,False,28,1.89999997616,0.959
3gl5 ACT 302 A,SO4,ACT,0.235357715803,0.225607966703,0.0097497491001,False,2,2.09999990463,0.894
3gl1 GOL 712 B,GOL,GOL,0.911182106849,0.911182106849,0.0,True,1,1.89999997616,0.953
3gkt SO4 152 A,SO4,SO4,0.573874801781,0.573874801781,0.0,True,1,1.89999997616,0.96
3gkn SO4 536 B,SO4,SO4,0.875399999875,0.875399999875,0.0,True,1,1.5,0.912
3gkn SO4 535 A,SO4,SO4,0.666222528091,0.666222528091,0.0,True,1,1.5,0.949
3gkn GOL 529 A,GOL,GOL,0.938748644395,0.938748644395,0.0,True,1,1.5,0.867
3gkm FMT 417 A,EDO,FMT,0.655078194882,0.0299616881869,0.625116506695,False,4,1.5,0.835
3gkk SO4 297 A,SO4,SO4,0.867101651267,0.867101651267,0.0,True,1,1.79999995232,0.986
3gkk SO4 296 A,SO4,SO4,0.963392762588,0.963392762588,0.0,True,1,1.79999995232,0.974
3gke ACT 700 B,SO4,ACT,0.485749382962,0.0278872965116,0.45786208645,False,4,1.70000004768,0.889
3gke ACT 353 A,ACT,ACT,0.938455864966,0.938455864966,0.0,True,1,1.70000004768,0.982
3gkb GOL 286 C,GOL,GOL,0.823945516345,0.823945516345,0.0,True,1,1.79999995232,0.923
3gkb GOL 286 B,GOL,GOL,0.97436674564,0.97436674564,0.0,True,1,1.79999995232,0.938
3gkb GOL 286 A,GOL,GOL,0.769694078878,0.769694078878,0.0,True,1,1.79999995232,0.942
3gk9 SO4 156 A,SO4,SO4,0.735923247629,0.735923247629,0.0,True,1,1.79999995232,0.946
3gk3 PO4 249 D,SO4,PO4,0.594273364489,0.106714166103,0.487559198386,False,2,2.09999990463,0.963
3gk3 PO4 249 C,SO4,PO4,0.53739345,0.137732833881,0.399660616118,False,2,2.09999990463,0.975
3gk3 PO4 249 B,SO4,PO4,0.553082542815,0.0368533136465,0.516229229169,False,3,2.09999990463,0.981
3gk3 PO4 249 A,SO4,PO4,0.495613855105,0.23303385332,0.262580001785,False,2,2.09999990463,0.957
3gk0 PO4 258 H,SO4,PO4,0.805359815594,0.0101727500034,0.79518706559,False,5,2.29999995232,0.945
3gk0 PO4 258 G,SO4,PO4,0.569556288287,0.334953144687,0.234603143599,False,2,2.29999995232,0.975
3gk0 PO4 258 E,SO4,PO4,0.606810201294,0.0831902644531,0.523619936841,False,3,2.29999995232,0.973
3gk0 PO4 258 D,MPD,PO4,0.358454069422,0.033212776686,0.325241292736,False,6,2.29999995232,0.925
3gk0 PO4 258 B,SO4,PO4,0.627374878453,0.214886726786,0.412488151668,False,2,2.29999995232,0.918
3gjy FMT 315 A,EDO,FMT,0.392404124583,0.0314545043136,0.360949620269,False,5,1.5,0.961
3gjr GOL 284 D,DMS,GOL,0.493036729312,0.0860735928448,0.406963136467,False,3,2.29999995232,0.811
3gjr GOL 284 B,SO4,GOL,0.334988804305,0.25266933668,0.0823194676242,False,2,2.29999995232,0.902
3gjd BOG 704 A,PEG,BOG,0.338104696074,0.0146530320295,0.323451664045,False,9,2.0,0.756
3gjd BOG 703 A,BOG,BOG,0.592401205118,0.592401205118,0.0,True,1,2.0,0.896
3gjd BOG 701 A,PG4,BOG,0.300158300668,0.170164409137,0.12999389153,False,2,2.0,0.764
3gjc BOG 704 B,CLA,BOG,0.194948046725,0.0771540718265,0.117793974898,False,3,2.79999995232,0.778
3gjc BOG 702 B,PEG,BOG,0.104900064496,0.0995840474058,0.0053160170907,False,2,2.79999995232,0.917
3gjc BOG 702 A,GOL,BOG,0.468487723227,0.00894001451299,0.459547708714,False,17,2.79999995232,0.852
3gjc BOG 701 A,NAG,BOG,0.404995607154,0.00267664216401,0.40231896499,False,21,2.79999995232,0.831
3gjb SO4 326 A,SO4,SO4,0.524835615014,0.524835615014,0.0,True,1,2.20000004768,0.933
3gjb ACT 326 B,SO4,ACT,0.184226795449,0.0066091369009,0.177617658548,False,21,2.20000004768,0.893
3gjb ACT 325 B,SO4,ACT,0.458642999548,0.0273083448849,0.431334654663,False,6,2.20000004768,0.756
3gjb ACT 325 A,GOL,ACT,0.529777868453,0.0415819600197,0.488195908433,False,4,2.20000004768,0.826
3gjb ACT 324 B,SO4,ACT,0.722015922829,0.0199545116197,0.702061411209,False,5,2.20000004768,0.941
3gjb ACT 324 A,SO4,ACT,0.59690521956,0.0600155089517,0.536889710608,False,2,2.20000004768,0.972
3gjb ACT 323 B,ACT,ACT,0.302848149952,0.302848149952,0.0,True,1,2.20000004768,0.946
3gjb ACT 323 A,SO4,ACT,0.585879923721,0.00260263125369,0.583277292468,False,15,2.20000004768,0.939
3gjb ACT 322 B,SO4,ACT,0.602618101208,0.0273067609953,0.575311340213,False,5,2.20000004768,0.948
3gja ACT 322 A,SO4,ACT,0.590859738365,0.0413451250307,0.549514613334,False,4,2.20000004768,0.838
3gja ACT 321 A,GOL,ACT,0.558769022956,0.0756971669027,0.483071856054,False,2,2.20000004768,0.745
3gja ACT 320 B,GOL,ACT,0.365173804173,0.0136477066939,0.351526097479,False,5,2.20000004768,0.873
3gja ACT 320 A,GOL,ACT,0.651103208866,0.0405013977966,0.61060181107,False,3,2.20000004768,0.903
3gj2 CRO 65 D,CRO,CRO,0.673214745599,0.673214745599,0.0,True,1,1.89999997616,0.968
3gj2 CRO 65 C,CRQ,CRO,0.105845015479,0.102823661951,0.00302135352857,False,2,1.89999997616,0.954
3gj2 CRO 65 B,CRO,CRO,0.838407326427,0.838407326427,0.0,True,1,1.89999997616,0.974
3gj2 CRO 65 A,CRO,CRO,0.566805352365,0.566805352365,0.0,True,1,1.89999997616,0.979
3gj1 SO4 231 D,SO4,SO4,0.330575026708,0.330575026708,0.0,True,1,1.79999995232,0.971
3gj1 SO4 231 C,SO4,SO4,0.945510574604,0.945510574604,0.0,True,1,1.79999995232,0.966
3gj1 SO4 231 B,SO4,SO4,0.482191348035,0.482191348035,0.0,True,1,1.79999995232,0.845
3gj1 SO4 231 A,SO4,SO4,0.635876576514,0.635876576514,0.0,True,1,1.79999995232,0.933
3gj1 CRO 65 D,CRO,CRO,0.720748218306,0.720748218306,0.0,True,1,1.79999995232,0.959
3gj1 CRO 65 C,CRO,CRO,0.442094304618,0.442094304618,0.0,True,1,1.79999995232,0.94
3gj1 CRO 65 B,CRO,CRO,0.56606198217,0.56606198217,0.0,True,1,1.79999995232,0.967
3gj1 CRO 65 A,CRO,CRO,0.510618079604,0.510618079604,0.0,True,1,1.79999995232,0.972
3giu PG4 216 B,PG4,PG4,0.608688032219,0.608688032219,0.0,True,1,1.29999995232,0.906
3giu GOL 217 B,GOL,GOL,0.791441868456,0.791441868456,0.0,True,1,1.29999995232,0.894
3git SO4 746 A,SO4,SO4,0.477725367263,0.477725367263,0.0,True,1,2.90000009537,0.903
3git SO4 745 F,SO4,SO4,0.36204978335,0.36204978335,0.0,True,1,2.90000009537,0.845
3git SO4 745 E,SO4,SO4,0.794225348446,0.794225348446,0.0,True,1,2.90000009537,0.81
3git SO4 744 F,SO4,SO4,0.728635985311,0.728635985311,0.0,True,1,2.90000009537,0.927
3git SO4 744 E,SO4,SO4,0.887873239946,0.887873239946,0.0,True,1,2.90000009537,0.914
3git SO4 744 D,SO4,SO4,0.860392692389,0.860392692389,0.0,True,1,2.90000009537,0.924
3git SO4 744 C,SO4,SO4,0.561009251486,0.561009251486,0.0,True,1,2.90000009537,0.931
3git SO4 744 B,SO4,SO4,0.688868785915,0.688868785915,0.0,True,1,2.90000009537,0.89
3git SO4 744 A,SO4,SO4,0.794686563684,0.794686563684,0.0,True,1,2.90000009537,0.905
3git SO4 742 E,SO4,SO4,0.595458713174,0.595458713174,0.0,True,1,2.90000009537,0.917
3git SO4 742 D,SO4,SO4,0.695244445668,0.695244445668,0.0,True,1,2.90000009537,0.911
3git SO4 742 A,GOL,SO4,0.386558131412,0.173604418282,0.212953713131,False,2,2.90000009537,0.803
3git SO4 741 C,SO4,SO4,0.243583356381,0.243583356381,0.0,True,1,2.90000009537,0.919
3git SO4 741 B,SO4,SO4,0.506966898297,0.506966898297,0.0,True,1,2.90000009537,0.921
3git SO4 741 A,SO4,SO4,0.744552709894,0.744552709894,0.0,True,1,2.90000009537,0.908
3git GOL 743 F,SO4,GOL,0.566461327265,0.10341133852,0.463049988745,False,3,2.90000009537,0.88
3git GOL 743 A,GOL,GOL,0.302120921303,0.302120921303,0.0,True,1,2.90000009537,0.88
3gip FMT 483 B,FMT,FMT,0.89327475109,0.89327475109,0.0,True,1,1.5,0.974
3gip FMT 483 A,FMT,FMT,0.816678679665,0.816678679665,0.0,True,1,1.5,0.959
3gip FMT 482 B,FMT,FMT,0.94295773973,0.94295773973,0.0,True,1,1.5,0.98
3gip FMT 482 A,FMT,FMT,0.963076615705,0.963076615705,0.0,True,1,1.5,0.99
3gii 8OG 906 E,8OG,8OG,0.527696696282,0.527696696282,0.0,True,1,2.59999990463,0.968
3gi6 PO4 503 A,SO4,PO4,0.569074344335,0.248747372124,0.32032697221,False,2,1.79999995232,0.894
3gi6 PO4 502 B,SO4,PO4,0.904373473541,0.0468174551998,0.857556018341,False,2,1.79999995232,0.964
3gi6 PO4 501 B,SO4,PO4,0.707373682724,0.197612325262,0.509761357462,False,2,1.79999995232,0.95
3gi5 PO4 501 B,SO4,PO4,0.860140269471,0.0759074775052,0.784232791966,False,2,1.79999995232,0.917
3gi4 PO4 502 A,SO4,PO4,0.418484862376,0.0353602407872,0.383124621589,False,5,1.79999995232,0.88
3gi4 PO4 501 A,SO4,PO4,0.860323140617,0.043173967209,0.817149173408,False,2,1.79999995232,0.96
3gi4 ACT 504 A,SO4,ACT,0.437992075555,0.158065924627,0.279926150928,False,2,1.79999995232,0.624
3gi4 ACT 503 B,SO4,ACT,0.407693498768,0.0581455315627,0.349547967206,False,3,1.79999995232,0.914
3gi0 DAL 155 A,ABA,DAL,0.34989215975,0.00887141620012,0.34102074355,False,11,1.79999995232,0.936
3ghz POP 301 B,PEP,POP,0.26236607014,0.0191110679854,0.243255002155,False,8,2.0,0.987
3ghz GOL 303 A,GOL,GOL,0.898501941391,0.898501941391,0.0,True,1,2.0,0.959
3ghz GOL 302 C,GOL,GOL,0.707416117382,0.707416117382,0.0,True,1,2.0,0.952
3ghq SO4 250 L,SO4,SO4,0.916533083287,0.916533083287,0.0,True,1,2.70000004768,0.921
3ghq SO4 250 K,SO4,SO4,0.908794398673,0.908794398673,0.0,True,1,2.70000004768,0.908
3ghq SO4 250 J,SO4,SO4,0.915691082742,0.915691082742,0.0,True,1,2.70000004768,0.906
3ghq SO4 250 I,SO4,SO4,0.753719410701,0.753719410701,0.0,True,1,2.70000004768,0.919
3ghq SO4 250 H,SO4,SO4,0.925056206867,0.925056206867,0.0,True,1,2.70000004768,0.895
3ghq SO4 250 G,GOL,SO4,0.186135950192,0.179565583605,0.00657036658707,False,2,2.70000004768,0.931
3ghq SO4 250 F,SO4,SO4,0.882471991124,0.882471991124,0.0,True,1,2.70000004768,0.874
3ghq SO4 250 E,SO4,SO4,0.875680435617,0.875680435617,0.0,True,1,2.70000004768,0.929
3ghq SO4 250 D,GOL,SO4,0.242205531122,0.212963937449,0.0292415936728,False,2,2.70000004768,0.893
3ghq SO4 250 C,SO4,SO4,0.436315095863,0.436315095863,0.0,True,1,2.70000004768,0.953
3ghq SO4 250 B,GOL,SO4,0.109173177922,0.0810520923751,0.0281210855473,False,2,2.70000004768,0.886
3ghq SO4 250 A,SO4,SO4,0.875219517723,0.875219517723,0.0,True,1,2.70000004768,0.918
3ghq SO4 160 G,SO4,SO4,0.660101295655,0.660101295655,0.0,True,1,2.70000004768,0.857
3ghq SO4 160 F,SO4,SO4,0.490023238044,0.490023238044,0.0,True,1,2.70000004768,0.724
3ghq SO4 160 A,GOL,SO4,0.367614680072,0.225545886662,0.14206879341,False,2,2.70000004768,0.802
3ghq SO4 159 K,SO4,SO4,0.455853811191,0.455853811191,0.0,True,1,2.70000004768,0.875
3ghq SO4 159 G,SO4,SO4,0.904012101478,0.904012101478,0.0,True,1,2.70000004768,0.991
3ghq SO4 159 F,SO4,SO4,0.75429335133,0.75429335133,0.0,True,1,2.70000004768,0.991
3ghq SO4 159 C,SO4,SO4,0.770610155897,0.770610155897,0.0,True,1,2.70000004768,0.859
3ghq SO4 159 B,SO4,SO4,0.853116423334,0.853116423334,0.0,True,1,2.70000004768,0.993
3ghq SO4 159 A,SO4,SO4,0.909514253913,0.909514253913,0.0,True,1,2.70000004768,0.99
3ghh SO4 4 B,SO4,SO4,0.806922796517,0.806922796517,0.0,True,1,1.89999997616,0.943
3ghh SO4 3 A,SO4,SO4,0.435203342104,0.435203342104,0.0,True,1,1.89999997616,0.939
3ghh SO4 2 A,SO4,SO4,0.80124787836,0.80124787836,0.0,True,1,1.89999997616,0.965
3ghh SO4 1 B,SO4,SO4,0.734057566226,0.734057566226,0.0,True,1,1.89999997616,0.971
3ghg SIA 479 E,SO4,SIA,0.276785962703,0.0016359274678,0.275150035235,False,38,2.90000009537,0.802
3ghb SO4 218 H,SO4,SO4,0.896029234186,0.896029234186,0.0,True,1,2.20000004768,0.984
3gh8 PO4 2 G,SO4,PO4,0.297414039603,0.0702799331831,0.22713410642,False,4,2.59999990463,0.918
3gh8 PO4 1 C,SO4,PO4,0.283477637993,0.0241223874907,0.259355250502,False,5,2.59999990463,0.869
3gh7 SO4 1200 A,SO4,SO4,0.808385745442,0.808385745442,0.0,True,1,1.89999997616,0.997
3gh5 SO4 1200 A,SO4,SO4,0.961966817781,0.961966817781,0.0,True,1,1.60000002384,0.993
3gh4 SO4 1200 A,SO4,SO4,0.813051661597,0.813051661597,0.0,True,1,1.79999995232,0.997
3gh3 SO4 2 B,SO4,SO4,0.300972551493,0.300972551493,0.0,True,1,1.79999995232,0.918
3gh3 SO4 1 A,SO4,SO4,0.532040478547,0.532040478547,0.0,True,1,1.79999995232,0.834
3gh2 SO4 318 X,SO4,SO4,0.867284531174,0.867284531174,0.0,True,1,1.70000004768,0.987
3gh2 SO4 317 X,SO4,SO4,0.71571845025,0.71571845025,0.0,True,1,1.70000004768,0.967
3gh2 SO4 315 X,SO4,SO4,0.878270879191,0.878270879191,0.0,True,1,1.70000004768,0.919
3gh1 PO4 501 D,PO4,PO4,0.649187705606,0.649187705606,0.0,True,1,1.89999997616,0.994
3gh1 PO4 501 C,SO4,PO4,0.679291531262,0.253043460251,0.426248071011,False,2,1.89999997616,0.991
3gh1 PO4 501 B,SO4,PO4,0.70510641792,0.250968103968,0.454138313952,False,2,1.89999997616,0.993
3gh1 PO4 501 A,SO4,PO4,0.829584746586,0.125879091133,0.703705655454,False,2,1.89999997616,0.992
3gh0 SO4 317 A,SO4,SO4,0.89877295309,0.89877295309,0.0,True,1,1.60000002384,0.973
3gh0 SO4 316 A,SO4,SO4,0.908941886246,0.908941886246,0.0,True,1,1.60000002384,0.99
3gh0 SO4 315 A,SO4,SO4,0.755330467046,0.755330467046,0.0,True,1,1.60000002384,0.94
3ggs SO4 299 C,SO4,SO4,0.404216074595,0.404216074595,0.0,True,1,2.5,0.923
3ggs SO4 299 B,SO4,SO4,0.720585472806,0.720585472806,0.0,True,1,2.5,0.907
3ggs SO4 299 A,SO4,SO4,0.884831239024,0.884831239024,0.0,True,1,2.5,0.869
3ggs SO4 298 B,SO4,SO4,0.25917355279,0.25917355279,0.0,True,1,2.5,0.781
3ggs SO4 298 A,SO4,SO4,0.602586282199,0.602586282199,0.0,True,1,2.5,0.845
3ggs SO4 297 C,SO4,SO4,0.449983520054,0.449983520054,0.0,True,1,2.5,0.914
3ggs SO4 297 B,SO4,SO4,0.838422669276,0.838422669276,0.0,True,1,2.5,0.944
3ggs SO4 297 A,SO4,SO4,0.851711256475,0.851711256475,0.0,True,1,2.5,0.854
3ggs SO4 296 C,SO4,SO4,0.161347692833,0.161347692833,0.0,True,1,2.5,0.829
3ggs SO4 296 B,SO4,SO4,0.851463549561,0.851463549561,0.0,True,1,2.5,0.906
3ggs SO4 296 A,SO4,SO4,0.41935250962,0.41935250962,0.0,True,1,2.5,0.959
3ggs SO4 295 C,SO4,SO4,0.866224277748,0.866224277748,0.0,True,1,2.5,0.92
3ggs SO4 295 B,SO4,SO4,0.430386316272,0.430386316272,0.0,True,1,2.5,0.64
3ggs SO4 295 A,SO4,SO4,0.511276687034,0.511276687034,0.0,True,1,2.5,0.891
3ggs SO4 294 C,SO4,SO4,0.731586029869,0.731586029869,0.0,True,1,2.5,0.828
3ggs SO4 294 B,SO4,SO4,0.793636240932,0.793636240932,0.0,True,1,2.5,0.918
3ggs SO4 294 A,SO4,SO4,0.861071931873,0.861071931873,0.0,True,1,2.5,0.955
3ggs SO4 293 C,SO4,SO4,0.833059924104,0.833059924104,0.0,True,1,2.5,0.944
3ggs SO4 293 B,SO4,SO4,0.717992222346,0.717992222346,0.0,True,1,2.5,0.897
3ggs SO4 293 A,SO4,SO4,0.566604049533,0.566604049533,0.0,True,1,2.5,0.919
3ggs SO4 292 C,SO4,SO4,0.953130998264,0.953130998264,0.0,True,1,2.5,0.972
3ggs SO4 292 B,SO4,SO4,0.924350468361,0.924350468361,0.0,True,1,2.5,0.961
3ggs SO4 292 A,SO4,SO4,0.911368271784,0.911368271784,0.0,True,1,2.5,0.987
3ggs SO4 291 C,SO4,SO4,0.88943701253,0.88943701253,0.0,True,1,2.5,0.985
3ggs SO4 291 B,SO4,SO4,0.913916071208,0.913916071208,0.0,True,1,2.5,0.944
3ggs SO4 291 A,SO4,SO4,0.943933176049,0.943933176049,0.0,True,1,2.5,0.977
3ggs SO4 290 C,SO4,SO4,0.747007157699,0.747007157699,0.0,True,1,2.5,0.978
3ggs SO4 290 B,SO4,SO4,0.800446090493,0.800446090493,0.0,True,1,2.5,0.988
3ggs SO4 290 A,SO4,SO4,0.707438598359,0.707438598359,0.0,True,1,2.5,0.985
3ggh SO4 280 A,MPD,SO4,0.278738832263,0.122568735855,0.156170096408,False,3,1.60000002384,0.878
3ggh SO4 279 A,GOL,SO4,0.23536887204,0.0392893801922,0.196079491848,False,4,1.60000002384,0.749
3ggh SO4 278 A,SO4,SO4,0.8748330557,0.8748330557,0.0,True,1,1.60000002384,0.933
3ggh SO4 277 A,SO4,SO4,0.788986798102,0.788986798102,0.0,True,1,1.60000002384,0.878
3ggh SO4 276 A,GOL,SO4,0.348786599106,0.310661714848,0.038124884258,False,2,1.60000002384,0.883
3ggh SO4 275 B,SO4,SO4,0.629535494127,0.629535494127,0.0,True,1,1.60000002384,0.899
3ggh SO4 275 A,SO4,SO4,0.227664418212,0.227664418212,0.0,True,1,1.60000002384,0.886
3gge SO4 2 B,SO4,SO4,0.955893398598,0.955893398598,0.0,True,1,2.59999990463,0.939
3gge SO4 1 B,SO4,SO4,0.908935025492,0.908935025492,0.0,True,1,2.59999990463,0.992
3ggd SO4 253 A,SO4,SO4,0.602599686756,0.602599686756,0.0,True,1,2.09999990463,0.843
3ggd SO4 251 A,SO4,SO4,0.357080267025,0.357080267025,0.0,True,1,2.09999990463,0.818
3ggd SO4 250 A,SO4,SO4,0.363280495742,0.363280495742,0.0,True,1,2.09999990463,0.949
3ggd SAH 248 A,ADP_MG,SAH,0.391301184947,0.0786491817718,0.312652003175,False,2,2.09999990463,0.946
3gg9 SO4 9 C,SO4,SO4,0.360927057244,0.360927057244,0.0,True,1,1.89999997616,0.807
3gg9 SO4 8 C,SO4,SO4,0.493187801167,0.493187801167,0.0,True,1,1.89999997616,0.922
3gg9 SO4 6 B,SO4,SO4,0.561738327828,0.561738327828,0.0,True,1,1.89999997616,0.882
3gg9 SO4 5 B,SO4,SO4,0.905589569989,0.905589569989,0.0,True,1,1.89999997616,0.973
3gg9 SO4 4 D,SO4,SO4,0.739504304465,0.739504304465,0.0,True,1,1.89999997616,0.961
3gg9 SO4 362 D,SO4,SO4,0.735664610233,0.735664610233,0.0,True,1,1.89999997616,0.978
3gg9 SO4 362 A,SO4,SO4,0.924873635453,0.924873635453,0.0,True,1,1.89999997616,0.959
3gg9 SO4 3 D,SO4,SO4,0.869240650457,0.869240650457,0.0,True,1,1.89999997616,0.989
3gg9 SO4 2 A,SO4,SO4,0.850542369617,0.850542369617,0.0,True,1,1.89999997616,0.967
3gg9 SO4 1 A,SO4,SO4,0.84016190491,0.84016190491,0.0,True,1,1.89999997616,0.989
3gg9 GOL 364 D,GOL,GOL,0.658580392388,0.658580392388,0.0,True,1,1.89999997616,0.724
3gg9 GOL 363 A,GOL,GOL,0.497074396568,0.497074396568,0.0,True,1,1.89999997616,0.956
3gg9 GOL 1 B,SO4,GOL,0.541748462713,0.187235739704,0.354512723009,False,2,1.89999997616,0.86
3gg8 SO4 532 B,SO4,SO4,0.638237638326,0.638237638326,0.0,True,1,2.20000004768,0.861
3gg8 SO4 1 A,ACT,SO4,0.213989724712,0.109970455828,0.104019268884,False,4,2.20000004768,0.907
3gg8 GOL 532 A,SO4,GOL,0.315961607635,0.205587488463,0.110374119172,False,2,2.20000004768,0.694
3gg7 SO4 255 A,SO4,SO4,0.842671605662,0.842671605662,0.0,True,1,1.5,0.946
3gg7 SO4 254 A,SO4,SO4,0.896884381836,0.896884381836,0.0,True,1,1.5,0.975
3gg5 SO4 616 C,SO4,SO4,0.847201902249,0.847201902249,0.0,True,1,2.79999995232,0.962
3gg5 SO4 616 A,SO4,SO4,0.916721715433,0.916721715433,0.0,True,1,2.79999995232,0.97
3gg5 PO4 616 D,SO4,PO4,0.787661882414,0.0697038724286,0.717958009985,False,2,2.79999995232,0.977
3gg5 PO4 616 B,SO4,PO4,0.649765792476,0.108161943997,0.541603848479,False,2,2.79999995232,0.955
3gg4 BTB 600 B,BTB,BTB,0.419647727177,0.419647727177,0.0,True,1,1.79999995232,0.901
3gfv PO4 304 A,SO4,PO4,0.583325753778,0.0425035864424,0.540822167335,False,4,1.70000004768,0.892
3gfu SO4 252 D,SO4,SO4,0.827995640163,0.827995640163,0.0,True,1,2.0,0.977
3gfu SO4 252 B,SO4,SO4,0.891414015599,0.891414015599,0.0,True,1,2.0,0.976
3gfu SO4 229 A,SO4,SO4,0.946712017368,0.946712017368,0.0,True,1,2.0,0.961
3gfu SO4 228 C,SO4,SO4,0.427865760496,0.427865760496,0.0,True,1,2.0,0.836
3gfu SO4 228 A,EDO,SO4,0.331029239778,0.139565045184,0.191464194594,False,3,2.0,0.811
3gfu SO4 227 C,SO4,SO4,0.830988537146,0.830988537146,0.0,True,1,2.0,0.969
3gfu SO4 227 A,SO4,SO4,0.787394861068,0.787394861068,0.0,True,1,2.0,0.959
3gfu SO4 226 C,SO4,SO4,0.904105020828,0.904105020828,0.0,True,1,2.0,0.971
3gfu SO4 226 A,SO4,SO4,0.805444036861,0.805444036861,0.0,True,1,2.0,0.871
3gfu SO4 225 C,IMD,SO4,0.296297779489,0.0756917658122,0.220606013677,False,3,2.0,0.924
3gfu SO4 225 A,GOL,SO4,0.335330428658,0.0851143460644,0.250216082594,False,3,2.0,0.91
3gfo SO4 274 A,PO4,SO4,0.532332565232,0.400036840642,0.13229572459,False,2,2.29999995232,0.987
3gfd GOL 2 B,SO4,GOL,0.284431890788,0.169672944656,0.114758946132,False,2,2.5,0.964
3gfd GOL 1 A,GOL,GOL,0.316958450525,0.316958450525,0.0,True,1,2.5,0.941
3gfb SO4 355 B,SO4,SO4,0.868597651665,0.868597651665,0.0,True,1,2.40000009537,0.964
3gfb SO4 354 B,GOL,SO4,0.667954511007,0.149080284496,0.518874226511,False,2,2.40000009537,0.784
3gfb SO4 353 C,SO4,SO4,0.497902241247,0.497902241247,0.0,True,1,2.40000009537,0.775
3gfb SO4 352 D,SO4,SO4,0.785147331348,0.785147331348,0.0,True,1,2.40000009537,0.99
3gfb SO4 352 C,SO4,SO4,0.35970748222,0.35970748222,0.0,True,1,2.40000009537,0.837
3gfb SO4 352 B,GOL,SO4,0.36159885833,0.187867180451,0.173731677879,False,2,2.40000009537,0.763
3gfb SO4 351 D,EDO,SO4,0.33797664324,0.0560087622503,0.281967880989,False,4,2.40000009537,0.667
3gfa MRD 201 B,MPD,MRD,0.665695719003,0.190973766124,0.474721952879,False,2,1.39999997616,0.877
3gfa GOL 199 A,EDO,GOL,0.567048447294,0.262823164469,0.304225282824,False,2,1.39999997616,0.951
3gf7 SO4 589 A,SO4,SO4,0.952740381442,0.952740381442,0.0,True,1,2.40000009537,0.979
3gew SO4 254 D,SO4,SO4,0.298501326168,0.298501326168,0.0,True,1,2.0,0.906
3gew SO4 254 A,SO4,SO4,0.273163748107,0.273163748107,0.0,True,1,2.0,0.917
3gew SO4 229 C,GOL,SO4,0.501871067274,0.0526216814293,0.449249385844,False,5,2.0,0.88
3gew SO4 228 C,GOL,SO4,0.472824223098,0.0750652984087,0.397758924689,False,3,2.0,0.893
3gew SO4 228 B,SO4,SO4,0.918413728767,0.918413728767,0.0,True,1,2.0,0.982
3gew SO4 227 C,SO4,SO4,0.840203152884,0.840203152884,0.0,True,1,2.0,0.976
3gew SO4 227 B,SO4,SO4,0.285100093683,0.285100093683,0.0,True,1,2.0,0.846
3gew SO4 226 C,SO4,SO4,0.82422724287,0.82422724287,0.0,True,1,2.0,0.947
3gew SO4 226 B,SO4,SO4,0.682218594766,0.682218594766,0.0,True,1,2.0,0.965
3gew SO4 225 C,SO4,SO4,0.579312044942,0.579312044942,0.0,True,1,2.0,0.981
3gew SO4 225 B,SO4,SO4,0.839810954595,0.839810954595,0.0,True,1,2.0,0.991
3gew GOL 255 D,GOL,GOL,0.449660420934,0.449660420934,0.0,True,1,2.0,0.937
3gew GOL 255 A,GOL,GOL,0.908127876527,0.908127876527,0.0,True,1,2.0,0.945
3geu FMT 191 A,EDO,FMT,0.613399579757,0.0073979034301,0.606001676327,False,4,1.89999997616,0.955
3geu FMT 190 A,SO4,FMT,0.492665147424,0.000567985465962,0.492097161959,False,29,1.89999997616,0.914
3geu FMT 189 D,FMT,FMT,0.885248028429,0.885248028429,0.0,True,1,1.89999997616,0.851
3geu FMT 189 A,FMT,FMT,0.308821110952,0.308821110952,0.0,True,1,1.89999997616,0.83
3geu FMT 188 A,EDO,FMT,0.505821026254,0.00988193822646,0.495939088027,False,5,1.89999997616,0.914
3geu FMT 187 D,GOL,FMT,0.241745774074,0.00183824707996,0.239907526994,False,23,1.89999997616,0.724
3get IPA 365 B,GOL,IPA,0.686692564156,0.00306081233697,0.683631751819,False,10,2.0,0.891
3get GOL 366 B,EDO,GOL,0.793865376659,0.0591618702317,0.734703506428,False,2,2.0,0.903
3ges ACT 96 A,SO4,ACT,0.124987845215,0.0624021134822,0.0625857317326,False,6,2.09999990463,0.942
3ger ACT 96 A,NO3,ACT,0.413496935316,0.15990878774,0.253588147576,False,2,1.60000002384,0.926
3gem ACT 239 B,EDO,ACT,0.361340027585,0.157022761958,0.204317265627,False,2,1.79999995232,0.912
3geh GDP 460 A,ADP,GDP,0.362099982207,0.0371576247898,0.324942357417,False,5,3.20000004768,0.919
3geg GOL 249 B,MPD,GOL,0.371548876625,0.297091471088,0.0744574055367,False,2,2.09999990463,0.798
3geg GOL 249 A,MPD,GOL,0.516614400214,0.178593938671,0.338020461543,False,2,2.09999990463,0.743
3ged GOL 248 B,SO4,GOL,0.753108134428,0.0526231230126,0.700485011415,False,3,1.70000004768,0.835
3ged GOL 248 A,SO4,GOL,0.541455168187,0.0161754110815,0.525279757105,False,7,1.70000004768,0.842
3gea SO4 275 A,SO4,SO4,0.667362130983,0.667362130983,0.0,True,1,1.70000004768,0.921
3gea GOL 280 A,GOL,GOL,0.455230055192,0.455230055192,0.0,True,1,1.70000004768,0.839
3gea GOL 279 A,GOL,GOL,0.9110802302,0.9110802302,0.0,True,1,1.70000004768,0.901
3gea GOL 278 A,GOL,GOL,0.944989520482,0.944989520482,0.0,True,1,1.70000004768,0.932
3gea GOL 276 B,SO4,GOL,0.668952237912,0.0421093707472,0.626842867164,False,3,1.70000004768,0.816
3gea GOL 275 B,EDO,GOL,0.361842434415,0.256631971606,0.105210462809,False,2,1.70000004768,0.85
3ge7 GOL 401 A,GOL,GOL,0.978712100981,0.978712100981,0.0,True,1,1.5,0.904
3ge2 GOL 205 A,GOL,GOL,0.160255060895,0.160255060895,0.0,True,1,2.20000004768,0.739
3ge2 GOL 204 A,GOL,GOL,0.269732370705,0.269732370705,0.0,True,1,2.20000004768,0.784
3ge2 GOL 203 A,SO4,GOL,0.687084850845,0.0733515110072,0.613733339838,False,2,2.20000004768,0.773
3ge1 PO4 503 D,SO4,PO4,0.555111838022,0.167602117177,0.387509720845,False,2,2.70000004768,0.889
3ge1 PO4 503 A,SO4,PO4,0.335343340913,0.0222159816388,0.313127359275,False,5,2.70000004768,0.893
3ge1 PO4 502 D,SO4,PO4,0.948498469939,0.0155967555458,0.932901714394,False,2,2.70000004768,0.936
3ge1 PO4 502 A,SO4,PO4,0.868577614392,0.0226347254356,0.845942888956,False,3,2.70000004768,0.935
3ge1 PO4 501 D,SO4,PO4,0.940973808927,0.0197661194547,0.921207689473,False,2,2.70000004768,0.983
3ge1 PO4 501 C,SO4,PO4,0.671274218036,0.07244916689,0.598825051146,False,3,2.70000004768,0.918
3ge1 PO4 501 B,SO4,PO4,0.839532691797,0.0250737057234,0.814458986074,False,3,2.70000004768,0.938
3ge1 PO4 501 A,SO4,PO4,0.943017483513,0.0164962282955,0.926521255217,False,2,2.70000004768,0.967
3ge1 GOL 500 D,GOL,GOL,0.39600534058,0.39600534058,0.0,True,1,2.70000004768,0.942
3ge1 GOL 500 C,EDO,GOL,0.144406385862,0.137155758999,0.00725062686271,False,2,2.70000004768,0.938
3ge1 GOL 500 B,GOL,GOL,0.520427765855,0.520427765855,0.0,True,1,2.70000004768,0.961
3ge1 GOL 500 A,GOL,GOL,0.405648032967,0.405648032967,0.0,True,1,2.70000004768,0.935
3gdq GOL 389 A,GOL,GOL,0.921820530869,0.921820530869,0.0,True,1,1.79999995232,0.922
3gdp IPA 522 B,EDO,IPA,0.511868078948,0.0159691280138,0.495898950934,False,6,1.60000002384,0.929
3gdh SAH 854 C,SAH,SAH,0.867108166749,0.867108166749,0.0,True,1,2.0,0.95
3gdh SAH 854 B,SAH,SAH,0.838164211855,0.838164211855,0.0,True,1,2.0,0.974
3gdh SAH 854 A,SAH,SAH,0.861008229174,0.861008229174,0.0,True,1,2.0,0.961
3gde PO4 559 A,SO4,PO4,0.859294768837,0.0484783853969,0.81081638344,False,2,2.29999995232,0.933
3gde PO4 557 A,PLP,PO4,0.197373325346,0.0297616292642,0.167611696082,False,4,2.29999995232,0.981
3gd8 GOL 6 A,GOL,GOL,0.453221341406,0.453221341406,0.0,True,1,1.79999995232,0.745
3gd8 GOL 4 A,EDO,GOL,0.713381293487,0.0352106556953,0.678170637792,False,4,1.79999995232,0.851
3gd8 GOL 3 A,EDO,GOL,0.653364984551,0.285539007972,0.367825976579,False,2,1.79999995232,0.869
3gd8 GOL 2 A,GOL,GOL,0.689900150244,0.689900150244,0.0,True,1,1.79999995232,0.817
3gd8 GOL 1 A,GOL,GOL,0.898037879781,0.898037879781,0.0,True,1,1.79999995232,0.966
3gd8 BOG 473 A,GOL,BOG,0.339623948765,0.000950490786158,0.338673457979,False,144,1.79999995232,0.646
3gd6 PO4 401 A,SO4,PO4,0.664704257642,0.219179479986,0.445524777656,False,2,1.60000002384,0.937
3gcz SO4 268 A,SO4,SO4,0.930383172006,0.930383172006,0.0,True,1,1.70000004768,0.962
3gcz SO4 267 A,GOL,SO4,0.321535738256,0.152388797748,0.169146940509,False,2,1.70000004768,0.68
3gcz SO4 266 A,SO4,SO4,0.444400015393,0.444400015393,0.0,True,1,1.70000004768,0.881
3gcz SAM 4633 A,SAM,SAM,0.742642013048,0.742642013048,0.0,True,1,1.70000004768,0.96
3gcv BOG 363 A,GOL,BOG,0.147637343229,0.0248348285746,0.122802514654,False,7,2.29999995232,0.768
3gcv BOG 362 A,BGC,BOG,0.681828603131,0.0325015539675,0.649327049163,False,4,2.29999995232,0.911
3gcu MES 404 A,EPE,MES,0.633387836316,0.0141632980955,0.619224538221,False,4,2.09999990463,0.911
3gcu BOG 403 B,OLC,BOG,0.244154343552,0.0345522740452,0.209602069507,False,9,2.09999990463,0.769
3gcu BOG 403 A,NAG,BOG,0.68623713958,0.00222938947229,0.684007750108,False,26,2.09999990463,0.835
3gcu BOG 402 B,BOG,BOG,0.73119754435,0.73119754435,0.0,True,1,2.09999990463,0.954
3gcu BOG 402 A,BOG,BOG,0.96024539091,0.96024539091,0.0,True,1,2.09999990463,0.953
3gct SO4 600 F,SO4,SO4,0.909304755654,0.909304755654,0.0,True,1,1.60000002384,0.925
3gcm FLC 555 B,BGC,FLC,0.149053655752,0.0691594018748,0.0798942538774,False,3,2.5,0.895
3gcm FLC 554 B,GOL,FLC,0.341958931325,0.150055594122,0.191903337203,False,2,2.5,0.736
3gcm FLC 553 B,CIT,FLC,0.432777986345,0.0591898840184,0.373588102327,False,3,2.5,0.869
3gcm FLC 552 B,GOL,FLC,0.854210538433,0.000886045427398,0.853324493005,False,25,2.5,0.8
3gcm FLC 551 C,CIT,FLC,0.616551566425,0.1270084512,0.489543115225,False,2,2.5,0.894
3gcm FLC 551 A,CIT,FLC,0.486688233466,0.0525900501555,0.43409818331,False,2,2.5,0.893
3gcm FLC 550 A,CIT,FLC,0.498379554256,0.194798876068,0.303580678188,False,2,2.5,0.875
3gcl SEP 198 A,SO4,SEP,0.738291119809,0.0121816220051,0.726109497804,False,7,2.5,0.935
3gcl SCN 608 A,GOL,SCN,0.458975839241,0.0199064974688,0.439069341772,False,4,2.5,0.865
3gck SEP 198 A,SO4,SEP,0.34949337312,0.0548221778445,0.294671195275,False,4,2.90000009537,0.97
3gck SCN 616 A,SO4,SCN,0.553439703035,0.0029038504616,0.550535852574,False,26,2.90000009537,0.882
3gcj SEP 198 A,SO4,SEP,0.503168638312,0.00126654017722,0.501902098135,False,26,2.29999995232,0.936
3gcj SCN 615 A,SO4,SCN,0.360206204628,0.0644680693623,0.295738135266,False,4,2.29999995232,0.892
3gca SO4 102 A,MES,SO4_SO4,0.550785975514,0.0156357058264,0.535150269687,False,4,2.5,0.927
3gc6 SO4 281 A,SO4,SO4,0.902600157562,0.902600157562,0.0,True,1,1.5,0.981
3gc6 SO4 280 B,SO4,SO4,0.926142957635,0.926142957635,0.0,True,1,1.5,0.925
3gc6 SO4 280 A,SO4,SO4,0.829572827193,0.829572827193,0.0,True,1,1.5,0.911
3gc6 SO4 279 B,SO4,SO4,0.742886714485,0.742886714485,0.0,True,1,1.5,0.895
3gc5 GOL 402 A,GOL,GOL,0.984596961937,0.984596961937,0.0,True,1,1.39999997616,0.903
3gc4 GOL 404 A,GOL,GOL,0.426538845862,0.426538845862,0.0,True,1,1.79999995232,0.948
3gc4 GOL 402 A,EDO,GOL,0.704689098899,0.171409626622,0.533279472277,False,2,1.79999995232,0.791
3gc4 GOL 400 A,EDO,GOL,0.601770415345,0.252856537737,0.348913877609,False,2,1.79999995232,0.924
3gc2 EPE 402 A,SO4,EPE,0.429066479767,0.0601778725646,0.368888607202,False,4,1.89999997616,0.94
3gc1 SEP 198 A,SO4,SEP,0.545611519188,0.00271234775126,0.542899171436,False,18,2.5,0.939
3gc1 SCN 615 A,SO4,SCN,0.339487179316,0.00692715965621,0.33256001966,False,13,2.5,0.964
3gc0 AMP 309 A,ADP,AMP,0.132511189242,0.0980065202139,0.0345046690281,False,3,2.0,0.922
3gby SO4 126 B,GOL,SO4,0.76554371161,0.0185748085851,0.746968903025,False,4,1.70000004768,0.864
3gby SO4 126 A,GOL,SO4,0.699155717938,0.0779081985991,0.621247519339,False,3,1.70000004768,0.809
3gby EPE 127 B,SO4,EPE,0.456874654562,0.00581487597647,0.451059778585,False,8,1.70000004768,0.785
3gby EPE 127 A,SO4,EPE,0.601809403706,0.000524351196425,0.60128505251,False,32,1.70000004768,0.814
3gbx ACT 501 B,EDO,ACT,0.394193755929,0.201965280011,0.192228475918,False,2,1.79999995232,0.95
3gbu ATP 900 D,ADP_MG,ATP,0.225737015504,0.00889142601115,0.216845589493,False,12,2.20000004768,0.817
3gbu ATP 900 C,SUC,ATP,0.861553738807,0.00406014370832,0.857493595099,False,6,2.20000004768,0.821
3gbu ATP 900 B,NAD,ATP,0.345467325003,0.0401044027401,0.305362922263,False,4,2.20000004768,0.809
3gbu ATP 900 A,ADP_MG,ATP,0.195135248788,0.148310627509,0.0468246212783,False,2,2.20000004768,0.646
3gbr GOL 348 B,GOL,GOL,0.326612034459,0.326612034459,0.0,True,1,2.29999995232,0.839
3gbn GOL 332 A,EDO,GOL,0.429345468072,0.20397459737,0.225370870703,False,3,2.20000004768,
3gbn GOL 181 B,GOL,GOL,0.272872491119,0.272872491119,0.0,True,1,2.20000004768,
3gbm GOL 183 B,GOL,GOL,0.45788775396,0.45788775396,0.0,True,1,2.70000004768,0.943
3gbe FLC 9000 A,CIT,FLC,0.671224018817,0.172973771592,0.498250247224,False,2,1.70000004768,0.865
3gbd FLC 9000 A,MPD,FLC,0.119390657209,0.0112757612141,0.108114895995,False,12,1.89999997616,0.756
3gb9 SO4 302 B,SO4,SO4,0.310437506549,0.310437506549,0.0,True,1,2.29999995232,0.893
3gb9 SO4 302 A,GOL,SO4,0.518391811683,0.0712973415497,0.447094470133,False,4,2.29999995232,0.722
3gb9 SO4 301 B,GOL,SO4,0.526750905754,0.149192771021,0.377558134733,False,2,2.29999995232,0.93
3gb9 SO4 301 A,SO4,SO4,0.588734467089,0.588734467089,0.0,True,1,2.29999995232,0.885
3gb9 SO4 299 B,SO4,SO4,0.360881482128,0.360881482128,0.0,True,1,2.29999995232,0.905
3gb9 SO4 299 A,SO4,SO4,0.694670376745,0.694670376745,0.0,True,1,2.29999995232,0.794
3gb9 SO4 298 C,SO4,SO4,0.515031079574,0.515031079574,0.0,True,1,2.29999995232,0.885
3gb9 SO4 298 B,SO4,SO4,0.633619884689,0.633619884689,0.0,True,1,2.29999995232,0.861
3gb9 SO4 298 A,NAG,SO4,0.379185914534,0.0972562826953,0.281929631839,False,3,2.29999995232,0.779
3gb9 SO4 297 C,SO4,SO4,0.346109594987,0.346109594987,0.0,True,1,2.29999995232,0.909
3gb9 SO4 297 B,GOL,SO4,0.449518856807,0.185806733126,0.263712123681,False,2,2.29999995232,0.819
3gb9 SO4 297 A,SO4,SO4,0.687810482571,0.687810482571,0.0,True,1,2.29999995232,0.901
3gb9 SO4 296 C,NAG,SO4,0.140548629096,0.0955265695391,0.0450220595573,False,2,2.29999995232,0.927
3gb9 SO4 296 B,SO4,SO4,0.816623666655,0.816623666655,0.0,True,1,2.29999995232,0.892
3gb9 SO4 296 A,SO4,SO4,0.708341873137,0.708341873137,0.0,True,1,2.29999995232,0.88
3gb9 SO4 295 C,SO4,SO4,0.713360504909,0.713360504909,0.0,True,1,2.29999995232,0.895
3gb9 SO4 295 B,SO4,SO4,0.746827625095,0.746827625095,0.0,True,1,2.29999995232,0.93
3gb9 SO4 295 A,SO4,SO4,0.88373917871,0.88373917871,0.0,True,1,2.29999995232,0.89
3gb9 SO4 294 C,SO4,SO4,0.842467339782,0.842467339782,0.0,True,1,2.29999995232,0.88
3gb9 SO4 294 B,SO4,SO4,0.947288589222,0.947288589222,0.0,True,1,2.29999995232,0.97
3gb9 SO4 294 A,SO4,SO4,0.795996394404,0.795996394404,0.0,True,1,2.29999995232,0.947
3gb9 SO4 293 C,SO4,SO4,0.713197145716,0.713197145716,0.0,True,1,2.29999995232,0.883
3gb9 SO4 293 B,SO4,SO4,0.934857681812,0.934857681812,0.0,True,1,2.29999995232,0.989
3gb9 SO4 293 A,SO4,SO4,0.809747728335,0.809747728335,0.0,True,1,2.29999995232,0.958
3gb9 SO4 292 C,SO4,SO4,0.939732266923,0.939732266923,0.0,True,1,2.29999995232,0.934
3gb9 SO4 292 B,SO4,SO4,0.907395457936,0.907395457936,0.0,True,1,2.29999995232,0.995
3gb9 SO4 292 A,SO4,SO4,0.85442615586,0.85442615586,0.0,True,1,2.29999995232,0.964
3gb9 SO4 291 C,SO4,SO4,0.677636669865,0.677636669865,0.0,True,1,2.29999995232,0.923
3gb9 SO4 291 B,SO4,SO4,0.89435867337,0.89435867337,0.0,True,1,2.29999995232,0.949
3gb9 SO4 291 A,SO4,SO4,0.868876260055,0.868876260055,0.0,True,1,2.29999995232,0.982
3gb9 SO4 290 C,SO4,SO4,0.919748201163,0.919748201163,0.0,True,1,2.29999995232,0.993
3gb9 SO4 290 B,SO4,SO4,0.88578555983,0.88578555983,0.0,True,1,2.29999995232,0.996
3gb9 SO4 290 A,SO4,SO4,0.839892097634,0.839892097634,0.0,True,1,2.29999995232,0.981
3gb9 GOL 299 C,SO4,GOL,0.724537045188,0.0318310989049,0.692705946283,False,4,2.29999995232,0.749
3gb5 PO4 302 A,SO4,PO4,0.597902884352,0.285690280129,0.312212604223,False,2,2.0,0.982
3gb5 ACT 304 A,EDO,ACT,0.543295002656,0.116208697604,0.427086305052,False,2,2.0,0.723
3gb5 ACT 303 A,EDO,ACT,0.273651966801,0.104444114111,0.169207852691,False,2,2.0,0.914
3gb3 SO4 239 B,SO4,SO4,0.854367434059,0.854367434059,0.0,True,1,1.79999995232,0.97
3gb3 SO4 239 A,EDO,SO4,0.221191748473,0.219225672934,0.0019660755394,False,2,1.79999995232,0.928
3gb3 SO4 238 B,SO4,SO4,0.839280726942,0.839280726942,0.0,True,1,1.79999995232,0.964
3gb3 SO4 238 A,SO4,SO4,0.780896169731,0.780896169731,0.0,True,1,1.79999995232,0.872
3gb2 PTR 216 A,PTR,PTR,0.245990534542,0.245990534542,0.0,True,1,2.40000009537,0.928
3gb0 GOL 376 A,GOL,GOL,0.653115278269,0.653115278269,0.0,True,1,2.0,0.842
3gb0 GOL 375 A,GOL,GOL,0.875976800619,0.875976800619,0.0,True,1,2.0,0.949
3gb0 GOL 374 A,GOL,GOL,0.862202114959,0.862202114959,0.0,True,1,2.0,0.957
3gb0 GOL 373 A,SO4,GOL,0.814187314481,0.00560978281472,0.808577531667,False,4,2.0,0.906
3gao ACT 96 A,ACT,ACT,0.412251271042,0.412251271042,0.0,True,1,1.89999997616,0.982
3gak SO4 330 A,SO4,SO4,0.814844106154,0.814844106154,0.0,True,1,2.90000009537,0.959
3gak SO4 329 B,SO4,SO4,0.840405012912,0.840405012912,0.0,True,1,2.90000009537,0.979
3gak SO4 328 A,SO4,SO4,0.473986500787,0.473986500787,0.0,True,1,2.90000009537,0.977
3gak SO4 327 A,SO4,SO4,0.607126871403,0.607126871403,0.0,True,1,2.90000009537,0.972
3gaj B12 800 A,HEM,B12,0.218916573342,0.121900575452,0.0970159978901,False,2,1.39999997616,0.951
3gaj ATP 999 A,ATP_MG,ATP_MG,0.290508470516,0.290508470516,0.0,True,1,1.39999997616,0.987
3gai B12 800 A,C2E,B12,0.250565673203,0.233615101354,0.0169505718487,False,2,1.5,0.961
3gai ATP 999 A,ATP_MG,ATP_MG,0.387841945965,0.387841945965,0.0,True,1,1.5,0.993
3gah B12 800 A,HEM,B12,0.190525497353,0.0287371128895,0.161788384464,False,5,1.20000004768,0.971
3gah ATP 999 A,ATP_MG,ATP_MG,0.275016986549,0.275016986549,0.0,True,1,1.20000004768,0.992
3gag SO4 206 D,SO4,SO4,0.717767224735,0.717767224735,0.0,True,1,1.70000004768,0.969
3gag SO4 206 A,SO4,SO4,0.955757402306,0.955757402306,0.0,True,1,1.70000004768,0.946
3gag GOL 209 D,NO3,GOL,0.3639904196,0.015503808166,0.348486611434,False,7,1.70000004768,0.899
3gag GOL 209 A,EDO,GOL,0.525181254743,0.110792086831,0.414389167912,False,3,1.70000004768,0.921
3gag GOL 208 D,SO4,GOL,0.423110830497,0.0224355533079,0.400675277189,False,6,1.70000004768,0.878
3gag GOL 208 A,GOL,GOL,0.859365464746,0.859365464746,0.0,True,1,1.70000004768,0.86
3gad SO4 119 F,SO4,SO4,0.777698950113,0.777698950113,0.0,True,1,1.79999995232,0.943
3gad SO4 119 D,SO4,SO4,0.365721354498,0.365721354498,0.0,True,1,1.79999995232,0.769
3gad SO4 119 C,SO4,SO4,0.84706793985,0.84706793985,0.0,True,1,1.79999995232,0.949
3gad SO4 119 B,SO4,SO4,0.623706415132,0.623706415132,0.0,True,1,1.79999995232,0.977
3gad SO4 1 B,SO4,SO4,0.902827059561,0.902827059561,0.0,True,1,1.79999995232,0.973
3gac SO4 119 F,SO4,SO4,0.885815614115,0.885815614115,0.0,True,1,2.09999990463,0.878
3gac SO4 119 E,SO4,SO4,0.606083885308,0.606083885308,0.0,True,1,2.09999990463,0.939
3gac SO4 119 C,SO4,SO4,0.974327094278,0.974327094278,0.0,True,1,2.09999990463,0.986
3gac SO4 119 A,SO4,SO4,0.672281629875,0.672281629875,0.0,True,1,2.09999990463,0.946
3gac SO4 1 E,SO4,SO4,0.95583157171,0.95583157171,0.0,True,1,2.09999990463,0.965
3ga7 SEP 165 A,SEP,SEP,0.755337956297,0.755337956297,0.0,True,1,1.5,0.936
3ga6 GOL 7033 B,GOL,GOL,0.659493820107,0.659493820107,0.0,True,1,1.89999997616,0.976
3ga6 GOL 7030 A,ACE,GOL,0.94735787427,0.002363037168,0.944994837102,False,4,1.89999997616,0.929
3ga6 GOL 7020 A,GOL,GOL,0.431461385402,0.431461385402,0.0,True,1,1.89999997616,0.951
3ga6 GOL 7015 A,GOL,GOL,0.394110524335,0.394110524335,0.0,True,1,1.89999997616,0.853
3ga6 GOL 7011 B,GOL,GOL,0.600170592575,0.600170592575,0.0,True,1,1.89999997616,0.963
3ga5 SCN 600 A,SCN,SCN,0.962896881356,0.962896881356,0.0,True,1,1.89999997616,0.988
3ga1 NO3 128 B,EDO,NO3,0.305886609059,0.0456205085135,0.260266100545,False,6,2.09999990463,0.968
3ga1 NO3 127 B,SO4,NO3,0.403917274857,0.0679601579756,0.335957116881,False,5,2.09999990463,0.974
3ga1 NO3 126 B,EDO,NO3,0.469439340433,0.00813596795679,0.461303372476,False,6,2.09999990463,0.91
3ga1 NO3 126 A,ACT,NO3,0.523907398038,0.104526056225,0.419381341813,False,2,2.09999990463,0.953
3ga0 FMT 801 A,SO4,FMT,0.574232652056,0.00239764910644,0.571835002949,False,9,3.40000009537,0.916
3ga0 FMT 800 A,SO4,FMT,0.567237696444,0.0051490972487,0.562088599195,False,8,3.40000009537,0.835
3g9w GOL 411 B,GOL,GOL,0.566123198063,0.566123198063,0.0,True,1,2.20000004768,0.84
3g9w GOL 409 B,GOL,GOL,0.821581503193,0.821581503193,0.0,True,1,2.20000004768,0.759
3g9w GOL 409 A,GOL,GOL,0.986061967434,0.986061967434,0.0,True,1,2.20000004768,0.962
3g9w GOL 1 C,GOL,GOL,0.486855334395,0.486855334395,0.0,True,1,2.20000004768,0.87
3g9w GOL 1 B,GOL,GOL,0.963485699826,0.963485699826,0.0,True,1,2.20000004768,0.939
3g9w GOL 1 A,GOL,GOL,0.934831710376,0.934831710376,0.0,True,1,2.20000004768,0.961
3g9r PO4 44 A,SO4,PO4,0.854071352169,0.0292798825547,0.824791469614,False,2,2.0,0.97
3g9r PO4 43 D,SO4,PO4,0.282905364245,0.0377525500637,0.245152814181,False,6,2.0,0.925
3g9r PO4 43 C,SO4,PO4,0.704270652933,0.0970364780492,0.607234174884,False,2,2.0,0.905
3g9r PO4 43 B,SO4,PO4,0.644687110613,0.0332677588355,0.611419351777,False,4,2.0,0.91
3g9r PO4 43 A,GOL,PO4,0.305887542298,0.0038971451973,0.301990397101,False,13,2.0,0.95
3g9c GTP 12 S,GDP,GTP,0.336645151115,0.147201952295,0.18944319882,False,2,2.90000009537,0.862
3g9c GTP 12 R,SEP,GTP,0.150000794621,0.0160841125753,0.133916682046,False,13,2.90000009537,0.826
3g9c GTP 12 Q,GTP,GTP,0.321800108616,0.321800108616,0.0,True,1,2.90000009537,0.84
3g9c GTP 12 P,NAD,GTP,0.41467183621,0.142556296997,0.272115539213,False,2,2.90000009537,0.851
3g96 GTP 12 S,GTP,GTP,0.321040699403,0.321040699403,0.0,True,1,3.0,0.863
3g96 GTP 12 P,MAN,GTP,0.203435843122,0.0227640853328,0.180671757789,False,7,3.0,0.775
3g8v PG4 269 A,EDO,PG4,0.265565031837,0.00193566097062,0.263629370867,False,20,2.40000009537,0.725
3g8t GTP 12 S,SO4,GTP,0.488537116235,0.0201091966426,0.468427919592,False,7,3.0,0.776
3g8t GTP 12 R,UMP,GTP,0.193364494477,0.0329904203061,0.160374074171,False,4,3.0,0.761
3g8t GTP 12 Q,GTP,GTP,0.200966752277,0.200966752277,0.0,True,1,3.0,0.864
3g8t GTP 12 P,NAG,GTP,0.326918635012,0.00912180805747,0.317796826955,False,10,3.0,0.759
3g8s GTP 12 S,MAN,GTP,0.621308399445,0.00220804362378,0.619100355822,False,21,3.09999990463,0.79
3g8s GTP 12 R,GTP,GTP,0.173828357445,0.173828357445,0.0,True,1,3.09999990463,0.837
3g8s GTP 12 Q,CYC,GTP,0.174220567267,0.125219430942,0.049001136325,False,2,3.09999990463,0.864
3g8o SO4 1 B,SO4,SO4,0.938161059873,0.938161059873,0.0,True,1,1.89999997616,0.988
3g8h SO4 401 A,SO4,SO4,0.630111887779,0.630111887779,0.0,True,1,1.39999997616,0.923
3g8g SO4 401 A,SO4,SO4,0.950166814874,0.950166814874,0.0,True,1,1.70000004768,0.891
3g8f SO4 137 A,SO4,SO4,0.917292026832,0.917292026832,0.0,True,1,1.29999995232,0.92
3g8f SO4 135 A,SO4,SO4,0.916880031289,0.916880031289,0.0,True,1,1.29999995232,0.853
3g8d SO4 1003 B,SO4,SO4,0.906778234632,0.906778234632,0.0,True,1,1.89999997616,0.988
3g8d SO4 1003 A,SO4,SO4,0.908435633199,0.908435633199,0.0,True,1,1.89999997616,0.986
3g8c BCT 1007 B,ACY,BCT,0.222016672954,0.0377609148385,0.184255758116,False,6,2.0,0.985
3g8c BCT 1006 A,ACT,BCT,0.540356938028,0.060537491254,0.479819446774,False,4,2.0,0.984
3g8b SO4 250 A,MPD,SO4,0.558496619398,0.0511822535715,0.507314365827,False,3,2.09999990463,0.821
3g8b SAM 303 B,SAH,SAM,0.61794789252,0.311199729809,0.306748162711,False,2,2.09999990463,0.973
3g8b SAM 303 A,SAM,SAM,0.639248152839,0.639248152839,0.0,True,1,2.09999990463,0.957
3g8a SAH 303 D,GOL,SAH,0.195993341349,0.00255105259225,0.193442288757,False,52,2.09999990463,0.873
3g8a SAH 303 C,GOL,SAH,0.301361268372,0.00156403807985,0.299797230293,False,76,2.09999990463,0.876
3g8a SAH 303 A,GOL,SAH,0.469159162314,0.00133442087039,0.467824741444,False,52,2.09999990463,0.858
3g88 SAM 303 B,SAH,SAM,0.579575264946,0.289271205097,0.290304059849,False,2,1.89999997616,0.972
3g88 SAM 303 A,SAM,SAM,0.52750789206,0.52750789206,0.0,True,1,1.89999997616,0.975
3g85 GOL 401 A,GOL,GOL,0.429441307065,0.429441307065,0.0,True,1,1.79999995232,0.739
3g7x GOL 172 B,SO4,GOL,0.71514404021,0.0143721191533,0.700771921056,False,6,1.60000002384,0.768
3g7x GOL 172 A,SO4,GOL,0.359149511856,0.240020767675,0.119128744182,False,2,1.60000002384,0.817
3g7w SO4 413 A,SO4,SO4,0.451689045664,0.451689045664,0.0,True,1,1.70000004768,0.907
3g7w SO4 412 A,EDO,SO4,0.235410551849,0.22061616784,0.0147943840095,False,2,1.70000004768,0.834
3g7w SO4 411 A,SO4,SO4,0.499766611515,0.499766611515,0.0,True,1,1.70000004768,0.947
3g7w SO4 410 A,SO4,SO4,0.643478727256,0.643478727256,0.0,True,1,1.70000004768,0.757
3g7w SO4 408 A,SO4,SO4,0.377412690571,0.377412690571,0.0,True,1,1.70000004768,0.828
3g7w SO4 407 A,SO4,SO4,0.442459090429,0.442459090429,0.0,True,1,1.70000004768,0.873
3g7w SO4 406 A,SO4,SO4,0.841712697786,0.841712697786,0.0,True,1,1.70000004768,0.971
3g7w SO4 405 A,EDO,SO4,0.23194783614,0.178622646237,0.0533251899031,False,2,1.70000004768,0.726
3g7w SO4 404 A,SO4,SO4,0.898216284558,0.898216284558,0.0,True,1,1.70000004768,0.863
3g7w SO4 403 A,SO4,SO4,0.90622667388,0.90622667388,0.0,True,1,1.70000004768,0.965
3g7w SO4 401 A,SO4,SO4,0.919997736274,0.919997736274,0.0,True,1,1.70000004768,0.955
3g7w SO4 399 A,SO4,SO4,0.732321218025,0.732321218025,0.0,True,1,1.70000004768,0.886
3g7w SO4 398 A,SO4,SO4,0.908886858666,0.908886858666,0.0,True,1,1.70000004768,0.961
3g7w SO4 397 A,SO4,SO4,0.926144068077,0.926144068077,0.0,True,1,1.70000004768,0.927
3g7w SO4 396 A,SO4,SO4,0.961966786121,0.961966786121,0.0,True,1,1.70000004768,0.945
3g7w SO4 395 A,SO4,SO4,0.475389145798,0.475389145798,0.0,True,1,1.70000004768,0.988
3g7w SO4 394 A,SO4,SO4,0.786812032189,0.786812032189,0.0,True,1,1.70000004768,0.919
3g7w SO4 393 A,SO4,SO4,0.898332089123,0.898332089123,0.0,True,1,1.70000004768,0.984
3g7w GOL 414 A,GOL,GOL,0.628754083773,0.628754083773,0.0,True,1,1.70000004768,0.852
3g7v SO4 412 C,GOL,SO4,0.626036335185,0.136161826659,0.489874508526,False,2,1.89999997616,0.846
3g7v SO4 412 B,SO4,SO4,0.353586706057,0.353586706057,0.0,True,1,1.89999997616,0.865
3g7v SO4 411 C,EDO,SO4,0.577640621934,0.0333327319055,0.544307890029,False,3,1.89999997616,0.851
3g7v SO4 411 B,GOL,SO4,0.612142827642,0.0677588273599,0.544384000282,False,3,1.89999997616,0.712
3g7v SO4 410 D,SO4,SO4,0.429601963595,0.429601963595,0.0,True,1,1.89999997616,0.93
3g7v SO4 410 C,SO4,SO4,0.609867384319,0.609867384319,0.0,True,1,1.89999997616,0.844
3g7v SO4 410 B,SO4,SO4,0.35225404565,0.35225404565,0.0,True,1,1.89999997616,0.856
3g7v SO4 409 D,EDO,SO4,0.488880113116,0.0566156033855,0.43226450973,False,4,1.89999997616,0.84
3g7v SO4 409 A,EDO,SO4,0.438231159011,0.122958151338,0.315273007673,False,2,1.89999997616,0.765
3g7v SO4 408 D,SO4,SO4,0.722088933439,0.722088933439,0.0,True,1,1.89999997616,0.961
3g7v SO4 408 C,SO4,SO4,0.35972699474,0.35972699474,0.0,True,1,1.89999997616,0.856
3g7v SO4 408 B,ACT,SO4,0.363166905759,0.147917790775,0.215249114984,False,3,1.89999997616,0.848
3g7v SO4 408 A,SO4,SO4,0.695372499073,0.695372499073,0.0,True,1,1.89999997616,0.964
3g7v GOL 413 C,GOL,GOL,0.299643843819,0.299643843819,0.0,True,1,1.89999997616,0.699
3g7v GOL 410 A,GOL,GOL,0.477493942313,0.477493942313,0.0,True,1,1.89999997616,0.756
3g7u GOL 402 A,GOL,GOL,0.375970192099,0.375970192099,0.0,True,1,1.79999995232,0.912
3g7p SO4 158 A,SO4,SO4,0.918845164105,0.918845164105,0.0,True,1,2.0,0.706
3g7p SO4 157 A,SO4,SO4,0.391704472448,0.391704472448,0.0,True,1,2.0,0.788
3g7p SO4 156 A,SO4,SO4,0.729595863989,0.729595863989,0.0,True,1,2.0,0.865
3g7m GOL 2690 A,SO4,GOL,0.2954677795,0.253835498994,0.041632280506,False,2,2.90000009537,0.797
3g7l M3L 9 P,MLY,M3L,0.670180456815,0.0200947349394,0.650085721875,False,5,2.0,0.961
3g7i GSH 220 B,GOL,GSH,0.130458840736,0.130333510799,0.000125329936718,False,2,2.0,0.837
3g7f SO4 813 C,SO4,SO4,0.290326237698,0.290326237698,0.0,True,1,2.5,0.918
3g7f SO4 812 H,SO4,SO4,0.501130426951,0.501130426951,0.0,True,1,2.5,0.94
3g7f SO4 811 C,SO4,SO4,0.885034481461,0.885034481461,0.0,True,1,2.5,0.928
3g7f SO4 810 C,SO4,SO4,0.284479289584,0.284479289584,0.0,True,1,2.5,0.952
3g7f SO4 809 C,SO4,SO4,0.616193252877,0.616193252877,0.0,True,1,2.5,0.913
3g7f SO4 808 C,SO4,SO4,0.429092954757,0.429092954757,0.0,True,1,2.5,0.918
3g7f SO4 807 H,SO4,SO4,0.563090337754,0.563090337754,0.0,True,1,2.5,0.938
3g7f SO4 806 H,SO4,SO4,0.723117402003,0.723117402003,0.0,True,1,2.5,0.977
3g7f SO4 805 M,SO4,SO4,0.733494640484,0.733494640484,0.0,True,1,2.5,0.932
3g7f SO4 804 M,SO4,SO4,0.961043524909,0.961043524909,0.0,True,1,2.5,0.983
3g7f SO4 803 H,SO4,SO4,0.892672303372,0.892672303372,0.0,True,1,2.5,0.962
3g7f SO4 802 M,SO4,SO4,0.561531562871,0.561531562871,0.0,True,1,2.5,0.99
3g7f SO4 801 M,SO4,SO4,0.917985878493,0.917985878493,0.0,True,1,2.5,0.991
3g7f HEC 404 C,HEC,HEC,0.598124864125,0.598124864125,0.0,True,1,2.5,0.977
3g7f HEC 403 C,HEC,HEC,0.563871517258,0.563871517258,0.0,True,1,2.5,0.988
3g7f HEC 402 C,HEC,HEC,0.669149052184,0.669149052184,0.0,True,1,2.5,0.975
3g7f HEC 401 C,HEC,HEC,0.953715157488,0.953715157488,0.0,True,1,2.5,0.98
3g7a GOL 37 A,NAG,GOL,0.658195763377,0.0102436731771,0.6479520902,False,5,2.79999995232,0.883
3g74 SO4 99 H,SO4,SO4,0.340077444567,0.340077444567,0.0,True,1,2.40000009537,0.95
3g74 SO4 99 G,SO4,SO4,0.361400373551,0.361400373551,0.0,True,1,2.40000009537,0.883
3g74 SO4 99 E,SO4,SO4,0.559487218492,0.559487218492,0.0,True,1,2.40000009537,0.911
3g74 SO4 99 A,EDO,SO4,0.269458460583,0.047491870882,0.221966589701,False,5,2.40000009537,0.864
3g74 SO4 98 H,SO4,SO4,0.674869787228,0.674869787228,0.0,True,1,2.40000009537,0.963
3g74 SO4 98 G,SO4,SO4,0.373225084843,0.373225084843,0.0,True,1,2.40000009537,0.966
3g74 SO4 98 F,GOL,SO4,0.285718426904,0.122909188714,0.16280923819,False,2,2.40000009537,0.837
3g74 SO4 98 E,SO4,SO4,0.228086753636,0.228086753636,0.0,True,1,2.40000009537,0.849
3g74 SO4 98 D,SO4,SO4,0.399891819566,0.399891819566,0.0,True,1,2.40000009537,0.924
3g74 SO4 98 A,SO4,SO4,0.935333552129,0.935333552129,0.0,True,1,2.40000009537,0.974
3g74 SO4 100 E,SO4,SO4,0.53558176822,0.53558176822,0.0,True,1,2.40000009537,0.946
3g74 SO4 100 A,PO4,SO4,0.494661920991,0.265667391005,0.228994529986,False,2,2.40000009537,0.969
3g6w POP 307 B,SO4,POP,0.387033906242,0.00154735737193,0.38548654887,False,39,2.90000009537,0.845
3g6p ACT 3 A,GOL,ACT,0.439086626429,0.0340340410737,0.405052585355,False,3,2.0,0.79
3g6p ACT 19 C,EDO,ACT,0.655654542404,0.0430074337085,0.612647108696,False,3,2.0,0.832
3g6k SO4 310 B,SO4,SO4,0.902271786737,0.902271786737,0.0,True,1,1.39999997616,0.956
3g6k SO4 308 D,SO4,SO4,0.904070318749,0.904070318749,0.0,True,1,1.39999997616,0.955
3g6i SO4 3 A,SO4,SO4,0.874373960678,0.874373960678,0.0,True,1,1.89999997616,0.891
3g6g GOL 1003 A,EDO,GOL,0.394409817218,0.256833437819,0.137576379399,False,2,2.29999995232,0.913
3g6g GOL 1002 B,GOL,GOL,0.394027483352,0.394027483352,0.0,True,1,2.29999995232,0.906
3g6d SO4 1001 H,SO4,SO4,0.325992444657,0.325992444657,0.0,True,1,3.09999990463,0.917
3g69 SO4 2 A,SO4,SO4,0.883741038596,0.883741038596,0.0,True,1,2.0,0.98
3g69 SO4 1 B,SO4,SO4,0.73128292144,0.73128292144,0.0,True,1,2.0,0.978
3g69 MES 5121 B,EPE,MES,0.750982287414,0.00420420001509,0.746778087399,False,10,2.0,0.926
3g69 MES 258 B,EPE,MES,0.599090669474,0.0103772172906,0.588713452183,False,6,2.0,0.935
3g66 MES 5121 B,EPE,MES,0.129988468055,0.0511675771405,0.0788208909145,False,3,1.70000004768,0.904
3g66 MES 5121 A,EPE,MES,0.718309011621,0.00366153407966,0.714647477542,False,11,1.70000004768,0.861
3g64 SO4 279 B,GOL,SO4,0.263825474817,0.0835346915357,0.180290783281,False,3,2.09999990463,0.728
3g64 GOL 280 A,EDO,GOL,0.410453876008,0.394925969946,0.0155279060614,False,2,2.09999990463,0.926
3g64 GOL 278 C,ACT,GOL,0.213245408461,0.101397640308,0.111847768153,False,4,2.09999990463,0.853
3g5w GOL 4 A,GOL,GOL,0.533259061534,0.533259061534,0.0,True,1,1.89999997616,0.852
3g5w GOL 362 E,GOL,GOL,0.456595079842,0.456595079842,0.0,True,1,1.89999997616,0.893
3g5w GOL 362 A,GOL,GOL,0.434389115658,0.434389115658,0.0,True,1,1.89999997616,0.844
3g5w GOL 3 D,MPD,GOL,0.263320805467,0.12444088733,0.138879918137,False,2,1.89999997616,0.911
3g5v GOL 500 B,GOL,GOL,0.684796267108,0.684796267108,0.0,True,1,2.0,0.887
3g5v FMT 700 B,ACT,FMT,0.294027638858,0.095116402538,0.19891123632,False,3,2.0,0.826
3g5v ACT 600 A,EDO,ACT,0.731626762968,0.0281327112363,0.703494051732,False,3,2.0,0.703
3g5s GSH 445 A,MG,MG,0.152922518028,0.152922518028,0.0,True,1,1.0,0.884
3g5q MRD 445 A,SO4,MRD,0.222657637836,0.0220584690286,0.200599168807,False,7,2.09999990463,0.941
3g5o SCN 503 A,EDO,SCN,0.833664786907,0.0315875355957,0.802077251312,False,2,2.0,0.948
3g5o GOL 504 A,GOL,GOL,0.779833377577,0.779833377577,0.0,True,1,2.0,0.871
3g5j GOL 303 A,EDO,GOL,0.389852697999,0.355227576867,0.0346251211324,False,2,1.79999995232,0.868
3g5b PO4 3 A,EDO,PO4,0.607765515216,0.00818280196634,0.59958271325,False,10,2.0,0.79
3g5b PO4 2 A,SO4,PO4,0.292211437526,0.0103457013821,0.281865736144,False,11,2.0,0.839
3g5b PO4 1 A,GOL,PO4,0.228725305176,0.0252073928043,0.203517912372,False,4,2.0,0.88
3g59 ATP 305 A,NAP,ATP,0.184814947751,0.105699601485,0.0791153462658,False,3,1.89999997616,0.955
3g59 ACT 306 A,EDO,ACT,0.553981257427,0.0752418360895,0.478739421337,False,2,1.89999997616,0.851
3g58 SO4 1 A,SO4,SO4,0.8409909608,0.8409909608,0.0,True,1,2.0,0.956
3g51 ANP 480 A,NAP,ANP,0.173665450329,0.0432383067736,0.130427143555,False,5,1.79999995232,0.924
3g4t PO4 266 B,MG_PO4,MG_PO4,0.488587947763,0.488587947763,0.0,True,1,2.59999990463,0.944
3g4t PO4 266 A,CAS,MG_PO4,0.227161551143,0.126213571017,0.100947980126,False,3,2.59999990463,0.935
3g4t PO4 10 I,EDO,PO4,0.248574810047,0.167661569828,0.0809132402191,False,3,2.59999990463,0.659
3g4m ACT 96 A,SO4,ACT,0.589804963581,0.0359644374237,0.553840526157,False,4,2.40000009537,0.979
3g4l SO4 4 A,SO4,SO4,0.864570692255,0.864570692255,0.0,True,1,2.5,0.985
3g4l SO4 3 B,SO4,SO4,0.499929234429,0.499929234429,0.0,True,1,2.5,0.947
3g4l SO4 2 C,SO4,SO4,0.84157796023,0.84157796023,0.0,True,1,2.5,0.978
3g4l SO4 1 D,SO4,SO4,0.61041272224,0.61041272224,0.0,True,1,2.5,0.971
3g4k SO4 3 C,SO4,SO4,0.33268698917,0.33268698917,0.0,True,1,2.0,0.92
3g4k SO4 2 D,NO3,SO4,0.405964599842,0.124133960499,0.281830639343,False,3,2.0,0.951
3g4k SO4 1 A,SO4,SO4,0.787816593036,0.787816593036,0.0,True,1,2.0,0.958
3g4i SO4 4 B,SO4,SO4,0.508909557721,0.508909557721,0.0,True,1,1.89999997616,0.926
3g4i SO4 3 A,SO4,SO4,0.853287063868,0.853287063868,0.0,True,1,1.89999997616,0.958
3g4i SO4 2 C,SO4,SO4,0.340722266321,0.340722266321,0.0,True,1,1.89999997616,0.883
3g4i EOH 12 A,EDO,EOH,0.453198605233,0.00196277114517,0.451235834088,False,23,1.89999997616,0.905
3g4i EOH 11 B,EDO,EOH,0.976306329622,0.000216881650963,0.976089447971,False,5,1.89999997616,0.83
3g4i EOH 10 B,EDO,EOH,0.805250849435,0.00243187419963,0.802818975235,False,7,1.89999997616,0.9
3g4d GOL 2434 B,SO4,GOL,0.382272306421,0.20600776844,0.176264537981,False,2,2.40000009537,0.959
3g4d GOL 2433 B,GOL,GOL,0.503769616678,0.503769616678,0.0,True,1,2.40000009537,0.65
3g4d GOL 2432 B,GOL,GOL,0.37815738972,0.37815738972,0.0,True,1,2.40000009537,0.956
3g4d GOL 2431 B,GOL,GOL,0.354143547539,0.354143547539,0.0,True,1,2.40000009537,0.779
3g49 NAP 2003 B,NAP,NAP,0.453697383371,0.453697383371,0.0,True,1,2.5,0.971
3g49 NAP 2002 A,NAP,NAP,0.815756282999,0.815756282999,0.0,True,1,2.5,0.97
3g49 NAP 2001 D,NAP,NAP,0.595192782869,0.595192782869,0.0,True,1,2.5,0.972
3g49 NAP 2000 C,NDP,NAP,0.418157010396,0.131651582861,0.286505427535,False,3,2.5,0.966
3g48 SO4 3001 A,SO4,SO4,0.97825308129,0.97825308129,0.0,True,1,1.5,0.992
3g48 GOL 1002 B,SO4,GOL,0.663667708115,0.00683200387748,0.656835704237,False,7,1.5,0.706
3g3y GOL 269 A,GOL,GOL,0.355363361726,0.355363361726,0.0,True,1,2.5,0.881
3g3y GOL 268 A,GOL,GOL,0.660537300896,0.660537300896,0.0,True,1,2.5,0.824
3g3y GOL 267 B,GOL,GOL,0.302714143718,0.302714143718,0.0,True,1,2.5,0.92
3g3y GOL 267 A,NAG,GOL,0.717427166792,0.078737580079,0.638689586713,False,2,2.5,0.917
3g3u SO4 8 B,ACT,SO4,0.497294730114,0.0288913774917,0.468403352622,False,5,2.09999990463,0.928
3g3u SO4 7 A,SO4,SO4,0.83462864674,0.83462864674,0.0,True,1,2.09999990463,0.926
3g3u SO4 6 A,SO4,SO4,0.74705314213,0.74705314213,0.0,True,1,2.09999990463,0.922
3g3u SO4 5 B,SO4,SO4,0.805069066461,0.805069066461,0.0,True,1,2.09999990463,0.962
3g3u SO4 3 B,SO4,SO4,0.685257521745,0.685257521745,0.0,True,1,2.09999990463,0.968
3g3u SO4 2 B,SO4,SO4,0.667486931466,0.667486931466,0.0,True,1,2.09999990463,0.921
3g3u SO4 1 A,SO4,SO4,0.82464841948,0.82464841948,0.0,True,1,2.09999990463,0.969
3g3t PO4 1003 A,SO4,PO4,0.360873781942,0.166682165849,0.194191616093,False,2,1.89999997616,0.898
3g3t PO4 1002 A,SO4,PO4,0.805054130786,0.0721195201264,0.732934610659,False,2,1.89999997616,0.979
3g3t PO4 1001 A,SO4,PO4,0.473988582692,0.261183619075,0.212804963617,False,2,1.89999997616,0.937
3g3t PO4 1000 A,PO4,PO4,0.752667693152,0.752667693152,0.0,True,1,1.89999997616,0.966
3g3r SO4 7 A,SO4,SO4,0.288567410816,0.288567410816,0.0,True,1,2.0,0.919
3g3r SO4 6 B,SO4,SO4,0.756503384305,0.756503384305,0.0,True,1,2.0,0.95
3g3r SO4 5 A,SO4,SO4,0.556290446846,0.556290446846,0.0,True,1,2.0,0.892
3g3r SO4 4 B,SO4,SO4,0.242603494567,0.242603494567,0.0,True,1,2.0,0.962
3g3r SO4 3 B,SO4,SO4,0.811802792404,0.811802792404,0.0,True,1,2.0,0.932
3g3r SO4 2 A,SO4,SO4,0.74520640079,0.74520640079,0.0,True,1,2.0,0.967
3g3q SO4 482 B,SO4,SO4,0.372885524654,0.372885524654,0.0,True,1,2.59999990463,0.948
3g3q SO4 481 B,SO4,SO4,0.76842332066,0.76842332066,0.0,True,1,2.59999990463,0.974
3g3q SO4 1 A,SO4,SO4,0.806240660485,0.806240660485,0.0,True,1,2.59999990463,0.964
3g3o SO4 1002 A,SO4,SO4,0.866198536566,0.866198536566,0.0,True,1,2.09999990463,0.979
3g3o SO4 1001 A,SO4,SO4,0.696365904013,0.696365904013,0.0,True,1,2.09999990463,0.888
3g3o SO4 1000 A,SO4,SO4,0.869909830393,0.869909830393,0.0,True,1,2.09999990463,0.95
3g3m CSX 115 A,CSO,CSX,0.242567118767,0.0696434269489,0.172923691818,False,3,1.39999997616,0.932
3g3l SO4 1 A,SO4,SO4,0.625394895376,0.625394895376,0.0,True,1,2.20000004768,0.914
3g3l GOL 9 A,GOL,GOL,0.635205064791,0.635205064791,0.0,True,1,2.20000004768,0.739
3g3l GOL 8 A,EDO,GOL,0.452707636624,0.426251391121,0.0264562455036,False,2,2.20000004768,0.916
3g3l GOL 5 A,GOL,GOL,0.312270114518,0.312270114518,0.0,True,1,2.20000004768,0.605
3g3l GOL 4 A,EDO,GOL,0.310702798683,0.29670357359,0.0139992250933,False,2,2.20000004768,0.845
3g3l GOL 3 A,GOL,GOL,0.705075147752,0.705075147752,0.0,True,1,2.20000004768,0.917
3g3l GOL 2 A,GOL,GOL,0.537127783606,0.537127783606,0.0,True,1,2.20000004768,0.714
3g3l GOL 10 A,GOL,GOL,0.779228863605,0.779228863605,0.0,True,1,2.20000004768,0.802
3g3d SO4 2000 B,SO4,SO4,0.381397042573,0.381397042573,0.0,True,1,1.70000004768,0.911
3g3c PO4 266 B,SO4,MG_PO4,0.372396284298,0.313001607095,0.0593946772026,False,2,3.0,0.949
3g3c PO4 266 A,CAS,MG_PO4,0.153368097641,0.0491996386678,0.104168458973,False,5,3.0,0.957
3g38 GOL 271 A,GOL,GOL,0.320433451067,0.320433451067,0.0,True,1,2.70000004768,0.937
3g38 GOL 266 A,EDO,GOL,0.195400404885,0.133563562432,0.0618368424532,False,4,2.70000004768,0.854
3g34 1CE 2 B,TYS,PO4,0.270321270988,0.00959556699085,0.260725703997,False,14,1.29999995232,0.858
3g34 1CE 1 A,SO4,PO4,0.339364009902,0.0358688840382,0.303495125864,False,5,1.29999995232,0.803
3g31 PO4 7 B,SO4,PO4,0.178362283954,0.0423148735052,0.136047410449,False,5,1.70000004768,0.905
3g31 PO4 6 A,EDO,PO4,0.867700433164,0.0465920948196,0.821108338345,False,2,1.70000004768,0.834
3g2x TYD 201 E,ADP,TYD,0.205489291763,0.0402570738984,0.165232217865,False,4,2.70000004768,0.963
3g2x TYD 201 D,NAD,TYD,0.270719938963,0.00983761294838,0.260882326015,False,10,2.70000004768,0.941
3g2x TYD 201 C,ADP,TYD,0.160112950028,0.0293432122542,0.130769737774,False,7,2.70000004768,0.95
3g2x TYD 201 B,ADP,TYD,0.714597084507,0.00976028701409,0.704836797493,False,5,2.70000004768,0.974
3g2x TYD 201 A,ADP,TYD,0.349107852415,0.0325838215126,0.316524030903,False,5,2.70000004768,0.951
3g2v SEP 6 C,CAS,SEP,0.138946514071,0.0650830240091,0.0738634900619,False,4,2.09999990463,0.934
3g2p SAH 500 B,SAH,SAH,0.310702463578,0.310702463578,0.0,True,1,3.0,0.964
3g2p SAH 500 A,NAD,SAH,0.311793877274,0.0616301359058,0.250163741368,False,4,3.0,0.96
3g2o SAM 600 B,SAH,SAM,0.147074926969,0.0669858086178,0.0800891183513,False,3,2.09999990463,0.923
3g2o SAM 500 A,SAM,SAM,0.158435682263,0.158435682263,0.0,True,1,2.09999990463,0.938
3g2g SO4 535 D,SO4,SO4,0.881214001081,0.881214001081,0.0,True,1,2.0,0.943
3g2g SO4 535 C,SO4,SO4,0.954090525726,0.954090525726,0.0,True,1,2.0,0.942
3g2g SO4 534 D,SO4,SO4,0.87340771011,0.87340771011,0.0,True,1,2.0,0.921
3g2g SO4 534 C,SO4,SO4,0.956916239026,0.956916239026,0.0,True,1,2.0,0.96
3g2g SO4 534 B,SO4,SO4,0.906146014029,0.906146014029,0.0,True,1,2.0,0.975
3g2g SO4 533 D,SO4,SO4,0.949126233837,0.949126233837,0.0,True,1,2.0,0.959
3g2g SO4 533 C,SO4,SO4,0.6375023405,0.6375023405,0.0,True,1,2.0,0.963
3g2g SO4 533 B,SO4,SO4,0.960600466211,0.960600466211,0.0,True,1,2.0,0.957
3g2g SO4 533 A,SO4,SO4,0.789405152437,0.789405152437,0.0,True,1,2.0,0.928
3g2g SO4 532 D,SO4,SO4,0.840978224456,0.840978224456,0.0,True,1,2.0,0.987
3g2g SO4 532 C,SO4,SO4,0.672140380435,0.672140380435,0.0,True,1,2.0,0.98
3g2g SO4 532 B,SO4,SO4,0.873166703617,0.873166703617,0.0,True,1,2.0,0.993
3g2g SO4 532 A,SO4,SO4,0.868492125244,0.868492125244,0.0,True,1,2.0,0.985
3g2f SO4 2 A,SO4,SO4,0.897581875942,0.897581875942,0.0,True,1,2.40000009537,0.967
3g2f SO4 1 B,SO4,SO4,0.686245743412,0.686245743412,0.0,True,1,2.40000009537,0.953
3g2e GOL 193 C,GOL,GOL,0.969820072413,0.969820072413,0.0,True,1,2.0,0.953
3g2d PO4 268 A,SO4,PO4,0.456463956626,0.0595743891538,0.396889567472,False,4,2.29999995232,0.948
3g2d PO4 267 A,SO4,PO4,0.813737992257,0.0329751187695,0.780762873488,False,2,2.29999995232,0.924
3g2d PG4 269 A,SO4,PG4,0.434320569183,0.00251101687469,0.431809552308,False,14,2.29999995232,0.889
3g2d GOL 276 A,SO4,GOL,0.479972546414,0.220227664041,0.259744882373,False,2,2.29999995232,0.806
3g2d GOL 271 A,EDO,GOL,0.564676975854,0.141033377043,0.423643598811,False,2,2.29999995232,0.878
3g2d GOL 267 B,SO4,GOL,0.786361195913,0.0102521104407,0.776109085472,False,5,2.29999995232,0.872
3g2c PO4 273 A,SO4,PO4,0.34425210016,0.104467830606,0.239784269553,False,2,2.29999995232,0.832
3g2c PO4 272 A,CAS,MG_PO4,0.0879402817766,0.044971748457,0.0429685333196,False,5,2.29999995232,0.94
3g2c PO4 267 B,CAS,MG_PO4,0.515749429734,0.264905853299,0.250843576435,False,2,2.29999995232,0.96
3g2c GOL 268 A,GOL,GOL,0.239331874979,0.239331874979,0.0,True,1,2.29999995232,0.89
3g2c GOL 267 A,EDO,GOL,0.315728884011,0.214206575014,0.101522308998,False,2,2.29999995232,0.801
3g2c GOL 266 A,SO4,GOL,0.45628368139,0.345639546978,0.110644134412,False,2,2.29999995232,0.87
3g2b PO4 210 A,SO4,PO4,0.87327417279,0.0901570283524,0.783117144437,False,2,1.70000004768,0.94
3g28 NO3 227 A,NO3,NO3,0.568596004922,0.568596004922,0.0,True,1,1.60000002384,0.978
3g28 NO3 1 A,NO3,NO3,0.516344395495,0.516344395495,0.0,True,1,1.60000002384,0.965
3g25 PO4 506 B,SO4,PO4,0.736012202674,0.233275300741,0.502736901933,False,2,1.89999997616,0.961
3g25 PO4 506 A,DMS,PO4,0.31650112677,0.016332247658,0.300168879112,False,6,1.89999997616,0.921
3g25 PO4 505 B,ACT,PO4,0.32138468864,0.0679926729935,0.253392015646,False,4,1.89999997616,0.964
3g25 PO4 505 A,SO4,PO4,0.351899522134,0.0510878796576,0.300811642477,False,6,1.89999997616,0.893
3g25 PO4 504 D,SO4,PO4,0.92922216367,0.0190992570507,0.91012290662,False,2,1.89999997616,0.957
3g25 PO4 504 B,SO4,PO4,0.658229393712,0.235645197404,0.422584196308,False,2,1.89999997616,0.938
3g25 PO4 504 A,SO4,PO4,0.58891376154,0.132747746862,0.456166014678,False,2,1.89999997616,0.966
3g25 PO4 503 D,SO4,PO4,0.878985611356,0.0695903114067,0.809395299949,False,2,1.89999997616,0.979
3g25 PO4 503 B,SO4,PO4,0.758642988703,0.0929636901021,0.665679298601,False,2,1.89999997616,0.967
3g25 PO4 503 A,SO4,PO4,0.743069316746,0.223689586523,0.519379730222,False,2,1.89999997616,0.985
3g25 PO4 502 D,SO4,PO4,0.642880526559,0.174111069528,0.46876945703,False,2,1.89999997616,0.951
3g25 PO4 502 A,SO4,PO4,0.591485535152,0.333240830134,0.258244705018,False,2,1.89999997616,0.972
3g25 PO4 500 C,SO4,PO4,0.306940962829,0.286926215932,0.0200147468971,False,2,1.89999997616,0.868
3g25 GOL 499 D,GOL,GOL,0.362413802222,0.362413802222,0.0,True,1,1.89999997616,0.894
3g25 GOL 499 C,GOL,GOL,0.39787748267,0.39787748267,0.0,True,1,1.89999997616,0.944
3g25 GOL 499 B,GOL,GOL,0.982141045986,0.982141045986,0.0,True,1,1.89999997616,0.979
3g25 GOL 499 A,GOL,GOL,0.81049602844,0.81049602844,0.0,True,1,1.89999997616,0.973
3g20 GOL 204 B,GOL,GOL,0.701753318194,0.701753318194,0.0,True,1,1.79999995232,0.923
3g1z PO4 328 B,GOL,PO4,0.296005224454,0.0292834265174,0.266721797937,False,6,2.0,0.946
3g1z PO4 328 A,PO4,PO4,0.45943841159,0.45943841159,0.0,True,1,2.0,0.981
3g1z PO4 327 B,PO4,PO4,0.581854526567,0.581854526567,0.0,True,1,2.0,0.985
3g1z PO4 327 A,PO4,PO4,0.634907829149,0.634907829149,0.0,True,1,2.0,0.994
3g1z PO4 326 B,SO4,PO4,0.737336904631,0.214317387132,0.5230195175,False,2,2.0,0.979
3g1z PO4 326 A,SO4,PO4,0.963796345499,0.0167051278204,0.947091217679,False,2,2.0,0.991
3g1z AMP 401 B,AMP,AMP,0.664991713738,0.664991713738,0.0,True,1,2.0,0.966
3g1z AMP 401 A,AMP,AMP,0.679575896139,0.679575896139,0.0,True,1,2.0,0.969
3g1y SO4 229 B,SO4,SO4,0.921626673785,0.921626673785,0.0,True,1,1.39999997616,0.977
3g1u ADN 438 D,ADP,ADN,0.168881601365,0.14631902238,0.0225625789847,False,2,2.20000004768,0.953
3g1u ADN 438 C,GLA,ADN,0.0837497245621,0.0253937275557,0.0583559970064,False,8,2.20000004768,0.965
3g1u ADN 438 B,ADN,ADN,0.401350660974,0.401350660974,0.0,True,1,2.20000004768,0.956
3g1u ADN 438 A,ADN,ADN,0.150400212539,0.150400212539,0.0,True,1,2.20000004768,0.948
3g1r NAP 944 A,NAP,NAP,0.597457681054,0.597457681054,0.0,True,1,1.70000004768,0.979
3g1r NAP 943 B,NAP,NAP,0.847286467008,0.847286467008,0.0,True,1,1.70000004768,0.979
3g1i SO4 1 B,SO4,SO4,0.419386061893,0.419386061893,0.0,True,1,2.09999990463,0.891
3g1i SO4 1 A,SO4,SO4,0.917781566908,0.917781566908,0.0,True,1,2.09999990463,0.954
3g14 SO4 193 B,SO4,SO4,0.800993839691,0.800993839691,0.0,True,1,1.79999995232,0.983
3g14 SO4 193 A,SO4,SO4,0.767140882559,0.767140882559,0.0,True,1,1.79999995232,0.983
3g14 ACT 196 B,IPA,ACT,0.39069077484,0.0618108756228,0.328879899217,False,4,1.79999995232,0.901
3g14 ACT 195 B,EDO,ACT,0.562145537635,0.0169282825705,0.545217255065,False,6,1.79999995232,0.885
3g14 ACT 194 B,GOL,ACT,0.393143365169,0.0165494626101,0.376593902559,False,5,1.79999995232,0.786
3g14 ACT 194 A,GOL,ACT,0.348337265474,0.0713763811144,0.276960884359,False,3,1.79999995232,0.879
3g13 GOL 301 A,GOL,GOL,0.806440843133,0.806440843133,0.0,True,1,2.0,0.868
3g12 SO4 201 A,SO4,SO4,0.7611522916,0.7611522916,0.0,True,1,2.5,0.963
3g0x SO4 3 A,SO4,SO4,0.956553514675,0.956553514675,0.0,True,1,1.79999995232,0.972
3g0v NO3 1 A,DMS,NO3,0.317590167767,0.235153215163,0.0824369526042,False,2,2.0,0.94
3g0s GOL 501 A,GOL,GOL,0.854004578301,0.854004578301,0.0,True,1,1.89999997616,0.955
3g0r PG4 277 A,GOL,PG4,0.35578863117,0.00180430544979,0.35398432572,False,26,2.40000009537,0.79
3g0r PG4 276 A,GOL,PG4,0.486363022735,0.00115399902191,0.485209023713,False,16,2.40000009537,0.795
3g0r PG4 275 A,1PE,PG4,0.208283888021,0.0231830184876,0.185100869534,False,6,2.40000009537,0.885
3g0r GOL 272 A,GOL,GOL,0.603047469644,0.603047469644,0.0,True,1,2.40000009537,0.942
3g0r GOL 269 A,EDO,GOL,0.277688766878,0.159230887824,0.118457879054,False,2,2.40000009537,0.953
3g0r GOL 268 A,GOL,GOL,0.0705931519113,0.0705931519113,0.0,True,1,2.40000009537,0.929
3g0r GOL 266 B,EDO,GOL,0.570938199987,0.0629973368972,0.50794086309,False,2,2.40000009537,0.899
3g0r GOL 266 A,GOL,GOL,0.533950631356,0.533950631356,0.0,True,1,2.40000009537,0.969
3g0q SF4 400 A,SF4,SF4,0.987964107387,0.987964107387,0.0,True,1,2.20000004768,0.986
3g0q 8OG 6 B,8OG,8OG,0.727897808112,0.727897808112,0.0,True,1,2.20000004768,0.971
3g0j NO3 735 B,DMS,NO3,0.834542955034,0.00670381665288,0.827839138381,False,7,1.79999995232,0.958
3g0h GOL 477 A,GOL,GOL,0.722814499301,0.722814499301,0.0,True,1,2.70000004768,0.912
3g0f SO4 1 A,SO4,SO4,0.936498912739,0.936498912739,0.0,True,1,2.59999990463,0.974
3g0a PO4 269 A,SO4,PO4,0.796836522497,0.0321377556471,0.76469876685,False,2,2.59999990463,0.919
3g05 SO4 552 A,SO4,SO4,0.304191460133,0.304191460133,0.0,True,1,3.5,0.933
3g05 SO4 551 B,SO4,SO4,0.262394913265,0.262394913265,0.0,True,1,3.5,0.927
3g05 SO4 551 A,SO4,SO4,0.448960534948,0.448960534948,0.0,True,1,3.5,0.977
3g05 SO4 1 B,FES,SO4,0.59323913674,0.0807505246201,0.51248861212,False,3,3.5,0.96
3g02 FMT 409 A,SO4,FMT,0.218018913376,0.0906065043612,0.127412409014,False,4,1.5,0.958
3g02 FMT 408 B,FMT,FMT,0.923932590124,0.923932590124,0.0,True,1,1.5,0.991
3g02 FMT 408 A,FMT,FMT,0.934246897402,0.934246897402,0.0,True,1,1.5,0.986
3g00 PO4 271 A,EDO,PO4,0.397648210804,0.0849029080482,0.312745302756,False,3,1.70000004768,0.832
3g00 PO4 268 B,GOL,PO4,0.444447796861,0.0486011903862,0.395846606475,False,3,1.70000004768,0.777
3g00 PO4 266 A,PEG,PO4,0.281834508799,0.0103882017904,0.271446307008,False,7,1.70000004768,0.816
3g00 GOL 268 A,MPD,GOL,0.5304985213,0.215261786383,0.315236734917,False,2,1.70000004768,0.85
3fzz SO4 7 B,SO4,SO4,0.868602812161,0.868602812161,0.0,True,1,2.5,0.975
3fzz SO4 6 A,SO4,SO4,0.878897157197,0.878897157197,0.0,True,1,2.5,0.946
3fzz SO4 5 B,SO4,SO4,0.655193853286,0.655193853286,0.0,True,1,2.5,0.954
3fzz SO4 4 A,SO4,SO4,0.421715782865,0.421715782865,0.0,True,1,2.5,0.975
3fzz SO4 3 B,SO4,SO4,0.788716076371,0.788716076371,0.0,True,1,2.5,0.976
3fzz SO4 2 A,SO4,SO4,0.888647048937,0.888647048937,0.0,True,1,2.5,0.979
3fzz SO4 1 B,SO4,SO4,0.781513858421,0.781513858421,0.0,True,1,2.5,0.983
3fzw IPA 135 A,EDO,IPA,0.537699727644,0.00312877281279,0.534570954832,False,11,1.29999995232,0.953
3fzw GOL 134 A,GOL,GOL,0.41277401796,0.41277401796,0.0,True,1,1.29999995232,0.851
3fzv SO4 307 D,SO4,SO4,0.924699280327,0.924699280327,0.0,True,1,2.70000004768,0.959
3fzv SO4 307 C,SO4,SO4,0.892459584899,0.892459584899,0.0,True,1,2.70000004768,0.926
3fzr PO4 1 A,SO4,PO4,0.320724080277,0.00943656482115,0.311287515456,False,7,2.70000004768,0.859
3fzq PO4 275 B,SO4,PO4,0.547514002441,0.336257540935,0.211256461506,False,2,2.09999990463,0.966
3fzq PO4 274 A,SO4,PO4,0.458526756305,0.179173792605,0.2793529637,False,3,2.09999990463,0.986
3fzp SO4 3 A,SO4,SO4,0.599539422307,0.599539422307,0.0,True,1,2.09999990463,0.949
3fzp SO4 2 A,SO4,SO4,0.89978063143,0.89978063143,0.0,True,1,2.09999990463,0.98
3fzp AGS 999 A,ADP,AGS,0.421168677726,0.0033469042784,0.417821773447,False,18,2.09999990463,0.867
3fzl TRS 382 A,GOL,TRS,0.652186261833,0.0598146611903,0.592371600642,False,2,2.20000004768,0.967
3fzk TRS 382 A,TRS,TRS,0.535680543538,0.535680543538,0.0,True,1,2.09999990463,0.934
3fzg SAM 300 A,SAH,SAM,0.462260405452,0.208242722548,0.254017682904,False,2,2.0,0.971
3fzf ATP 401 A,NAD,ATP,0.29846895485,0.0394029184565,0.259066036394,False,5,2.20000004768,0.943
3fzc PG4 1 A,GOL,PG4,0.173015914473,0.0914081943545,0.0816077201187,False,2,2.0,0.835
3fzb SO4 135 D,SO4,SO4,0.477062474046,0.477062474046,0.0,True,1,2.79999995232,0.772
3fza GSH 114 A,GSH,GSH,0.940783705513,0.940783705513,0.0,True,1,1.79999995232,0.974
3fz9 GSH 1 A,GSH,GSH,0.955495480413,0.955495480413,0.0,True,1,1.70000004768,0.97
3fz7 PO4 467 F,SO4,PO4,0.902899024089,0.06885980665,0.834039217439,False,2,2.5,0.997
3fz7 PO4 467 E,SO4,PO4,0.722710395153,0.223673444388,0.499036950765,False,2,2.5,0.99
3fz7 PO4 467 D,SO4,PO4,0.711130376822,0.212384812054,0.498745564768,False,2,2.5,0.992
3fz7 PO4 467 C,SO4,PO4,0.92582551086,0.0557197712653,0.870105739595,False,2,2.5,0.994
3fz7 PO4 467 B,SO4,PO4,0.707920498465,0.22874026842,0.479180230046,False,2,2.5,0.994
3fz7 PO4 467 A,SO4,PO4,0.818104725028,0.0849577431788,0.733146981849,False,2,2.5,0.993
3fz5 GSH 201 B,EDO,GSH,0.494741786087,0.00101508571505,0.493726700372,False,59,2.40000009537,0.759
3fz5 GSH 201 A,GOL,GSH,0.269972972359,0.00165896055172,0.268314011807,False,35,2.40000009537,0.769
3fz2 SO4 136 A,SO4,SO4,0.628407159988,0.628407159988,0.0,True,1,2.70000004768,0.919
3fz2 SO4 135 L,SO4,SO4,0.416365281956,0.416365281956,0.0,True,1,2.70000004768,0.897
3fz2 SO4 135 K,SO4,SO4,0.638913420234,0.638913420234,0.0,True,1,2.70000004768,0.934
3fz2 SO4 135 J,SO4,SO4,0.538150980887,0.538150980887,0.0,True,1,2.70000004768,0.911
3fz2 SO4 135 H,SO4,SO4,0.833266106866,0.833266106866,0.0,True,1,2.70000004768,0.946
3fz2 SO4 135 G,SO4,SO4,0.378759561778,0.378759561778,0.0,True,1,2.70000004768,0.921
3fz2 SO4 135 F,SO4,SO4,0.682048978593,0.682048978593,0.0,True,1,2.70000004768,0.902
3fz2 SO4 135 E,SO4,SO4,0.88665310848,0.88665310848,0.0,True,1,2.70000004768,0.947
3fz2 SO4 135 D,SO4,SO4,0.908474563098,0.908474563098,0.0,True,1,2.70000004768,0.932
3fz2 SO4 135 C,SO4,SO4,0.741151438316,0.741151438316,0.0,True,1,2.70000004768,0.93
3fz2 SO4 135 B,SO4,SO4,0.46414494285,0.46414494285,0.0,True,1,2.70000004768,0.877
3fz2 SO4 135 A,SO4,SO4,0.25034823846,0.25034823846,0.0,True,1,2.70000004768,0.818
3fz0 BTB 401 B,BTB,BTB,0.443415575748,0.443415575748,0.0,True,1,2.5,0.923
3fz0 BTB 401 A,CIT,BTB,0.228073559627,0.0596289673858,0.168444592241,False,4,2.5,0.876
3fyx EPE 342 A,NAG,EPE,0.112613736533,0.00874059051616,0.103873146017,False,19,3.40000009537,0.732
3fyu XYP 1002 E,GOL,XYP,0.10028420205,0.0489424650432,0.0513417370064,False,7,2.59999990463,0.909
3fyu XYP 1001 C,BGC,XYP,0.249982157068,0.018567984611,0.231414172456,False,9,2.59999990463,0.877
3fyu XYP 1000 A,XYP,XYP,0.087810644486,0.087810644486,0.0,True,1,2.59999990463,0.899
3fyt XYP 1005 H,SO4,XYP,0.26709611661,0.000799877237478,0.266296239372,False,150,2.59999990463,0.871
3fyt XYP 1002 C,GOL,XYP,0.162524659382,0.00265896853339,0.159865690849,False,53,2.59999990463,0.865
3fyn ACT 202 A,NO3,ACT,0.832282930116,0.0774434904588,0.754839439658,False,2,1.39999997616,0.981
3fyi DMU 576 A,PG4,DMU,0.152571247022,0.108508447427,0.0440627995949,False,3,2.20000004768,0.79
3fyi DMU 575 A,DMU,DMU,0.327409832417,0.327409832417,0.0,True,1,2.20000004768,0.797
3fyi DMU 574 A,DMU,DMU,0.316809247313,0.316809247313,0.0,True,1,2.20000004768,0.89
3fyi DMU 573 A,DMU,DMU,0.602591863641,0.602591863641,0.0,True,1,2.20000004768,0.956
3fyi DMU 288 B,NAG,DMU,0.140617143931,0.050124183921,0.0904929600104,False,2,2.20000004768,0.863
3fyi DMU 1005 C,DMU,DMU,0.348079757731,0.348079757731,0.0,True,1,2.20000004768,0.845
3fyi DMU 1003 D,DMU,DMU,0.320659064602,0.320659064602,0.0,True,1,2.20000004768,0.795
3fyi DMU 1002 C,BMA,DMU,0.118242869191,0.0422409991017,0.0760018700895,False,5,2.20000004768,0.8
3fye DMU 577 A,LMT,DMU,0.141087886884,0.0840401184241,0.0570477684601,False,3,2.20000004768,0.809
3fye DMU 576 A,PGV,DMU,0.313015120836,0.13908695257,0.173928168265,False,2,2.20000004768,0.752
3fye DMU 575 A,DMU,DMU,0.448730886644,0.448730886644,0.0,True,1,2.20000004768,0.883
3fyd SO4 5 A,SO4,SO4,0.362024421266,0.362024421266,0.0,True,1,1.79999995232,0.875
3fyd SO4 3 A,SO4,SO4,0.902884719793,0.902884719793,0.0,True,1,1.79999995232,0.853
3fyd SO4 1 A,SO4,SO4,0.480686473502,0.480686473502,0.0,True,1,1.79999995232,0.923
3fyc PO4 7 B,SO4,PO4,0.743869346693,0.0697091894066,0.674160157286,False,2,2.20000004768,0.77
3fyc PO4 6 B,SO4,PO4,0.304061580161,0.0260734078435,0.277988172318,False,5,2.20000004768,0.867
3fyc PO4 5 B,GOL,PO4,0.252676709647,0.0065364322152,0.246140277431,False,17,2.20000004768,0.895
3fyc PO4 4 B,SO4,PO4,0.672391231193,0.0686527573946,0.603738473799,False,2,2.20000004768,0.946
3fyc PO4 3 A,SO4,PO4,0.669817383975,0.085021503841,0.584795880134,False,2,2.20000004768,0.891
3fyc PO4 273 B,SO4,PO4,0.261768547437,0.0298500326289,0.231918514808,False,6,2.20000004768,0.759
3fyc PO4 273 A,SO4,PO4,0.387369241831,0.0369240727047,0.350445169127,False,6,2.20000004768,0.917
3fyc PO4 2 A,SO4,PO4,0.277365503585,0.0511950836017,0.226170419983,False,3,2.20000004768,0.864
3fy9 NAP 301 X,NAP,NAP,0.685350057149,0.685350057149,0.0,True,1,2.29999995232,0.935
3fy7 SO4 1003 A,SO4,SO4,0.427639178022,0.427639178022,0.0,True,1,2.0,0.975
3fy7 SO4 1002 B,SO4,SO4,0.676515444378,0.676515444378,0.0,True,1,2.0,0.96
3fy7 SO4 1001 B,SO4,SO4,0.942277275134,0.942277275134,0.0,True,1,2.0,0.966
3fy7 SO4 1000 A,SO4,SO4,0.772346591544,0.772346591544,0.0,True,1,2.0,0.978
3fy4 PO4 930 C,GOL,PO4,0.512102600372,0.00358091392389,0.508521686448,False,8,2.70000004768,0.813
3fy4 PO4 930 B,GOL,PO4,0.347386410447,0.057594237747,0.2897921727,False,4,2.70000004768,0.802
3fy4 PO4 930 A,GOL,PO4,0.373480763129,0.00669603287799,0.366784730251,False,11,2.70000004768,0.88
3fy4 MES 920 C,SO4,MES,0.539810763046,0.00190638360036,0.537904379445,False,9,2.70000004768,0.675
3fy4 MES 920 A,GOL,MES,0.401849681325,0.000720853864968,0.40112882746,False,74,2.70000004768,0.703
3fy0 TPO 423 A,TPO,TPO,0.75581057639,0.75581057639,0.0,True,1,2.29999995232,0.962
3fxz TPO 423 A,SEP,TPO,0.530219175057,0.241352196514,0.288866978542,False,2,1.60000002384,0.924
3fxx PTR 2 B,PTR,PTR,0.474211383545,0.474211383545,0.0,True,1,1.70000004768,0.845
3fxu GOL 3003 A,PEG,GOL,0.549700098434,0.00688023654927,0.542819861884,False,6,2.0,0.741
3fxu GOL 3002 A,EDO,GOL,0.551583069002,0.286936121916,0.264646947085,False,2,2.0,0.879
3fxu GOL 3001 A,GOL,GOL,0.571085739427,0.571085739427,0.0,True,1,2.0,0.602
3fxu FMT 4001 B,EDO,FMT,0.339934605694,0.00527987110801,0.334654734586,False,11,2.0,0.906
3fxs GOL 317 A,GOL,GOL,0.701149984926,0.701149984926,0.0,True,1,1.5,0.921
3fxr SO4 1010 A,SO4,SO4,0.795717928233,0.795717928233,0.0,True,1,2.5,0.956
3fxr SO4 1009 A,SO4,SO4,0.864340823297,0.864340823297,0.0,True,1,2.5,0.935
3fxr SO4 1008 A,SO4,SO4,0.937019489849,0.937019489849,0.0,True,1,2.5,0.981
3fxr SO4 1006 A,SO4,SO4,0.326348308512,0.326348308512,0.0,True,1,2.5,0.847
3fxr SO4 1005 B,SO4,SO4,0.839127035669,0.839127035669,0.0,True,1,2.5,0.97
3fxr SO4 1004 A,SO4,SO4,0.757788425109,0.757788425109,0.0,True,1,2.5,0.991
3fxr SO4 1003 A,SO4,SO4,0.612001816896,0.612001816896,0.0,True,1,2.5,0.973
3fxr SO4 1002 A,SO4,SO4,0.798802244902,0.798802244902,0.0,True,1,2.5,0.987
3fxr SO4 1001 B,SO4,SO4,0.749835346697,0.749835346697,0.0,True,1,2.5,0.99
3fxq GOL 2001 A,EDO,GOL,0.369069895599,0.110320840435,0.258749055164,False,2,1.79999995232,0.901
3fxq FMT 3002 A,FMT,FMT,0.412501090785,0.412501090785,0.0,True,1,1.79999995232,0.951
3fxo PO4 394 A,SO4,PO4,0.709161614534,0.0520445297992,0.657117084735,False,3,2.5,0.922
3fxm PO4 393 A,GOL,PO4,0.275888355542,0.00470113607473,0.271187219467,False,16,2.5,0.814
3fxl PO4 393 A,GOL,PO4,0.343239193259,0.00590077291677,0.337338420342,False,9,2.29999995232,0.777
3fxk PO4 394 A,SO4,PO4,0.357125405344,0.0797855256171,0.277339879727,False,3,2.09999990463,0.756
3fxk PO4 393 A,SO4,PO4,0.910124564585,0.0675663020919,0.842558262493,False,2,2.09999990463,0.98
3fxj PO4 394 A,GOL,PO4,0.262393541962,0.00425609589961,0.258137446062,False,19,2.5,0.896
3fxj PO4 393 A,SO4,PO4,0.82133474702,0.108965734077,0.712369012943,False,2,2.5,0.994
3fx5 GOL 902 B,GOL,GOL,0.760979989653,0.760979989653,0.0,True,1,0.899999976158,0.965
3fx4 SO4 361 A,EDO,SO4,0.373267519862,0.21105607682,0.162211443042,False,2,2.0,0.849
3fx4 NAP 350 A,NAP,NAP,0.966251663736,0.966251663736,0.0,True,1,2.0,0.969
3fx3 PO4 237 B,SO4,PO4,0.634925272566,0.0966244083876,0.538300864179,False,2,2.20000004768,0.833
3fx3 PO4 237 A,SO4,PO4,0.727055408792,0.0452614655664,0.681793943225,False,3,2.20000004768,0.814
3fx3 PO4 236 B,SO4,PO4,0.775098761371,0.0524804506356,0.722618310735,False,2,2.20000004768,0.9
3fx3 PO4 236 A,GOL,PO4,0.341277242149,0.050937562838,0.290339679311,False,4,2.20000004768,0.82
3fx3 PO4 235 B,SO4,PO4,0.600094334065,0.129864303861,0.470230030204,False,2,2.20000004768,0.94
3fx3 PO4 235 A,GOL,PO4,0.337662133603,0.0111724584564,0.326489675146,False,6,2.20000004768,0.86
3fwz AMP 601 B,ADP,AMP,0.331096017965,0.311531099847,0.0195649181188,False,2,1.79999995232,0.986
3fwz AMP 601 A,AMP,AMP,0.825286705751,0.825286705751,0.0,True,1,1.79999995232,0.978
3fws PO4 222 B,SO4,PO4,0.834223495492,0.0484725949776,0.785750900515,False,2,2.0,0.929
3fws PO4 222 A,SO4,PO4,0.350731751128,0.174240711376,0.176491039752,False,3,2.0,0.959
3fws ANP 221 B,ADP_MG,ANP,0.754562282125,0.00303477005474,0.75152751207,False,14,2.0,0.967
3fwq SO4 338 A,SO4,SO4,0.801079495274,0.801079495274,0.0,True,1,2.29999995232,0.986
3fwq GOL 337 A,SO4,GOL,0.731534255733,0.0749886390551,0.656545616678,False,2,2.29999995232,0.896
3fwq GOL 336 B,SO4,GOL,0.450892502943,0.179092722472,0.271799780471,False,2,2.29999995232,0.941
3fwq GOL 336 A,EDO,GOL,0.446397924983,0.156739753438,0.289658171545,False,2,2.29999995232,0.959
3fwp PO4 7006 B,PO4,PO4,0.667341202741,0.667341202741,0.0,True,1,1.89999997616,0.986
3fwp PO4 7004 F,SO4,PO4,0.478020356143,0.449346367607,0.0286739885359,False,2,1.89999997616,0.984
3fwp PO4 7003 D,PO4,PO4,0.682344418493,0.682344418493,0.0,True,1,1.89999997616,0.968
3fwh IPA 302 A,ACT,IPA,0.424050992725,0.0783472047774,0.345703787948,False,3,1.20000004768,0.957
3fwh ACT 300 A,ACT,ACT,0.601682052266,0.601682052266,0.0,True,1,1.20000004768,0.939
3fwg TRS 430 A,EDO,TRS,0.507628924721,0.00226488599041,0.505364038731,False,9,1.60000002384,0.87
3fwc SO4 97 G,SO4,SO4,0.900687024462,0.900687024462,0.0,True,1,2.59999990463,0.906
3fwc SO4 162 M,SO4,SO4,0.735217168332,0.735217168332,0.0,True,1,2.59999990463,0.91
3fwc SO4 162 I,SO4,SO4,0.781047595905,0.781047595905,0.0,True,1,2.59999990463,0.947
3fwc SO4 162 A,SO4,SO4,0.880918670635,0.880918670635,0.0,True,1,2.59999990463,0.963
3fw5 GOL 189 C,SO4,GOL,0.614370742028,0.145348412508,0.46902232952,False,2,2.29999995232,0.706
3fw5 GOL 187 C,GOL,GOL,0.638558943653,0.638558943653,0.0,True,1,2.29999995232,0.73
3fw5 GOL 187 A,SO4,GOL,0.534248004425,0.110534646466,0.423713357959,False,2,2.29999995232,0.873
3fw5 GOL 186 A,GOL,GOL,0.62939327454,0.62939327454,0.0,True,1,2.29999995232,0.823
3fw5 GOL 185 C,EDO,GOL,0.514183844077,0.289936544002,0.224247300075,False,2,2.29999995232,0.837
3fw5 GOL 185 A,GOL,GOL,0.306065643015,0.306065643015,0.0,True,1,2.29999995232,0.841
3fw4 GOL 3731 C,NAG,GOL,0.720867738131,0.0180181404757,0.702849597655,False,2,2.29999995232,0.72
3fw4 GOL 190 C,GOL,GOL,0.343180042954,0.343180042954,0.0,True,1,2.29999995232,0.874
3fw4 GOL 188 C,GOL,GOL,0.222354815216,0.222354815216,0.0,True,1,2.29999995232,0.742
3fw4 GOL 187 C,GOL,GOL,0.834425353074,0.834425353074,0.0,True,1,2.29999995232,0.834
3fw4 GOL 186 C,GOL,GOL,0.665804456984,0.665804456984,0.0,True,1,2.29999995232,0.913
3fw4 GOL 186 A,GOL,GOL,0.289142645063,0.289142645063,0.0,True,1,2.29999995232,0.611
3fw3 SO4 305 A,SO4,SO4,0.318144654342,0.318144654342,0.0,True,1,1.70000004768,0.9
3fw2 ACT 505 D,ACT,ACT,0.239169561902,0.239169561902,0.0,True,1,1.70000004768,0.92
3fw2 ACT 502 A,EDO,ACT,0.732572676712,0.0354265896262,0.697146087086,False,3,1.70000004768,0.914
3fvz GOL 2 A,GOL,GOL,0.288092992251,0.288092992251,0.0,True,1,2.40000009537,0.834
3fvz ACT 1 A,ACT_ZN,ACT_ZN,0.362827090874,0.362827090874,0.0,True,1,2.40000009537,0.95
3fvv SO4 233 B,MG_PO4,SO4,0.489901921689,0.0706894136644,0.419212508025,False,3,2.09999990463,0.962
3fvv SO4 233 A,MG_PO4,SO4,0.601362055086,0.0112906175652,0.590071437521,False,7,2.09999990463,0.99
3fvu GOL 426 A,GOL,GOL,0.705611456001,0.705611456001,0.0,True,1,1.60000002384,0.767
3fvu GOL 425 A,GOL,GOL,0.871188455749,0.871188455749,0.0,True,1,1.60000002384,0.667
3fvu GOL 424 B,GOL,GOL,0.886501386011,0.886501386011,0.0,True,1,1.60000002384,0.937
3fvt GOL 2274 G,GOL,GOL,0.325823344301,0.325823344301,0.0,True,1,1.89999997616,0.919
3fvr GOL 322 C,GOL,GOL,0.488844185136,0.488844185136,0.0,True,1,2.5,0.854
3fvr GOL 321 F,GOL,GOL,0.632821222395,0.632821222395,0.0,True,1,2.5,0.837
3fvp GOL 326 A,EDO,GOL,0.82246350387,0.0677077151503,0.754755788719,False,2,1.39999997616,0.926
3fvp GOL 325 A,GOL,GOL,0.699515175346,0.699515175346,0.0,True,1,1.39999997616,0.95
3fvp GOL 322 A,GOL,GOL,0.98964158448,0.98964158448,0.0,True,1,1.39999997616,0.97
3fvo SO4 3 B,SO4,SO4,0.429079237991,0.429079237991,0.0,True,1,1.5,0.762
3fvo GOL 974 B,GOL,GOL,0.910283073707,0.910283073707,0.0,True,1,1.5,0.941
3fvo GOL 969 A,GOL,GOL,0.869184720726,0.869184720726,0.0,True,1,1.5,0.954
3fvn SO4 791 B,SO4,SO4,0.470460158572,0.470460158572,0.0,True,1,1.5,0.611
3fvn SO4 791 A,SO4,SO4,0.897902959368,0.897902959368,0.0,True,1,1.5,0.972
3fvn GOL 3972 B,GOL,GOL,0.977423761959,0.977423761959,0.0,True,1,1.5,0.924
3fvn GOL 3970 B,GOL,GOL,0.984084963559,0.984084963559,0.0,True,1,1.5,0.937
3fvn GOL 3969 B,EDO,GOL,0.910343627718,0.0508648819385,0.859478745779,False,2,1.5,0.905
3fvn GOL 3968 A,EDO,GOL,0.443418386393,0.228925826278,0.214492560115,False,2,1.5,0.891
3fvk GOL 3974 A,EDO,GOL,0.402897771798,0.385259586954,0.0176381848435,False,2,1.5,0.849
3fvk GOL 3969 B,GOL,GOL,0.76070390737,0.76070390737,0.0,True,1,1.5,0.874
3fvh TPO 5 B,SEP,TPO,0.704168016618,0.211530211503,0.492637805115,False,2,1.60000002384,0.976
3fvg SO4 4 B,SO4,SO4,0.728324402585,0.728324402585,0.0,True,1,1.5,0.74
3fvg SO4 1 A,SO4,SO4,0.969749297809,0.969749297809,0.0,True,1,1.5,0.97
3fvg GOL 808 B,GOL,GOL,0.895549486201,0.895549486201,0.0,True,1,1.5,0.823
3fvg GOL 805 B,EDO,GOL,0.662712513899,0.0951566749823,0.567555838917,False,3,1.5,0.91
3fvg GOL 803 B,EDO,GOL,0.881475123531,0.07535562826,0.806119495271,False,2,1.5,0.935
3fvg GOL 802 B,GOL,GOL,0.974041225695,0.974041225695,0.0,True,1,1.5,0.929
3fvg GOL 801 A,GOL,GOL,0.76494088705,0.76494088705,0.0,True,1,1.5,0.911
3fvf GOL 2 B,EDO,GOL,0.903404938028,0.0409386802504,0.862466257777,False,2,1.60000002384,0.915
3fve GOL 292 A,SO4,GOL,0.384411139026,0.155725491874,0.228685647151,False,2,2.59999990463,0.814
3fve GOL 291 A,GOL,GOL,0.352945320839,0.352945320839,0.0,True,1,2.59999990463,0.926
3fv4 GOL 323 A,EDO,GOL,0.646398231837,0.296051197428,0.350347034409,False,2,1.60000002384,0.963
3fv3 SO4 343 G,SO4,SO4,0.904366879832,0.904366879832,0.0,True,1,1.79999995232,0.97
3fv3 SO4 342 G,SO4,SO4,0.194874596267,0.194874596267,0.0,True,1,1.79999995232,0.899
3fv3 SO4 341 H,SO4,SO4,0.83557049043,0.83557049043,0.0,True,1,1.79999995232,0.972
3fv3 SO4 341 G,SO4,SO4,0.359080095343,0.359080095343,0.0,True,1,1.79999995232,0.887
3fv3 SO4 341 F,SO4,SO4,0.918958344268,0.918958344268,0.0,True,1,1.79999995232,0.942
3fv3 SO4 341 E,SO4,SO4,0.497996823581,0.497996823581,0.0,True,1,1.79999995232,0.897
3fv3 SO4 341 D,SO4,SO4,0.653931026508,0.653931026508,0.0,True,1,1.79999995232,0.935
3fv3 SO4 340 H,SO4,SO4,0.708408678127,0.708408678127,0.0,True,1,1.79999995232,0.935
3fv3 SO4 340 G,SO4,SO4,0.880489451989,0.880489451989,0.0,True,1,1.79999995232,0.956
3fv3 SO4 340 F,SO4,SO4,0.903191250071,0.903191250071,0.0,True,1,1.79999995232,0.926
3fv3 SO4 340 E,SO4,SO4,0.975244630208,0.975244630208,0.0,True,1,1.79999995232,0.954
3fv3 SO4 340 D,EDO,SO4,0.355459304668,0.0294875157556,0.325971788913,False,6,1.79999995232,0.815
3fv3 SO4 340 B,SO4,SO4,0.804764000908,0.804764000908,0.0,True,1,1.79999995232,0.943
3fv3 SO4 340 A,SO4,SO4,0.47876198595,0.47876198595,0.0,True,1,1.79999995232,0.874
3fv3 GOL 346 H,GOL,GOL,0.655415745942,0.655415745942,0.0,True,1,1.79999995232,0.733
3fv3 GOL 345 H,EDO,GOL,0.560636117813,0.244546477445,0.316089640368,False,2,1.79999995232,0.919
3fv3 GOL 345 G,GOL,GOL,0.622349973882,0.622349973882,0.0,True,1,1.79999995232,0.839
3fv3 GOL 345 E,GOL,GOL,0.80576686277,0.80576686277,0.0,True,1,1.79999995232,0.951
3fv3 GOL 344 H,EDO,GOL,0.565836545845,0.270444047045,0.2953924988,False,2,1.79999995232,0.9
3fv3 GOL 344 E,GOL,GOL,0.921161848176,0.921161848176,0.0,True,1,1.79999995232,0.938
3fv3 GOL 344 D,SO4,GOL,0.489098255633,0.207927773171,0.281170482462,False,2,1.79999995232,0.815
3fv3 GOL 344 B,GOL,GOL,0.685394895807,0.685394895807,0.0,True,1,1.79999995232,0.919
3fv3 GOL 343 H,GOL,GOL,0.895785533984,0.895785533984,0.0,True,1,1.79999995232,0.91
3fv3 GOL 343 E,GOL,GOL,0.230290457581,0.230290457581,0.0,True,1,1.79999995232,0.884
3fv3 GOL 343 B,GOL,GOL,0.851165791681,0.851165791681,0.0,True,1,1.79999995232,0.943
3fv3 GOL 342 H,GOL,GOL,0.497875453104,0.497875453104,0.0,True,1,1.79999995232,0.787
3fv3 GOL 342 F,GOL,GOL,0.622219414593,0.622219414593,0.0,True,1,1.79999995232,0.848
3fv3 GOL 342 E,SO4,GOL,0.30480023723,0.280006104159,0.0247941330712,False,2,1.79999995232,0.808
3fv3 GOL 342 D,GOL,GOL,0.769186390303,0.769186390303,0.0,True,1,1.79999995232,0.791
3fv3 GOL 342 A,GOL,GOL,0.92543560045,0.92543560045,0.0,True,1,1.79999995232,0.943
3fv3 GOL 341 C,EDO,GOL,0.312390933062,0.216408689203,0.095982243859,False,2,1.79999995232,0.904
3fv3 GOL 341 B,GOL,GOL,0.340380470551,0.340380470551,0.0,True,1,1.79999995232,0.841
3fv3 GOL 341 A,GOL,GOL,0.8130419762,0.8130419762,0.0,True,1,1.79999995232,0.9
3fv2 GOL 3 A,GOL,GOL,0.981330795341,0.981330795341,0.0,True,1,1.5,0.951
3fv1 GOL 802 B,GOL,GOL,0.961879418294,0.961879418294,0.0,True,1,1.5,0.898
3fuy SO4 159 A,SO4,SO4,0.905872048015,0.905872048015,0.0,True,1,2.0,0.898
3fuu ADN 0 A,SAM,ADN,0.59799103491,0.0104165226247,0.587574512285,False,5,1.5,0.952
3fuk 58Z 710 A,ACT_ZN,ZN,0.825850232568,0.0876251298042,0.738225102764,False,2,1.89999997616,0.857
3fua SO4 300 A,SO4,SO4,0.74794288028,0.74794288028,0.0,True,1,2.70000004768,0.988
3fu8 SO4 4802 B,SO4,SO4,0.539465731323,0.539465731323,0.0,True,1,1.79999995232,0.923
3fu8 SO4 3801 A,SO4,SO4,0.475842104434,0.475842104434,0.0,True,1,1.79999995232,0.909
3fu8 SO4 3800 A,SO4,SO4,0.63843953038,0.63843953038,0.0,True,1,1.79999995232,0.93
3fu7 SO4 3801 A,SO4,SO4,0.85464722653,0.85464722653,0.0,True,1,1.70000004768,0.948
3fu7 SO4 3800 A,SO4,SO4,0.613202345063,0.613202345063,0.0,True,1,1.70000004768,0.931
3fu0 ACT 801 A,ACT_ZN,ACT_ZN,0.399149889694,0.399149889694,0.0,True,1,1.79999995232,0.926
3ftz ACT 803 A,ACT_ZN,ACT_ZN,0.977037352522,0.977037352522,0.0,True,1,2.0,0.959
3fty ACT 802 A,SO4,ACT_ZN,0.363713941501,0.0637009185761,0.300013022924,False,2,2.20000004768,0.8
3ftw ACT 801 A,ACT_ZN,ACT_ZN,0.932476211145,0.932476211145,0.0,True,1,1.89999997616,0.902
3ftn ACT 355 C,ACT_ZN,ACT_ZN,0.579909500468,0.579909500468,0.0,True,1,2.20000004768,0.962
3ftn ACT 353 B,ACT_ZN,ACT_ZN,0.924399529641,0.924399529641,0.0,True,1,2.20000004768,0.955
3ftn ACT 353 A,ZN,ACT_ZN,0.372216691748,0.1092461951,0.262970496647,False,3,2.20000004768,0.952
3ftf SAH 501 A,SAH,SAH,0.311433244631,0.311433244631,0.0,True,1,2.79999995232,0.908
3ftb PO4 364 D,GOL,PO4,0.367396658083,0.0377555885573,0.329641069525,False,4,2.0,0.987
3ftb PO4 364 A,GOL,PO4,0.66035460452,0.00163006794185,0.658724536578,False,11,2.0,0.958
3ftb PO4 363 E,SO4,PO4,0.794362715375,0.111578948687,0.682783766688,False,2,2.0,0.987
3ftb PO4 363 D,SO4,PO4,0.895808870335,0.0509684509305,0.844840419405,False,2,2.0,0.969
3ftb PO4 363 B,SO4,PO4,0.838385159203,0.13249211231,0.705893046893,False,2,2.0,0.989
3ftb PO4 363 A,SO4,PO4,0.906384848214,0.0584554057906,0.847929442424,False,2,2.0,0.917
3ftb PO4 362 E,SO4,PO4,0.792903595103,0.130132764412,0.662770830691,False,2,2.0,0.988
3ftb PO4 362 D,PO4,PO4,0.487038893083,0.487038893083,0.0,True,1,2.0,0.99
3ftb PO4 362 B,SO4,PO4,0.666812512278,0.266785477977,0.400027034301,False,2,2.0,0.981
3ftb PO4 362 A,SO4,PO4,0.831873718646,0.0805308656163,0.75134285303,False,2,2.0,0.993
3ft7 GOL 57 A,NAG,GOL,0.379287191876,0.138358615049,0.240928576826,False,2,2.0,0.968
3fsu SO4 305 E,SO4,SO4,0.839401767318,0.839401767318,0.0,True,1,1.70000004768,0.851
3fst SO4 307 E,SO4,SO4,0.740892253167,0.740892253167,0.0,True,1,1.70000004768,0.951
3fst SO4 306 E,SO4,SO4,0.924760296827,0.924760296827,0.0,True,1,1.70000004768,0.953
3fst SO4 305 E,SO4,SO4,0.77534252423,0.77534252423,0.0,True,1,1.70000004768,0.898
3fss GOL 1 A,GOL,GOL,0.973063666912,0.973063666912,0.0,True,1,1.39999997616,0.927
3fsn PG4 535 A,GOL,PG4,0.371657022051,0.000351273505713,0.371305748545,False,68,2.09999990463,0.863
3fsm DAL 155 A,BME,DAL,0.297789498266,0.00892934267697,0.288860155589,False,14,1.60000002384,0.843
3fsi ACT 380 A,SO4,ACT,0.513777218174,0.0593289816642,0.45444823651,False,3,1.79999995232,0.927
3fsi ACT 379 A,EDO,ACT,0.301265896871,0.0497804142047,0.251485482666,False,5,1.79999995232,0.71
3fsg SO4 407 C,SO4,SO4,0.928986215522,0.928986215522,0.0,True,1,2.0,0.917
3fsg SO4 405 C,SO4,SO4,0.72019685967,0.72019685967,0.0,True,1,2.0,0.932
3fsg SO4 404 C,SO4,SO4,0.869967332651,0.869967332651,0.0,True,1,2.0,0.975
3fsg SO4 403 D,SO4,SO4,0.492108691795,0.492108691795,0.0,True,1,2.0,0.967
3fsg SO4 402 B,SO4,SO4,0.848368655036,0.848368655036,0.0,True,1,2.0,0.979
3fsg SO4 401 A,SO4,SO4,0.956219885266,0.956219885266,0.0,True,1,2.0,0.98
3fsg GOL 3002 D,EDO,GOL,0.728513300069,0.0910831056075,0.637430194462,False,2,2.0,0.823
3fsg GOL 3002 A,SO4,GOL,0.417178123378,0.0178617267105,0.399316396668,False,6,2.0,0.919
3fsg CSO 35 C,CSO,CSO,0.570485557853,0.570485557853,0.0,True,1,2.0,0.935
3fsg CSO 35 B,CSO,CSO,0.338521030969,0.338521030969,0.0,True,1,2.0,0.961
3fsg CSO 35 A,CME,CSO,0.63254356563,0.188067245129,0.444476320501,False,2,2.0,0.929
3fse CSX 111 B,CSO,CSX,0.608454360723,0.0883334073336,0.520120953389,False,3,1.89999997616,0.94
3fse CSX 111 A,OCS,CSX,0.331384181654,0.0671155380183,0.264268643636,False,4,1.89999997616,0.929
3fs8 ACO 300 B,ACO,ACO,0.361900052673,0.361900052673,0.0,True,1,1.70000004768,0.954
3fs8 ACO 300 A,BMA_MAN_NAG_NAG,ACO,0.263178433968,0.0534949009191,0.209683533049,False,6,1.70000004768,0.923
3fs7 SO4 112 H,SO4,SO4,0.725061347994,0.725061347994,0.0,True,1,2.0,0.914
3fs7 SO4 112 A,SO4,SO4,0.666569165566,0.666569165566,0.0,True,1,2.0,0.952
3fs7 GOL 112 D,SO4,GOL,0.297484693912,0.0424191295776,0.255065564335,False,4,2.0,0.926
3fs7 GOL 112 C,GOL,GOL,0.579962632947,0.579962632947,0.0,True,1,2.0,0.863
3fs2 PO4 278 B,SO4,PO4,0.884853276921,0.0754151321319,0.809438144789,False,2,1.89999997616,0.953
3fs2 PO4 278 A,SO4,PO4,0.935736683075,0.0426077820155,0.89312890106,False,2,1.89999997616,0.959
3fs2 PG4 280 A,EDO,PG4,0.483244572674,0.00938071195194,0.473863860722,False,7,1.89999997616,0.802
3fs2 PG4 279 A,PG4,PG4,0.216700697958,0.216700697958,0.0,True,1,1.89999997616,0.826
3fry CIT 2324 A,CIT,CIT,0.894938196891,0.894938196891,0.0,True,1,2.0,0.867
3frw ACT 203 D,EDO,ACT,0.589920696303,0.0295143525975,0.560406343706,False,3,2.09999990463,0.925
3frw ACT 202 B,SO4,ACT,0.279040495861,0.136601671484,0.142438824377,False,3,2.09999990463,0.904
3frw ACT 201 F,EDO,ACT,0.776606761138,0.0388422604433,0.737764500694,False,3,2.09999990463,0.865
3frq GOL 197 A,SO4,GOL,0.476268229208,0.106096171902,0.370172057306,False,2,1.79999995232,0.873
3fro TRS 7362 B,PO4,TRS,0.627987813909,0.00111434088551,0.626873473024,False,9,2.5,0.703
3fro TRS 7361 A,SO4,TRS,0.287639816881,0.00598223108461,0.281657585797,False,9,2.5,0.709
3fro TRS 7360 A,MPD,TRS,0.684643636872,0.000702912669136,0.683940724203,False,10,2.5,0.783
3fro PO4 8002 C,GOL,PO4,0.732331963306,0.00189814393086,0.730433819375,False,12,2.5,0.764
3fro PO4 8001 B,SO4,PO4,0.43530651804,0.0270274857291,0.40827903231,False,5,2.5,0.908
3fro PO4 8000 A,SO4,PO4,0.457932781599,0.0245186759652,0.433414105634,False,5,2.5,0.869
3frm SO4 254 C,SO4,SO4,0.554339057656,0.554339057656,0.0,True,1,2.29999995232,0.889
3frm SO4 254 B,SO4,SO4,0.278163342561,0.278163342561,0.0,True,1,2.29999995232,0.834
3frm SO4 253 D,PO4,SO4,0.553343827621,0.388745332166,0.164598495455,False,2,2.29999995232,0.986
3frm SO4 253 C,SO4,SO4,0.604294288479,0.604294288479,0.0,True,1,2.29999995232,0.972
3frm SO4 253 B,PO4,SO4,0.596933879381,0.323701790138,0.273232089243,False,2,2.29999995232,0.991
3frm SO4 253 A,PO4,SO4,0.484830913482,0.451398700222,0.03343221326,False,2,2.29999995232,0.988
3frm MES 254 F,NRQ,MES,0.301274170191,0.00149676593284,0.299777404259,False,153,2.29999995232,0.828
3frj NAP 1 B,NDP,NAP,0.539379202474,0.416099588606,0.123279613868,False,2,2.29999995232,0.986
3frj NAP 1 A,NAP,NAP,0.614787831757,0.614787831757,0.0,True,1,2.29999995232,0.986
3fri SAH 260 A,SAH,SAH,0.774364592208,0.774364592208,0.0,True,1,1.79999995232,0.974
3frh SAH 260 A,SAH,SAH,0.541778980147,0.541778980147,0.0,True,1,1.20000004768,0.991
3frg GOL 508 A,EDO,GOL,0.522694251746,0.119449373084,0.403244878661,False,2,1.70000004768,0.794
3frb NAP 301 X,NAP,NAP,0.715275807528,0.715275807528,0.0,True,1,2.0,0.942
3fra NAP 301 X,NAP,NAP,0.725660269199,0.725660269199,0.0,True,1,2.40000009537,0.936
3fr9 GSH 212 B,GSH,GSH,0.91029913136,0.91029913136,0.0,True,1,2.40000009537,0.903
3fr9 GSH 212 A,GSH,GSH,0.424573266174,0.424573266174,0.0,True,1,2.40000009537,0.867
3fr8 SO4 597 A,GOL,SO4,0.393641166976,0.234863336497,0.158777830479,False,2,2.79999995232,0.774
3fqx SEP 4 C,CME,SEP,0.192366954707,0.0602500982714,0.132116856436,False,4,1.70000004768,0.893
3fqx GOL 281 A,GOL,GOL,0.333670044356,0.333670044356,0.0,True,1,1.70000004768,0.843
3fqx GOL 101 B,GOL,GOL,0.944003918756,0.944003918756,0.0,True,1,1.70000004768,0.902
3fqu SEP 5 C,CSO,SEP,0.0805028068128,0.0244180925899,0.0560847142229,False,9,1.79999995232,0.742
3fqu GOL 99 B,GOL,GOL,0.959828557779,0.959828557779,0.0,True,1,1.79999995232,0.891
3fqu GOL 277 A,GOL,GOL,0.405053858322,0.405053858322,0.0,True,1,1.79999995232,0.822
3fqt GOL 284 A,GOL,GOL,0.704987509372,0.704987509372,0.0,True,1,1.79999995232,0.864
3fqt GOL 283 A,EDO,GOL,0.443597718756,0.386175542321,0.057422176435,False,2,1.79999995232,0.966
3fqt GOL 282 A,GOL,GOL,0.277808243016,0.277808243016,0.0,True,1,1.79999995232,0.812
3fqt GOL 100 B,GOL,GOL,0.906149003442,0.906149003442,0.0,True,1,1.79999995232,0.905
3fqt GOL 10 C,EDO,GOL,0.471185185966,0.193295092982,0.277890092984,False,3,1.79999995232,0.925
3fqr SEP 4 C,CSO,SEP,0.294741546725,0.00742759889318,0.287313947832,False,11,1.70000004768,0.878
3fqr GOL 99 B,GOL,GOL,0.919792144015,0.919792144015,0.0,True,1,1.70000004768,0.858
3fqr GOL 276 A,EDO,GOL,0.51421975888,0.175598911344,0.338620847536,False,2,1.70000004768,0.867
3fqr GOL 100 B,GOL,GOL,0.56157451656,0.56157451656,0.0,True,1,1.70000004768,0.921
3fqq GOL 1 A,SO4,GOL,0.725209041338,0.0137133060955,0.711495735242,False,5,2.20000004768,0.856
3fql GOL 602 A,EDO,GOL,0.679680264294,0.199064777372,0.480615486922,False,2,1.79999995232,0.879
3fql GOL 601 A,EDO,GOL,0.852625076976,0.11177862448,0.740846452496,False,2,1.79999995232,0.837
3fqj GDP 1001 A,FAD,GDP,0.28755966462,0.0205805126786,0.266979151941,False,8,2.59999990463,0.921
3fqi EPE 1001 A,SO4,EPE,0.860919289543,0.000931757407447,0.859987532135,False,4,2.0,0.97
3fqd GOL 1001 B,NAG,GOL,0.308977920565,0.136400118022,0.172577802543,False,2,2.20000004768,0.838
3fq6 SO4 3 A,SO4,SO4,0.546371447783,0.546371447783,0.0,True,1,2.40000009537,0.944
3fq6 SO4 2 B,SO4,SO4,0.299013183326,0.299013183326,0.0,True,1,2.40000009537,0.896
3fq6 SO4 1 A,SO4,SO4,0.454450112155,0.454450112155,0.0,True,1,2.40000009537,0.94
3fq3 PO4 178 L,SO4,PO4,0.835932433737,0.101529036309,0.734403397429,False,2,1.89999997616,0.955
3fq3 PO4 178 K,SO4,PO4,0.707076135297,0.221306388635,0.485769746662,False,2,1.89999997616,0.974
3fq3 PO4 178 J,SO4,PO4,0.864460952256,0.049239465442,0.815221486814,False,2,1.89999997616,0.973
3fq3 PO4 178 F,SO4,PO4,0.443996998292,0.0702400666777,0.373756931614,False,2,1.89999997616,0.929
3fq3 PO4 178 E,SO4,PO4,0.398668586073,0.0423159597172,0.356352626355,False,3,1.89999997616,0.919
3fq3 PO4 178 D,SO4,PO4,0.912154585377,0.0653132371894,0.846841348188,False,2,1.89999997616,0.979
3fq3 PO4 178 C,SO4,PO4,0.733273096519,0.224111528648,0.509161567871,False,2,1.89999997616,0.981
3fq3 PO4 178 B,SO4,PO4,0.722931359532,0.218888376385,0.504042983146,False,2,1.89999997616,0.987
3fq3 PO4 178 A,SO4,PO4,0.909231210482,0.0642448378208,0.844986372662,False,2,1.89999997616,0.978
3fq3 PO4 177 L,PO4,PO4,0.573418932679,0.573418932679,0.0,True,1,1.89999997616,0.985
3fq3 PO4 177 K,SO4,PO4,0.421266135699,0.380883634196,0.0403825015038,False,2,1.89999997616,0.992
3fq3 PO4 177 J,SO4,PO4,0.532025362151,0.364951672698,0.167073689453,False,2,1.89999997616,0.989
3fq3 PO4 177 I,SO4,PO4,0.760786897118,0.139037088714,0.621749808404,False,2,1.89999997616,0.988
3fq3 PO4 177 H,SO4,PO4,0.860070828678,0.0708589813467,0.789211847331,False,2,1.89999997616,0.989
3fq3 PO4 177 G,SO4,PO4,0.624380236627,0.289444181238,0.334936055389,False,2,1.89999997616,0.989
3fq3 PO4 177 F,SO4,PO4,0.857218917176,0.0705563617721,0.786662555403,False,2,1.89999997616,0.989
3fq3 PO4 177 E,SO4,PO4,0.750973973921,0.0920806160129,0.658893357908,False,2,1.89999997616,0.988
3fq3 PO4 177 D,PO4,PO4,0.841435633637,0.841435633637,0.0,True,1,1.89999997616,0.995
3fq3 PO4 177 C,PO4,PO4,0.457551600864,0.457551600864,0.0,True,1,1.89999997616,0.994
3fq3 PO4 177 B,SO4,PO4,0.852427784955,0.0695205507727,0.782907234182,False,2,1.89999997616,0.988
3fq3 PO4 177 A,SO4,PO4,0.887036141726,0.0505479925782,0.836488149148,False,2,1.89999997616,0.979
3fpz SO4 328 A,EDO,SO4,0.406817104554,0.116565688541,0.290251416012,False,2,1.79999995232,0.787
3fpz SO4 327 B,SO4,SO4,0.682121071439,0.682121071439,0.0,True,1,1.79999995232,0.891
3fpz SO4 327 A,SO4,SO4,0.910898421864,0.910898421864,0.0,True,1,1.79999995232,0.943
3fpx PO4 500 A,SO4,PO4,0.765426972361,0.104608769578,0.660818202784,False,2,1.79999995232,0.964
3fpw PO4 162 A,SO4,PO4,0.376695860832,0.0865452635348,0.290150597297,False,3,1.60000002384,0.875
3fpq SO4 506 B,GOL,SO4,0.368858734512,0.104547943994,0.264310790518,False,2,1.79999995232,0.904
3fpq GOL 503 A,GOL,GOL,0.845076680548,0.845076680548,0.0,True,1,1.79999995232,0.88
3fpq GOL 502 B,GOL,GOL,0.277541811996,0.277541811996,0.0,True,1,1.79999995232,0.897
3fpq GOL 502 A,GOL,GOL,0.864716190234,0.864716190234,0.0,True,1,1.79999995232,0.942
3fpj SAM 301 B,GOL,SAM,0.145826802945,0.00157740467452,0.14424939827,False,85,1.79999995232,0.916
3fpj SAM 301 A,NAG,SAM,0.18631320014,0.00217917919728,0.184134020943,False,61,1.79999995232,0.77
3fpi SO4 166 A,SO4,SO4,0.684352798134,0.684352798134,0.0,True,1,2.79999995232,0.872
3fpi EPE 164 A,GOL,EPE,0.280237708528,0.00345983384079,0.276777874687,False,29,2.79999995232,0.612
3fpd SAH 102 B,SAM,SAH,0.0954345501814,0.00778569834927,0.0876488518321,False,25,2.40000009537,0.918
3fpd SAH 101 A,1PE,SAH,0.155047876853,0.0125658183576,0.142482058495,False,10,2.40000009537,0.928
3fpc NO3 359 D,EDO,NO3,0.488419656159,0.000516189047891,0.487903467111,False,129,1.39999997616,0.842
3fpc NO3 357 B,EDO,NO3,0.444053653183,0.00870713662626,0.435346516557,False,7,1.39999997616,0.811
3fpb ATP 1002 A,NAG,ATP,0.401781119877,0.000298914326833,0.401482205551,False,187,2.59999990463,0.78
3fpa CSX 163 D,CAS,CSX,0.592213909618,0.0185667744445,0.573647135174,False,6,2.29999995232,0.872
3fpa CSX 163 C,CME,CSX,0.588471833576,0.0742565644573,0.514215269119,False,2,2.29999995232,0.956
3fpa CSX 163 B,CAS,CSX,0.795802091251,0.00251220003072,0.79328989122,False,8,2.29999995232,0.937
3fpa CSX 163 A,CME,CSX,0.270348199897,0.0455570448982,0.224791154999,False,5,2.29999995232,0.941
3fp8 SO4 604 I,SO4,SO4,0.909875271229,0.909875271229,0.0,True,1,1.5,0.981
3fp8 SO4 603 I,SO4,SO4,0.983327841209,0.983327841209,0.0,True,1,1.5,0.974
3fp8 SO4 602 E,SO4,SO4,0.883396678612,0.883396678612,0.0,True,1,1.5,0.884
3fp7 SO4 604 J,SO4,SO4,0.897417655794,0.897417655794,0.0,True,1,1.5,0.945
3fp7 SO4 603 J,SO4,SO4,0.866479992464,0.866479992464,0.0,True,1,1.5,0.977
3fp7 SO4 602 J,SO4,SO4,0.987487005128,0.987487005128,0.0,True,1,1.5,0.983
3fp6 SO4 605 I,SO4,SO4,0.939045549207,0.939045549207,0.0,True,1,1.5,0.979
3fp6 SO4 604 I,SO4,SO4,0.883584961799,0.883584961799,0.0,True,1,1.5,0.838
3fp6 SO4 603 I,SO4,SO4,0.919144884305,0.919144884305,0.0,True,1,1.5,0.951
3fp6 SO4 602 E,SO4,SO4,0.956052881114,0.956052881114,0.0,True,1,1.5,0.923
3fp5 MES 108 A,SO4,MES,0.618823571826,0.00205162666959,0.616771945157,False,12,1.60000002384,0.874
3fp4 SO4 3 A,EDO,SO4,0.496913322016,0.0267185148906,0.470194807125,False,3,2.09999990463,0.773
3fp3 SO4 4 A,DMS,SO4,0.389892781417,0.081433579677,0.30845920174,False,4,2.0,0.807
3fp3 SO4 2 A,GOL,SO4,0.616361305984,0.00837443345312,0.607986872531,False,3,2.0,0.855
3fow PO4 277 A,SO4,PO4,0.603518159661,0.07214110581,0.531377053851,False,2,2.79999995232,0.91
3fow PO4 276 A,SO4,PO4,0.315208333928,0.0581240469199,0.257084287008,False,4,2.79999995232,0.902
3fow PO4 275 B,SO4,PO4,0.902525963299,0.0532611660261,0.849264797273,False,2,2.79999995232,0.967
3fow PO4 275 A,SO4,PO4,0.908575539317,0.0569724214735,0.851603117843,False,2,2.79999995232,0.971
3fov NO3 201 A,SO4,NO3,0.237760149677,0.0149669197783,0.222793229899,False,10,1.89999997616,0.943
3fot SO4 527 A,SO4,SO4,0.771838649543,0.771838649543,0.0,True,1,1.70000004768,0.952
3fot GOL 524 A,SO4,GOL,0.521528777553,0.148272482406,0.373256295148,False,2,1.70000004768,0.704
3fot GOL 522 A,GOL,GOL,0.552443143583,0.552443143583,0.0,True,1,1.70000004768,0.807
3fot GOL 521 A,SO4,GOL,0.766409743689,0.031004527475,0.735405216214,False,3,1.70000004768,0.708
3fo8 ACT 601 D,NO3,ACT,0.814928915346,0.0652865222555,0.74964239309,False,2,1.79999995232,0.962
3fo6 ACT 96 A,ACT,ACT,0.17956039974,0.17956039974,0.0,True,1,1.89999997616,0.935
3fo5 GOL 595 A,GOL,GOL,0.766443264155,0.766443264155,0.0,True,1,2.0,0.783
3fo4 NCO 104 A,NCO,NCO,0.987565050884,0.987565050884,0.0,True,1,1.79999995232,0.968
3fo4 NCO 103 A,NCO,NCO,0.923963533014,0.923963533014,0.0,True,1,1.79999995232,0.942
3fo4 NCO 101 A,NCO,NCO,0.917214910312,0.917214910312,0.0,True,1,1.79999995232,0.96
3fo4 ACT 96 A,PO4,ACT,0.383782121673,0.215680350859,0.168101770815,False,2,1.79999995232,0.918
3fnr SO4 4 A,SO4,SO4,0.637635449695,0.637635449695,0.0,True,1,2.20000004768,0.906
3fnr SO4 3 A,SO4,SO4,0.786217516848,0.786217516848,0.0,True,1,2.20000004768,0.992
3fnr SO4 2 A,SO4,SO4,0.674137842688,0.674137842688,0.0,True,1,2.20000004768,0.881
3fnr SO4 1 A,SO4,SO4,0.928717097917,0.928717097917,0.0,True,1,2.20000004768,0.964
3fnr GOL 539 A,GOL,GOL,0.372770829608,0.372770829608,0.0,True,1,2.20000004768,0.876
3fnq SO4 307 A,MPD,SO4,0.292601515345,0.263553075296,0.0290484400486,False,2,1.89999997616,0.925
3fnq SO4 306 A,SO4,SO4,0.853754242002,0.853754242002,0.0,True,1,1.89999997616,0.934
3fnq SO4 305 C,SO4,SO4,0.558460965105,0.558460965105,0.0,True,1,1.89999997616,0.919
3fnl SCN 616 A,SO4,SCN,0.336597960371,0.012532970619,0.324064989752,False,6,2.5,0.868
3fnk ACT 194 B,SO4,ACT,0.935951425085,9.47286762928e-05,0.935856696409,False,145,2.0,0.96
3fnk ACT 189 C,SO4,ACT,0.849657105678,0.00384591341903,0.845811192259,False,5,2.0,0.923
3fnk ACT 189 A,EDO,ACT,0.705166385684,0.00934726746061,0.695819118223,False,3,2.0,0.845
3fnk ACT 188 C,EDO,ACT,0.283340175601,0.136025950372,0.147314225229,False,2,2.0,0.83
3fnd GOL 356 A,GOL,GOL,0.832282183689,0.832282183689,0.0,True,1,1.89999997616,0.855
3fna AMP 401 B,AMP,AMP,0.302772658212,0.302772658212,0.0,True,1,2.0,0.897
3fna AMP 401 A,SO4,AMP,0.687929688483,0.00021925611498,0.687710432368,False,182,2.0,0.862
3fn6 CSX 208 A,CME,CSX,0.400108752483,0.00926294583387,0.390845806649,False,8,1.89999997616,0.899
3fn5 EPE 1 B,CXS,EPE,0.557202768128,0.136541286048,0.42066148208,False,2,1.5,0.944
3fn4 SO4 403 A,SO4,SO4,0.818076723724,0.818076723724,0.0,True,1,2.0,0.982
3fmr SO4 504 B,SO4,SO4,0.501571675683,0.501571675683,0.0,True,1,2.90000009537,0.868
3fmr SO4 503 A,SO4,SO4,0.85082424082,0.85082424082,0.0,True,1,2.90000009537,0.964
3fmr SO4 502 A,SO4,SO4,0.897964790427,0.897964790427,0.0,True,1,2.90000009537,0.96
3fmr SO4 501 A,SO4,SO4,0.754741754826,0.754741754826,0.0,True,1,2.90000009537,0.927
3fmq SO4 503 B,SO4,SO4,0.971408439696,0.971408439696,0.0,True,1,2.5,0.984
3fmq SO4 502 A,SO4,SO4,0.842851413662,0.842851413662,0.0,True,1,2.5,0.97
3fmq SO4 501 A,SO4,SO4,0.741287877293,0.741287877293,0.0,True,1,2.5,0.888
3fmo GOL 451 A,GOL,GOL,0.160069441192,0.160069441192,0.0,True,1,2.5,0.861
3fmi SO4 253 C,SO4,SO4,0.963787271055,0.963787271055,0.0,True,1,2.20000004768,0.991
3fmi SO4 252 D,SO4,SO4,0.77837905786,0.77837905786,0.0,True,1,2.20000004768,0.983
3fmi SO4 251 B,SO4,SO4,0.872734803131,0.872734803131,0.0,True,1,2.20000004768,0.996
3fmi SO4 250 A,SO4,SO4,0.845951812657,0.845951812657,0.0,True,1,2.20000004768,0.997
3fmi CSX 163 D,CME,CSX,0.386988075089,0.05646635019,0.330521724899,False,4,2.20000004768,0.953
3fmi CSX 163 C,CME,CSX,0.819480763857,0.0195927582331,0.799888005624,False,5,2.20000004768,0.942
3fmi CSX 163 B,CSO,CSX,0.186731271582,0.0285785283199,0.158152743262,False,6,2.20000004768,0.903
3fmc SO4 369 D,SO4,SO4,0.314773302141,0.314773302141,0.0,True,1,1.79999995232,0.74
3fmc SO4 368 D,SO4,SO4,0.890303853873,0.890303853873,0.0,True,1,1.79999995232,0.982
3fmc SO4 368 C,SO4,SO4,0.868518177818,0.868518177818,0.0,True,1,1.79999995232,0.986
3fmc SO4 368 B,SO4,SO4,0.84977821515,0.84977821515,0.0,True,1,1.79999995232,0.987
3fmc SO4 368 A,SO4,SO4,0.464156428526,0.464156428526,0.0,True,1,1.79999995232,0.99
3fmc GOL 372 D,EDO,GOL,0.400567914008,0.172417899005,0.228150015004,False,2,1.79999995232,0.853
3fmc GOL 371 D,GOL,GOL,0.593381186049,0.593381186049,0.0,True,1,1.79999995232,0.891
3fmc GOL 371 B,EDO,GOL,0.472418842304,0.356906471683,0.115512370621,False,2,1.79999995232,0.924
3fmc GOL 370 B,EDO,GOL,0.481748768226,0.0688111623915,0.412937605835,False,3,1.79999995232,0.886
3fmc GOL 369 C,EDO,GOL,0.255406038823,0.243170567073,0.0122354717503,False,2,1.79999995232,0.872
3fmc GOL 369 B,SO4,GOL,0.531934339945,0.0592677982534,0.472666541692,False,4,1.79999995232,0.675
3fmc GOL 369 A,SO4,GOL,0.4893583645,0.00935616967346,0.480002194827,False,7,1.79999995232,0.86
3fmb SO4 100 B,SO4,SO4,0.83558062247,0.83558062247,0.0,True,1,1.79999995232,0.982
3fmb SO4 100 A,SO4,SO4,0.821640417824,0.821640417824,0.0,True,1,1.79999995232,0.987
3fm8 SO4 376 D,SO4,SO4,0.957952224008,0.957952224008,0.0,True,1,2.29999995232,0.985
3fm8 SO4 375 D,SO4,SO4,0.876786515083,0.876786515083,0.0,True,1,2.29999995232,0.98
3fm8 SO4 375 C,SO4,SO4,0.53015183578,0.53015183578,0.0,True,1,2.29999995232,0.992
3fm5 GOL 2001 D,SO4,GOL,0.354874943063,0.0706674332694,0.284207509794,False,4,2.0,0.889
3fm3 SO4 603 A,SO4,SO4,0.797986195116,0.797986195116,0.0,True,1,2.20000004768,0.959
3fm3 SO4 602 A,SO4,SO4,0.717710224145,0.717710224145,0.0,True,1,2.20000004768,0.701
3fm3 SO4 601 B,SO4,SO4,0.926253392216,0.926253392216,0.0,True,1,2.20000004768,0.974
3fm2 ACT 137 A,EDO,ACT,0.364240011574,0.0689223726104,0.295317638963,False,4,1.79999995232,0.726
3fm2 ACT 136 B,ACT,ACT,0.454578361393,0.454578361393,0.0,True,1,1.79999995232,0.862
3fm0 SO4 2003 A,SO4,SO4,0.921543587976,0.921543587976,0.0,True,1,1.70000004768,0.973
3flu SO4 297 C,SO4,SO4,0.380209505603,0.380209505603,0.0,True,1,2.0,0.859
3flu SO4 296 C,SO4,SO4,0.750648500818,0.750648500818,0.0,True,1,2.0,0.928
3flu SO4 296 A,SO4,SO4,0.610058293643,0.610058293643,0.0,True,1,2.0,0.959
3flu SO4 295 C,EDO,SO4,0.364342563286,0.171538810595,0.192803752692,False,3,2.0,0.913
3flu SO4 295 B,SO4,SO4,0.358090093528,0.358090093528,0.0,True,1,2.0,0.807
3flu SO4 294 D,SO4,SO4,0.510443280928,0.510443280928,0.0,True,1,2.0,0.934
3flu SO4 294 C,SO4,SO4,0.375621037733,0.375621037733,0.0,True,1,2.0,0.969
3flu SO4 294 B,SO4,SO4,0.5578354512,0.5578354512,0.0,True,1,2.0,0.897
3flu SO4 294 A,PO4,SO4,0.316663405972,0.0685915553738,0.248071850599,False,4,2.0,0.946
3flu SO4 293 D,SO4,SO4,0.449477402063,0.449477402063,0.0,True,1,2.0,0.98
3flu SO4 293 C,SO4,SO4,0.807097547675,0.807097547675,0.0,True,1,2.0,0.988
3flu SO4 293 B,SO4,SO4,0.613823152178,0.613823152178,0.0,True,1,2.0,0.949
3flu SO4 293 A,SO4,SO4,0.540366656689,0.540366656689,0.0,True,1,2.0,0.892
3flu SO4 292 D,SO4,SO4,0.45861036641,0.45861036641,0.0,True,1,2.0,0.921
3flu SO4 292 C,SO4,SO4,0.722391855962,0.722391855962,0.0,True,1,2.0,0.968
3flu SO4 292 B,SO4,SO4,0.916769980865,0.916769980865,0.0,True,1,2.0,0.983
3flu SO4 292 A,SO4,SO4,0.782737189515,0.782737189515,0.0,True,1,2.0,0.985
3flu GOL 305 C,SO4,GOL,0.401478045975,0.270094850492,0.131383195483,False,2,2.0,0.88
3flu GOL 303 C,EDO,GOL,0.518353167562,0.364702001736,0.153651165826,False,2,2.0,0.959
3flu GOL 303 A,GOL,GOL,0.470974613573,0.470974613573,0.0,True,1,2.0,0.87
3flu GOL 302 D,SO4,GOL,0.685853146897,0.10072391364,0.585129233258,False,2,2.0,0.944
3flu GOL 302 C,EDO,GOL,0.418357188637,0.0584064438935,0.359950744744,False,3,2.0,0.926
3flu GOL 302 A,SO4,GOL,0.759797562955,0.0936875503893,0.666110012566,False,2,2.0,0.927
3flu GOL 301 D,GOL,GOL,0.417587981471,0.417587981471,0.0,True,1,2.0,0.883
3flu GOL 301 C,SO4,GOL,0.554406089856,0.0711827568017,0.483223333054,False,3,2.0,0.827
3flu GOL 301 B,SO4,GOL,0.382069495527,0.0343680228353,0.347701472692,False,5,2.0,0.824
3flu GOL 301 A,GOL,GOL,0.422327482621,0.422327482621,0.0,True,1,2.0,0.918
3flu GOL 300 C,EDO,GOL,0.707858609929,0.222333546237,0.485525063692,False,2,2.0,0.922
3flu GOL 300 B,SO4,GOL,0.703562080245,0.0140505860976,0.689511494147,False,5,2.0,0.909
3flu GOL 299 C,GOL,GOL,0.610123171984,0.610123171984,0.0,True,1,2.0,0.726
3flu GOL 298 D,GOL,GOL,0.355984183354,0.355984183354,0.0,True,1,2.0,0.693
3flu GOL 298 C,GOL,GOL,0.818241759561,0.818241759561,0.0,True,1,2.0,0.927
3flu GOL 298 A,GOL,GOL,0.858494520049,0.858494520049,0.0,True,1,2.0,0.926
3flu GOL 297 D,GOL,GOL,0.478173126944,0.478173126944,0.0,True,1,2.0,0.82
3flu GOL 297 B,GOL,GOL,0.621825537023,0.621825537023,0.0,True,1,2.0,0.95
3flu GOL 297 A,SO4,GOL,0.27471690402,0.142540648344,0.132176255676,False,3,2.0,0.881
3flu GOL 296 D,GOL,GOL,0.821984214982,0.821984214982,0.0,True,1,2.0,0.938
3flu GOL 296 B,GOL,GOL,0.750997781479,0.750997781479,0.0,True,1,2.0,0.883
3flu GOL 295 D,GOL,GOL,0.281247822058,0.281247822058,0.0,True,1,2.0,0.948
3flo SO4 9 C,SO4,SO4,0.691836755683,0.691836755683,0.0,True,1,2.5,0.891
3flo SO4 8 C,SO4,SO4,0.636080140828,0.636080140828,0.0,True,1,2.5,0.874
3flo SO4 7 G,SO4,SO4,0.76426078598,0.76426078598,0.0,True,1,2.5,0.923
3flo SO4 69 C,SO4,SO4,0.51350601202,0.51350601202,0.0,True,1,2.5,0.873
3flo SO4 68 B,SO4,SO4,0.315271671201,0.315271671201,0.0,True,1,2.5,0.687
3flo SO4 67 D,GOL,SO4,0.280793735382,0.107049268534,0.173744466849,False,3,2.5,0.684
3flo SO4 66 F,GOL,SO4,0.424228393923,0.18923859656,0.234989797363,False,2,2.5,0.856
3flo SO4 65 H,GOL,SO4,0.26299991539,0.142558992463,0.120440922927,False,2,2.5,0.782
3flo SO4 64 F,SO4,SO4,0.603782205832,0.603782205832,0.0,True,1,2.5,0.941
3flo SO4 63 D,GOL,SO4,0.318663135529,0.172225716999,0.146437418531,False,2,2.5,0.829
3flo SO4 62 B,GOL,SO4,0.290760433949,0.0343870223332,0.256373411616,False,5,2.5,0.896
3flo SO4 61 H,SO4,SO4,0.327287209169,0.327287209169,0.0,True,1,2.5,0.878
3flo SO4 6 C,GOL,SO4,0.481757844392,0.0717627581356,0.409995086256,False,3,2.5,0.911
3flo SO4 59 B,SO4,SO4,0.341875754696,0.341875754696,0.0,True,1,2.5,0.724
3flo SO4 58 E,SO4,SO4,0.461871891099,0.461871891099,0.0,True,1,2.5,0.914
3flo SO4 57 B,GOL,SO4,0.38777236019,0.0743947653063,0.313377594884,False,3,2.5,0.771
3flo SO4 55 G,SO4,SO4,0.618382410784,0.618382410784,0.0,True,1,2.5,0.664
3flo SO4 54 E,GOL,SO4,0.307072400617,0.123708152222,0.183364248395,False,2,2.5,0.683
3flo SO4 53 C,SO4,SO4,0.381000929938,0.381000929938,0.0,True,1,2.5,0.745
3flo SO4 51 G,SO4,SO4,0.331469113167,0.331469113167,0.0,True,1,2.5,0.813
3flo SO4 5 A,SO4,SO4,0.698588238654,0.698588238654,0.0,True,1,2.5,0.91
3flo SO4 49 A,SO4,SO4,0.650710571657,0.650710571657,0.0,True,1,2.5,0.843
3flo SO4 48 A,GOL,SO4,0.715397189605,0.0110834071679,0.704313782437,False,5,2.5,0.841
3flo SO4 47 A,EDO,SO4,0.278699714996,0.148840454717,0.129859260279,False,3,2.5,0.689
3flo SO4 45 E,EDO,SO4,0.37520734112,0.0892962602075,0.285911080913,False,3,2.5,0.704
3flo SO4 44 E,SO4,SO4,0.751665227963,0.751665227963,0.0,True,1,2.5,0.806
3flo SO4 43 C,GOL,SO4,0.300787025141,0.233371341341,0.0674156837997,False,2,2.5,0.8
3flo SO4 42 G,EDO,SO4,0.196650699756,0.15210682572,0.0445438740361,False,3,2.5,0.692
3flo SO4 40 D,SO4,SO4,0.707781016552,0.707781016552,0.0,True,1,2.5,0.825
3flo SO4 4 E,GOL,SO4,0.525113915753,0.0944790440497,0.430634871704,False,3,2.5,0.856
3flo SO4 39 D,SO4,SO4,0.616830595027,0.616830595027,0.0,True,1,2.5,0.76
3flo SO4 37 B,SO4,SO4,0.756678387382,0.756678387382,0.0,True,1,2.5,0.841
3flo SO4 33 E,SO4,SO4,0.332904392004,0.332904392004,0.0,True,1,2.5,0.816
3flo SO4 32 A,EDO,SO4,0.396299341346,0.289896946882,0.106402394464,False,2,2.5,0.783
3flo SO4 31 A,SO4,SO4,0.397933485123,0.397933485123,0.0,True,1,2.5,0.765
3flo SO4 30 A,SO4,SO4,0.747501156686,0.747501156686,0.0,True,1,2.5,0.792
3flo SO4 3 A,GOL,SO4,0.245975835843,0.129966220484,0.116009615359,False,3,2.5,0.86
3flo SO4 27 G,SO4,SO4,0.846088006288,0.846088006288,0.0,True,1,2.5,0.923
3flo SO4 26 E,SO4,SO4,0.873113096484,0.873113096484,0.0,True,1,2.5,0.815
3flo SO4 25 E,SO4,SO4,0.729693960394,0.729693960394,0.0,True,1,2.5,0.843
3flo SO4 24 E,GOL,SO4,0.286696297752,0.0632294979512,0.223466799801,False,5,2.5,0.871
3flo SO4 23 E,SO4,SO4,0.850696860424,0.850696860424,0.0,True,1,2.5,0.919
3flo SO4 22 E,GOL,SO4,0.479645319766,0.103492289081,0.376153030685,False,3,2.5,0.694
3flo SO4 20 E,SO4,SO4,0.784843272573,0.784843272573,0.0,True,1,2.5,0.863
3flo SO4 2 G,SO4,SO4,0.698098972552,0.698098972552,0.0,True,1,2.5,0.866
3flo SO4 19 H,SO4,SO4,0.7590277554,0.7590277554,0.0,True,1,2.5,0.814
3flo SO4 18 G,SO4,SO4,0.68413635494,0.68413635494,0.0,True,1,2.5,0.882
3flo SO4 17 G,GOL,SO4,0.543947735506,0.0342380383982,0.509709697108,False,5,2.5,0.736
3flo SO4 16 G,SO4,SO4,0.666050505464,0.666050505464,0.0,True,1,2.5,0.767
3flo SO4 15 C,SO4,SO4,0.589714893848,0.589714893848,0.0,True,1,2.5,0.892
3flo SO4 13 A,SO4,SO4,0.784360501454,0.784360501454,0.0,True,1,2.5,0.89
3flo SO4 12 A,SO4,SO4,0.924773196589,0.924773196589,0.0,True,1,2.5,0.862
3flo SO4 11 C,SO4,SO4,0.910627954094,0.910627954094,0.0,True,1,2.5,0.847
3flo SO4 10 C,SO4,SO4,0.452720697108,0.452720697108,0.0,True,1,2.5,0.81
3flo SO4 1 G,SO4,SO4,0.306637268653,0.306637268653,0.0,True,1,2.5,0.937
3flk SO4 409 A,SO4,SO4,0.674524565605,0.674524565605,0.0,True,1,2.0,0.921
3flk SO4 408 C,SO4,SO4,0.2916534141,0.2916534141,0.0,True,1,2.0,0.849
3flk SO4 408 A,SO4,SO4,0.752812566094,0.752812566094,0.0,True,1,2.0,0.818
3flk SO4 407 D,SO4,SO4,0.278850328232,0.278850328232,0.0,True,1,2.0,0.848
3flk SO4 407 C,SO4,SO4,0.697991684711,0.697991684711,0.0,True,1,2.0,0.861
3flk SO4 407 A,SO4,SO4,0.843582673387,0.843582673387,0.0,True,1,2.0,0.892
3flk SO4 406 D,ACT,SO4,0.286545025676,0.208706649202,0.0778383764734,False,2,2.0,0.871
3flk SO4 406 C,SO4,SO4,0.623607481055,0.623607481055,0.0,True,1,2.0,0.882
3flk SO4 406 B,MPD,SO4,0.189678697276,0.109688383382,0.0799903138939,False,3,2.0,0.821
3flk SO4 406 A,SO4,SO4,0.715778947137,0.715778947137,0.0,True,1,2.0,0.928
3flk SO4 405 D,SO4,SO4,0.725168565994,0.725168565994,0.0,True,1,2.0,0.856
3flk SO4 405 B,SO4,SO4,0.475312425725,0.475312425725,0.0,True,1,2.0,0.876
3flk SO4 404 D,SO4,SO4,0.687943385939,0.687943385939,0.0,True,1,2.0,0.893
3flk SO4 404 B,SO4,SO4,0.843613122893,0.843613122893,0.0,True,1,2.0,0.945
3flk DTT 409 C,GOL,DTT,0.152167544413,0.00750955147261,0.144657992941,False,20,2.0,0.726
3flf GOL 5000 A,GOL,GOL,0.839414618962,0.839414618962,0.0,True,1,2.0,0.952
3fld SO4 1710 A,NAG,SO4,0.236039823904,0.00903625947961,0.227003564424,False,13,2.40000009537,0.882
3fld SO4 1709 B,SO4,SO4,0.881477534064,0.881477534064,0.0,True,1,2.40000009537,0.955
3fld SO4 1707 B,SO4,SO4,0.440777424155,0.440777424155,0.0,True,1,2.40000009537,0.782
3fld SO4 1706 A,SO4,SO4,0.441871080824,0.441871080824,0.0,True,1,2.40000009537,0.911
3fld SO4 1705 B,SO4,SO4,0.507688641216,0.507688641216,0.0,True,1,2.40000009537,0.934
3fld SO4 1704 A,SO4,SO4,0.41454969707,0.41454969707,0.0,True,1,2.40000009537,0.931
3fld SO4 1703 A,SO4,SO4,0.825844559311,0.825844559311,0.0,True,1,2.40000009537,0.974
3fld SO4 1702 B,SO4,SO4,0.948777890218,0.948777890218,0.0,True,1,2.40000009537,0.869
3fld SO4 1701 A,SO4,SO4,0.884578908615,0.884578908615,0.0,True,1,2.40000009537,0.959
3flc SO4 508 X,SO4,SO4,0.562818183531,0.562818183531,0.0,True,1,1.79999995232,0.944
3flc SO4 508 O,SO4,SO4,0.660351948907,0.660351948907,0.0,True,1,1.79999995232,0.971
3flc GOL 507 X,GOL,GOL,0.835365866138,0.835365866138,0.0,True,1,1.79999995232,0.966
3flc GOL 507 O,GOL,GOL,0.931385475193,0.931385475193,0.0,True,1,1.79999995232,0.95
3flb PG4 5798 A,EPE,PG4,0.0825900431892,0.00419949486219,0.0783905483271,False,38,1.79999995232,0.798
3fl6 NCO 61 B,NCO,NCO,0.953328189685,0.953328189685,0.0,True,1,1.20000004768,0.993
3fl5 CSO 89 A,CSD,CSO,0.373364525155,0.24563984981,0.127724675344,False,2,2.29999995232,0.922
3fl1 SO4 3000 B,SO4,SO4,0.888346967912,0.888346967912,0.0,True,1,1.89999997616,0.892
3fky FLC 371 T,SO4,FLC,0.139456710337,0.0407473614099,0.0987093489269,False,5,3.0,0.912
3fky FLC 371 S,SO4,FLC,0.325275810025,0.00230199090015,0.322973819125,False,40,3.0,0.907
3fky FLC 371 Q,NAG,FLC,0.748986490783,0.00199041921641,0.746996071567,False,14,3.0,0.882
3fky FLC 371 P,SO4,FLC,0.342952307129,0.0053043166779,0.337647990451,False,16,3.0,0.895
3fky FLC 371 O,NAG,FLC,0.923296451469,0.000405048137655,0.922891403331,False,20,3.0,0.932
3fky FLC 371 N,GOL,FLC,0.299672451777,0.00740772530824,0.292264726469,False,12,3.0,0.837
3fky FLC 371 M,GOL,FLC,0.21326767293,0.00356982684796,0.209697846082,False,34,3.0,0.917
3fky FLC 371 L,NAG,FLC,0.427661138031,0.0067562780831,0.420904859948,False,12,3.0,0.905
3fky FLC 371 K,SO4,FLC,0.637639078521,0.00322472451405,0.634414354007,False,12,3.0,0.919
3fky FLC 371 J,BOG,FLC,0.0790085065894,0.0184097034865,0.0605988031029,False,12,3.0,0.923
3fky FLC 371 I,SO4,FLC,0.571536000993,0.00482605244279,0.56670994855,False,11,3.0,0.915
3fky FLC 371 H,NAG,FLC,0.62680092505,0.00418692149105,0.622614003559,False,11,3.0,0.915
3fky FLC 371 G,GOL,FLC,0.244348037025,0.00209300018083,0.242255036844,False,40,3.0,0.929
3fky FLC 371 F,NAG,FLC,0.937270279438,0.00119110691839,0.93607917252,False,5,3.0,0.869
3fky FLC 371 E,NAG,FLC,0.400014825768,0.002216985646,0.397797840122,False,23,3.0,0.867
3fky FLC 371 D,SO4,FLC,0.31715186943,0.0106143229799,0.30653754645,False,8,3.0,0.944
3fky FLC 371 C,NAG,FLC,0.105290844987,0.00640634071626,0.0988845042705,False,32,3.0,0.954
3fky FLC 371 B,TLA,FLC,0.216406142578,0.00962431675019,0.206781825828,False,11,3.0,0.902
3fky FLC 371 A,NAG,FLC,0.378496558685,0.00328865351333,0.375207905172,False,27,3.0,0.904
3fkw PO4 503 A,SO4,PO4,0.657739479639,0.307905319825,0.349834159814,False,2,1.5,0.95
3fkw PO4 502 A,CIT,PO4,0.442289798655,0.0291536864651,0.41313611219,False,5,1.5,0.942
3fkv PO4 501 A,SO4,PO4,0.786194061863,0.143945050876,0.642249010987,False,2,1.79999995232,0.955
3fku BMA 603 A,NAG,BMA,0.739111519193,0.00339759701692,0.735713922176,False,14,3.20000004768,0.862
3fks PO4 615 X,SO4,PO4,0.688052327733,0.130555777175,0.557496550558,False,2,3.59999990463,0.949
3fks PO4 614 U,SO4,PO4,0.632166785463,0.128350504904,0.503816280559,False,2,3.59999990463,0.92
3fks PO4 613 T,SO4,PO4,0.897017561306,0.0296185717975,0.867398989508,False,2,3.59999990463,0.927
3fks PO4 612 S,SO4,PO4,0.645041346524,0.057750521492,0.587290825032,False,2,3.59999990463,0.876
3fks PO4 611 O,SO4,PO4,0.663995014862,0.0979643409635,0.566030673898,False,2,3.59999990463,0.945
3fks PO4 610 N,SO4,PO4,0.811266510019,0.137227577584,0.674038932435,False,2,3.59999990463,0.94
3fks PO4 609 M,SO4,PO4,0.400330623913,0.113167678789,0.287162945124,False,3,3.59999990463,0.974
3fks PO4 608 L,SO4,PO4,0.5696591481,0.301485965048,0.268173183052,False,2,3.59999990463,0.95
3fks PO4 607 K,SO4,PO4,0.832548190049,0.0868208972199,0.745727292829,False,2,3.59999990463,0.969
3fks PO4 606 J,SO4,PO4,0.620386170268,0.204710923019,0.415675247249,False,2,3.59999990463,0.937
3fks PO4 605 F,SO4,PO4,0.32124184222,0.0357347736529,0.285507068567,False,5,3.59999990463,0.959
3fks PO4 604 D,SO4,PO4,0.747446322376,0.020528175939,0.726918146437,False,4,3.59999990463,0.878
3fks PO4 603 C,SO4,PO4,0.700749855918,0.0875470989377,0.613202756981,False,2,3.59999990463,0.959
3fks PO4 602 B,SO4,PO4,0.332251906143,0.0430761477613,0.289175758382,False,4,3.59999990463,0.932
3fks PO4 601 A,SO4,PO4,0.807878819671,0.0684179125815,0.739460907089,False,2,3.59999990463,0.916
3fkr PO4 404 A,GOL,PO4,0.398017271149,0.0329620165449,0.365055254604,False,4,1.79999995232,0.947
3fkr PO4 403 B,GOL,PO4,0.329537918335,0.0339386087481,0.295599309587,False,4,1.79999995232,0.919
3fkr PO4 402 B,SO4,PO4,0.759501298105,0.147928047095,0.61157325101,False,2,1.79999995232,0.953
3fkr PO4 401 A,SO4,PO4,0.780980431466,0.0748677850397,0.706112646426,False,2,1.79999995232,0.962
3fkq SO4 360 A,EDO,SO4,0.223189878194,0.217262645329,0.00592723286513,False,2,2.09999990463,0.922
3fkq GOL 359 A,SO4,GOL,0.794229602741,0.0269693349511,0.767260267789,False,3,2.09999990463,0.84
3fkq GOL 358 A,EDO,GOL,0.453706521085,0.0685678682172,0.385138652867,False,3,2.09999990463,0.777
3fkq ATP 500 A,GTP_MG,ATP_MG,0.216177390804,0.0863065868026,0.129870804002,False,4,2.09999990463,0.99
3fkk PO4 1002 B,SO4,PO4,0.777749610026,0.153009733873,0.624739876152,False,2,2.0,0.946
3fkk PO4 1001 A,SO4,PO4,0.914964569067,0.0365052682662,0.878459300801,False,2,2.0,0.933
3fkj SCN 329 B,EDO,SCN,0.768629526996,0.00173712868168,0.766892398314,False,18,2.09999990463,0.97
3fkj SCN 329 A,GOL,SCN,0.18792594114,0.011519519384,0.176406421756,False,12,2.09999990463,0.985
3fkh GOL 140 C,GOL,GOL,0.319663867832,0.319663867832,0.0,True,1,2.5,0.836
3fkh GOL 139 D,GOL,GOL,0.267567121151,0.267567121151,0.0,True,1,2.5,0.72
3fkf ACT 504 D,SO4,ACT,0.740405742938,0.00575719056258,0.734648552376,False,4,2.20000004768,0.961
3fkb TNM 160 C,CIT,MG,0.193704237238,0.134599753428,0.0591044838099,False,2,1.60000002384,0.902
3fka ACT 123 B,EDO,ACT,0.641245946256,0.0176964996297,0.623549446627,False,5,1.70000004768,0.76
3fk1 FMT 433 A,FMT,FMT,0.465681110048,0.465681110048,0.0,True,1,1.70000004768,0.942
3fk1 FMT 432 A,FMT,FMT,0.415820618563,0.415820618563,0.0,True,1,1.70000004768,0.969
3fk1 FMT 430 A,ACT,FMT,0.393547751024,0.0568063149942,0.33674143603,False,3,1.70000004768,0.951
3fjz FMT 438 A,ACT,FMT,0.479180973417,0.111800874975,0.367380098441,False,2,1.70000004768,0.954
3fjz FMT 437 A,EDO,FMT,0.364023092553,0.307842286075,0.0561808064779,False,2,1.70000004768,0.952
3fjz FMT 435 A,FMT,FMT,0.444224818107,0.444224818107,0.0,True,1,1.70000004768,0.938
3fjz FMT 433 A,FMT,FMT,0.342634954412,0.342634954412,0.0,True,1,1.70000004768,0.786
3fjz FMT 431 A,EDO,FMT,0.37451751289,0.223754904006,0.150762608884,False,2,1.70000004768,0.964
3fjy GOL 401 B,SO4,GOL,0.330735513767,0.0209788876635,0.309756626104,False,6,2.09999990463,0.672
3fjy GOL 400 A,PO4,GOL,0.319572208916,0.0101382820648,0.309433926851,False,13,2.09999990463,0.614
3fjx FMT 436 A,FMT,FMT,0.743871890817,0.743871890817,0.0,True,1,1.79999995232,0.87
3fjx FMT 435 A,EDO,FMT,0.424698470399,0.194968160953,0.229730309446,False,2,1.79999995232,0.97
3fjx FMT 433 A,FMT,FMT,0.304041290418,0.304041290418,0.0,True,1,1.79999995232,0.915
3fjx FMT 432 A,FMT,FMT,0.535367339148,0.535367339148,0.0,True,1,1.79999995232,0.969
3fjx FMT 431 A,ACT,FMT,0.30696495555,0.270332670386,0.0366322851638,False,2,1.79999995232,0.952
3fjx FMT 430 A,EDO,FMT,0.46080804295,0.173469800163,0.287338242787,False,2,1.79999995232,0.915
3fjx FMT 429 A,ACT,FMT,0.353780009292,0.0817551983738,0.272024810918,False,2,1.79999995232,0.991
3fjv GOL 194 B,GOL,GOL,0.825132701521,0.825132701521,0.0,True,1,1.89999997616,0.892
3fju ACT 515 A,ACT,ACT,0.8408540166,0.8408540166,0.0,True,1,1.60000002384,0.991
3fjq TPO 197 E,TPO,TPO,0.982628856599,0.982628856599,0.0,True,1,1.60000002384,0.967
3fjq SEP 338 E,SEP,SEP,0.780945468579,0.780945468579,0.0,True,1,1.60000002384,0.946
3fjp SO4 234 B,SO4,SO4,0.738986565182,0.738986565182,0.0,True,1,2.29999995232,0.959
3fjp SO4 234 A,SO4,SO4,0.9069259148,0.9069259148,0.0,True,1,2.29999995232,0.958
3fjn ACT 901 B,GOL,ACT,0.58344363967,0.0140172780736,0.569426361597,False,6,2.29999995232,0.89
3fjn ACT 801 A,SO4,ACT,0.545037559803,0.0228513797834,0.52218618002,False,5,2.29999995232,0.862
3fjn ACT 701 B,GOL,ACT,0.311369974188,0.0272843662104,0.284085607978,False,6,2.29999995232,0.933
3fjn ACT 601 A,EDO,ACT,0.292051074148,0.104884743155,0.187166330992,False,3,2.29999995232,0.729
3fjm PO4 301 B,PO4,PO4,0.81103835784,0.81103835784,0.0,True,1,1.60000002384,0.979
3fjm PO4 301 A,PO4,PO4,0.845923725185,0.845923725185,0.0,True,1,1.60000002384,0.989
3fjl SO4 397 A,SO4,SO4,0.964700220478,0.964700220478,0.0,True,1,1.89999997616,0.982
3fj6 SO4 397 A,SO4,SO4,0.732224266552,0.732224266552,0.0,True,1,1.79999995232,0.99
3fj6 ACT 3 A,SO4,ACT,0.528490690176,0.0553838300353,0.473106860141,False,3,1.79999995232,0.97
3fj6 ACT 2 A,IPA,ACT,0.376748964695,0.249581871425,0.127167093271,False,2,1.79999995232,0.836
3fj5 SO4 2 A,ACT,SO4,0.257956207833,0.214342126434,0.043614081399,False,2,1.60000002384,0.884
3fj5 ACT 5 B,EDO,ACT,0.577409674208,0.13217091577,0.445238758438,False,2,1.60000002384,0.955
3fj5 ACT 4 B,EDO,ACT,0.462506608793,0.00410919540046,0.458397413393,False,6,1.60000002384,0.839
3fj5 ACT 3 A,GOL,ACT,0.719790453329,0.00576890910408,0.714021544225,False,7,1.60000002384,0.659
3fj2 GOL 171 A,EDO,GOL,0.479913013802,0.0524579218443,0.427455091957,False,4,1.89999997616,0.808
3fj2 GOL 170 A,GOL,GOL,0.729749743584,0.729749743584,0.0,True,1,1.89999997616,0.816
3fj2 GOL 169 A,GOL,GOL,0.500196179406,0.500196179406,0.0,True,1,1.89999997616,0.901
3fiv SO4 502 B,SO4,SO4,0.850799567211,0.850799567211,0.0,True,1,1.79999995232,0.918
3fiv SO4 501 A,SO4,SO4,0.87167402033,0.87167402033,0.0,True,1,1.79999995232,0.918
3fiu AMP 3001 D,SAM,AMP,0.108663267613,0.0291042923986,0.0795589752141,False,4,1.79999995232,0.973
3fig GOL 647 B,GOL,GOL,0.769670301664,0.769670301664,0.0,True,1,2.29999995232,0.959
3fig GOL 646 A,GOL,GOL,0.764260270348,0.764260270348,0.0,True,1,2.29999995232,0.96
3fid GOL 302 A,GOL,GOL,0.925154702852,0.925154702852,0.0,True,1,1.89999997616,0.953
3fid GOL 301 B,GOL,GOL,0.955869733336,0.955869733336,0.0,True,1,1.89999997616,0.947
3fi7 SO4 1 A,SO4,SO4,0.961924722326,0.961924722326,0.0,True,1,2.40000009537,0.969
3fi6 SO4 301 A,SO4,SO4,0.647621744152,0.647621744152,0.0,True,1,1.79999995232,0.953
3fi5 IPA 601 A,EDO,IPA,0.456506167666,0.00111145709835,0.455394710567,False,26,1.5,0.913
3fi0 PO4 1002 R,SO4,PO4,0.483026984845,0.127205739593,0.355821245252,False,2,2.70000004768,0.835
3fi0 PO4 1002 Q,SO4,PO4,0.795115542156,0.158556600837,0.636558941319,False,2,2.70000004768,0.974
3fi0 PO4 1002 P,SO4,PO4,0.70295005244,0.0793749720823,0.623575080357,False,2,2.70000004768,0.718
3fi0 PO4 1002 O,SO4,PO4,0.587315673416,0.25270905662,0.334606616795,False,2,2.70000004768,0.871
3fi0 PO4 1002 N,SO4,PO4,0.869497457055,0.0709008180936,0.798596638961,False,2,2.70000004768,0.955
3fi0 PO4 1002 L,SO4,PO4,0.820645751439,0.143158963728,0.677486787711,False,2,2.70000004768,0.979
3fi0 PO4 1002 K,SO4,PO4,0.806171228237,0.0790889598859,0.727082268351,False,2,2.70000004768,0.917
3fi0 PO4 1002 J,SO4,PO4,0.899651842831,0.0643663233729,0.835285519458,False,2,2.70000004768,0.964
3fi0 PO4 1002 I,SO4,PO4,0.882851528025,0.0700372461272,0.812814281897,False,2,2.70000004768,0.93
3fi0 PO4 1002 H,SO4,PO4,0.715987913448,0.0626425093275,0.653345404121,False,2,2.70000004768,0.942
3fi0 PO4 1002 G,SO4,PO4,0.522250327085,0.123853622459,0.398396704626,False,2,2.70000004768,0.965
3fi0 PO4 1002 F,SO4,PO4,0.747296121716,0.12817205301,0.619124068707,False,2,2.70000004768,0.935
3fi0 PO4 1002 E,SO4,PO4,0.691953004289,0.137431326827,0.554521677461,False,2,2.70000004768,0.862
3fi0 PO4 1002 D,SO4,PO4,0.685177510013,0.181844898786,0.503332611227,False,2,2.70000004768,0.96
3fi0 PO4 1002 C,SO4,PO4,0.753922075457,0.054323642422,0.699598433035,False,2,2.70000004768,0.947
3fi0 PO4 1002 B,SO4,PO4,0.59236811023,0.125300005265,0.467068104966,False,2,2.70000004768,0.972
3fi0 PO4 1002 A,SO4,PO4,0.830026510565,0.035812916122,0.794213594443,False,2,2.70000004768,0.966
3fi0 AMP 1003 L,SO4,AMP,0.273667960625,0.000997178905203,0.27267078172,False,98,2.70000004768,0.772
3fi0 AMP 1003 B,SO4,AMP,0.246774360834,0.00139965223992,0.245374708594,False,42,2.70000004768,0.749
3fhy SO4 319 B,SO4,SO4,0.760244571688,0.760244571688,0.0,True,1,2.29999995232,0.911
3fhy SO4 316 B,SO4,SO4,0.763746368398,0.763746368398,0.0,True,1,2.29999995232,0.935
3fhy SO4 314 B,GOL,SO4,0.281078207498,0.160771680184,0.120306527313,False,2,2.29999995232,0.933
3fhy SO4 314 A,EDO,SO4,0.331525610385,0.0243320514858,0.3071935589,False,7,2.29999995232,0.935
3fhy SO4 313 B,GOL,SO4,0.311689759306,0.252217871312,0.0594718879939,False,2,2.29999995232,0.925
3fhy SO4 313 A,GOL,SO4,0.323896124941,0.153713187588,0.170182937353,False,3,2.29999995232,0.927
3fhx SO4 320 A,GOL,SO4,0.506698095302,0.0464097651761,0.460288330126,False,3,2.5,0.853
3fhx SO4 319 A,GOL,SO4,0.275586409375,0.21888831542,0.056698093955,False,2,2.5,0.926
3fhx SO4 318 B,NAG,SO4,0.182996393509,0.0816268349091,0.1013695586,False,3,2.5,0.866
3fhx SO4 318 A,SO4,SO4,0.622626165761,0.622626165761,0.0,True,1,2.5,0.965
3fhx SO4 317 B,GOL,SO4,0.358649102627,0.208063922542,0.150585180085,False,2,2.5,0.955
3fhx SO4 316 B,SO4,SO4,0.264110545848,0.264110545848,0.0,True,1,2.5,0.922
3fhx SO4 316 A,GOL,SO4,0.325979938653,0.107269176347,0.218710762306,False,3,2.5,0.928
3fhx SO4 314 A,SO4,SO4,0.793632736891,0.793632736891,0.0,True,1,2.5,0.931
3fht GOL 3733 B,GOL,GOL,0.383397265906,0.383397265906,0.0,True,1,2.20000004768,0.931
3fht GOL 3731 A,EDO,GOL,0.516543482719,0.207389986373,0.309153496346,False,2,2.20000004768,0.96
3fhm SO4 145 C,GOL,SO4,0.192958863064,0.0664120115592,0.126546851505,False,4,2.70000004768,0.889
3fhm SO4 145 B,SO4,SO4,0.825887819438,0.825887819438,0.0,True,1,2.70000004768,0.977
3fhm SO4 145 A,SO4,SO4,0.798682637848,0.798682637848,0.0,True,1,2.70000004768,0.887
3fhm AMP 200 D,NAP,AMP,0.583464387885,0.0342240819761,0.549240305909,False,4,2.70000004768,0.967
3fhm AMP 200 C,NAP,AMP,0.242465627424,0.0317764763258,0.210689151098,False,4,2.70000004768,0.971
3fhm AMP 200 B,AMP,AMP,0.647198774087,0.647198774087,0.0,True,1,2.70000004768,0.956
3fhm AMP 200 A,NAP,AMP,0.324771710638,0.0247416151269,0.300030095511,False,6,2.70000004768,0.964
3fhl GOL 363 A,GOL,GOL,0.93180744112,0.93180744112,0.0,True,1,1.89999997616,0.887
3fhl GOL 361 A,GOL,GOL,0.779919633645,0.779919633645,0.0,True,1,1.89999997616,0.952
3fhk SO4 147 F,SO4,SO4,0.280856003532,0.280856003532,0.0,True,1,2.09999990463,0.759
3fhk SO4 147 E,SO4,SO4,0.716615281755,0.716615281755,0.0,True,1,2.09999990463,0.974
3fhk SO4 147 D,SO4,SO4,0.867837606982,0.867837606982,0.0,True,1,2.09999990463,0.97
3fhk SO4 147 A,SO4,SO4,0.591155502975,0.591155502975,0.0,True,1,2.09999990463,0.962
3fhk SO4 146 F,SO4,SO4,0.856861457349,0.856861457349,0.0,True,1,2.09999990463,0.96
3fhk SO4 146 E,SO4,SO4,0.777795422752,0.777795422752,0.0,True,1,2.09999990463,0.942
3fhk SO4 146 D,SO4,SO4,0.918595181571,0.918595181571,0.0,True,1,2.09999990463,0.931
3fhk SO4 146 A,SEP,SO4,0.326898837513,0.163842478466,0.163056359047,False,2,2.09999990463,0.987
3fhk SO4 145 F,GOL,SO4,0.288868557339,0.219723336154,0.0691452211854,False,2,2.09999990463,0.882
3fhk SO4 145 E,SO4,SO4,0.793393105911,0.793393105911,0.0,True,1,2.09999990463,0.955
3fhk SO4 145 D,SO4,SO4,0.793209796777,0.793209796777,0.0,True,1,2.09999990463,0.964
3fhk SO4 145 A,SO4,SO4,0.860779583762,0.860779583762,0.0,True,1,2.09999990463,0.988
3fhj PO4 1002 F,SO4,PO4,0.637671394166,0.0248214777372,0.612849916429,False,4,2.29999995232,0.865
3fhj PO4 1002 E,SO4,PO4,0.563409488836,0.162895933786,0.40051355505,False,2,2.29999995232,0.843
3fhj PO4 1002 D,SO4,PO4,0.926174784677,0.0245036344606,0.901671150216,False,2,2.29999995232,0.925
3fhj PO4 1002 C,SO4,PO4,0.550102730898,0.0305950341793,0.519507696718,False,5,2.29999995232,0.915
3fhj PO4 1002 B,GOL,PO4,0.294295696035,0.0231831574149,0.271112538621,False,6,2.29999995232,0.861
3fhj PO4 1002 A,SO4,PO4,0.403098150444,0.252598188004,0.15049996244,False,2,2.29999995232,0.943
3fhi TPO 197 A,TPO,TPO,0.935274977361,0.935274977361,0.0,True,1,2.0,0.959
3fhg SO4 220 A,SO4,SO4,0.500411897081,0.500411897081,0.0,True,1,1.89999997616,0.76
3fhg SO4 219 A,GOL,SO4,0.266340986857,0.132876996614,0.133463990243,False,3,1.89999997616,0.845
3fhg SO4 218 A,SO4,SO4,0.660678968097,0.660678968097,0.0,True,1,1.89999997616,0.88
3fhg SO4 217 A,SO4,SO4,0.704476079033,0.704476079033,0.0,True,1,1.89999997616,0.92
3fhg SO4 216 A,SO4,SO4,0.741912727749,0.741912727749,0.0,True,1,1.89999997616,0.889
3fhg SO4 214 A,SO4,SO4,0.448834129488,0.448834129488,0.0,True,1,1.89999997616,0.859
3fhg SO4 213 A,SO4,SO4,0.758336267706,0.758336267706,0.0,True,1,1.89999997616,0.886
3fhd SO4 489 A,SO4,SO4,0.555642598799,0.555642598799,0.0,True,1,1.89999997616,0.949
3fhd SO4 488 A,SO4,SO4,0.772344334898,0.772344334898,0.0,True,1,1.89999997616,0.948
3fhd SO4 487 A,SO4,SO4,0.739057297955,0.739057297955,0.0,True,1,1.89999997616,0.995
3fha PO4 707 A,MPD,PO4,0.566529929784,0.0120856440083,0.554444285776,False,6,2.0,0.863
3fha GOL 701 D,GSH,GOL,0.139487783628,0.0690657552372,0.0704220283904,False,3,2.0,0.859
3fha GOL 700 B,NAG,GOL,0.107044910571,0.0469067002009,0.0601382103706,False,2,2.0,0.895
3fgu ANP 600 A,GOL,ANP,0.185567063636,0.00267038651575,0.182896677121,False,45,2.20000004768,0.757
3fgt ACT 12 B,SO4,ACT,0.249553599383,0.0272107522324,0.222342847151,False,4,2.40000009537,0.989
3fgr ACT 22 A,EDO,ACT,0.399309637862,0.175291283762,0.2240183541,False,2,1.70000004768,0.978
3fgr ACT 21 B,EDO,ACT,0.505983875874,0.0507495678498,0.455234308024,False,4,1.70000004768,0.819
3fgo ACT 3002 B,GOL,ACT,0.6867034954,0.0286480040006,0.6580554914,False,3,2.5,0.919
3fgo ACT 3002 A,EDO,ACT,0.39152484948,0.170442338234,0.221082511246,False,2,2.5,0.945
3fgo ACT 3001 B,EDO,ACT,0.495885970124,0.181665333693,0.314220636432,False,2,2.5,0.938
3fgo ACT 3001 A,EDO,ACT,0.329657081003,0.0835807920232,0.24607628898,False,4,2.5,0.956
3fgc SO4 361 A,SO4,SO4,0.853438943893,0.853438943893,0.0,True,1,2.29999995232,0.95
3fgc SO4 360 A,SO4,SO4,0.781579670314,0.781579670314,0.0,True,1,2.29999995232,0.973
3fgc SO4 359 A,SO4,SO4,0.186310827653,0.186310827653,0.0,True,1,2.29999995232,0.979
3fgc SO4 358 C,SO4,SO4,0.803257994986,0.803257994986,0.0,True,1,2.29999995232,0.97
3fgc SO4 358 A,SO4,SO4,0.452920236835,0.452920236835,0.0,True,1,2.29999995232,0.973
3fgc SO4 357 C,SO4,SO4,0.396755373955,0.396755373955,0.0,True,1,2.29999995232,0.867
3fgc SO4 357 A,SO4,SO4,0.85097636882,0.85097636882,0.0,True,1,2.29999995232,0.979
3fgc SO4 356 C,SO4,SO4,0.858952969045,0.858952969045,0.0,True,1,2.29999995232,0.957
3fgc SO4 337 D,SO4,SO4,0.772507608821,0.772507608821,0.0,True,1,2.29999995232,0.958
3fgc SO4 336 D,GOL,SO4,0.41336924727,0.118982721923,0.294386525346,False,2,2.29999995232,0.862
3fgc SO4 335 D,SO4,SO4,0.549273657972,0.549273657972,0.0,True,1,2.29999995232,0.894
3fgc SO4 335 B,SO4,SO4,0.757852587878,0.757852587878,0.0,True,1,2.29999995232,0.818
3fgc SO4 334 D,SO4,SO4,0.693271469819,0.693271469819,0.0,True,1,2.29999995232,0.949
3fgc SO4 334 B,SO4,SO4,0.602008469187,0.602008469187,0.0,True,1,2.29999995232,0.913
3fgc SO4 333 D,SO4,SO4,0.892397884038,0.892397884038,0.0,True,1,2.29999995232,0.962
3fgc SO4 333 B,SO4,SO4,0.967857190583,0.967857190583,0.0,True,1,2.29999995232,0.995
3fgc PO4 359 C,SO4,PO4,0.766408096802,0.0890961369644,0.677311959837,False,2,2.29999995232,0.973
3fg9 FMT 155 D,EDO,FMT,0.742820221555,0.148167645071,0.594652576484,False,2,1.5,0.653
3fg9 FMT 155 C,SCN,FMT,0.442747632988,0.0154224768691,0.427325156119,False,10,1.5,0.895
3ffz ACT 1303 B,GOL,ACT,0.29201969862,0.00255020186983,0.289469496751,False,41,2.5,0.8
3ffz ACT 1303 A,EDO,ACT,0.167112387041,0.00666844978071,0.16044393726,False,16,2.5,0.749
3ffy SO4 226 A,SO4,SO4,0.648247557302,0.648247557302,0.0,True,1,2.0,0.962
3ffy SO4 225 A,SO4,SO4,0.626900620813,0.626900620813,0.0,True,1,2.0,0.959
3ffx SO4 131 B,SO4,SO4,0.965120113713,0.965120113713,0.0,True,1,2.0,0.974
3ffx SO4 131 A,EDO,SO4,0.28254209814,0.183325852686,0.0992162454541,False,2,2.0,0.838
3ffx SO4 1 A,SO4,SO4,0.671812388779,0.671812388779,0.0,True,1,2.0,0.936
3ffw SO4 130 B,SO4,SO4,0.888947350069,0.888947350069,0.0,True,1,2.0,0.972
3ffw SO4 1 A,GOL,SO4,0.214168422054,0.119031185856,0.0951372361979,False,2,2.0,0.908
3fft SO4 131 B,GOL,SO4,0.319756490771,0.0875363030523,0.232220187719,False,4,2.20000004768,0.888
3fft SO4 1 A,SO4,SO4,0.856797282818,0.856797282818,0.0,True,1,2.20000004768,0.987
3ffo TRS 207 A,SO4,TRS,0.745023689675,0.00671837914883,0.738305310526,False,7,2.09999990463,0.902
3ffo SO4 206 A,SO4,SO4,0.7508032288,0.7508032288,0.0,True,1,2.09999990463,0.946
3ffo SO4 205 A,SO4,SO4,0.540563127937,0.540563127937,0.0,True,1,2.09999990463,0.972
3ffh SO4 365 B,SO4,SO4,0.52256032635,0.52256032635,0.0,True,1,2.29999995232,0.823
3ffh SO4 364 B,GOL,SO4,0.275778627372,0.129747213003,0.146031414369,False,3,2.29999995232,0.762
3ffh SO4 364 A,SO4,SO4,0.620559522178,0.620559522178,0.0,True,1,2.29999995232,0.936
3ffh SO4 363 B,SO4,SO4,0.405297794781,0.405297794781,0.0,True,1,2.29999995232,0.956
3ffh SO4 363 A,SO4,SO4,0.881039059915,0.881039059915,0.0,True,1,2.29999995232,0.957
3ffh SO4 362 B,SO4,SO4,0.902003449958,0.902003449958,0.0,True,1,2.29999995232,0.962
3ffh SO4 362 A,SO4,SO4,0.87053390531,0.87053390531,0.0,True,1,2.29999995232,0.971
3ffh SO4 361 B,SO4,SO4,0.720501743503,0.720501743503,0.0,True,1,2.29999995232,0.989
3ffh SO4 361 A,SO4,SO4,0.613439031954,0.613439031954,0.0,True,1,2.29999995232,0.988
3ffb SO4 355 A,SO4,SO4,0.852156059366,0.852156059366,0.0,True,1,2.59999990463,0.978
3ffb GDP 1 A,GDP,GDP,0.981590063741,0.981590063741,0.0,True,1,2.59999990463,0.987
3ff2 ACT 117 A,GOL,ACT,0.677744553806,0.00539582725849,0.672348726548,False,10,1.89999997616,0.76
3fev SO4 202 C,SO4,SO4,0.582929521624,0.582929521624,0.0,True,1,1.29999995232,0.969
3fev SO4 201 B,SO4,SO4,0.823800807212,0.823800807212,0.0,True,1,1.29999995232,0.883
3fes PG4 145 C,1PE,PG4,0.793216321869,0.0682912429596,0.724925078909,False,2,1.79999995232,0.906
3fes PG4 144 C,EDO,PG4,0.210769052335,0.00169900861364,0.209070043721,False,26,1.79999995232,0.65
3fes PG4 143 D,NAG,PG4,0.863878887057,0.0122696557538,0.851609231304,False,3,1.79999995232,0.8
3fes PG4 143 B,PG4,PG4,0.48654057523,0.48654057523,0.0,True,1,1.79999995232,0.797
3fes EPE 143 C,EPE,EPE,0.825067179752,0.825067179752,0.0,True,1,1.79999995232,0.967
3fep MES 138 A,NAG,MES,0.412817923499,0.0406456414771,0.372172282022,False,2,2.59999990463,0.887
3feg SO4 396 A,SO4,SO4,0.918998974964,0.918998974964,0.0,True,1,1.29999995232,0.992
3fef SO4 455 D,SO4,SO4,0.517744422817,0.517744422817,0.0,True,1,2.20000004768,0.907
3fef SO4 455 B,SO4,SO4,0.910577772294,0.910577772294,0.0,True,1,2.20000004768,0.956
3fef SO4 455 A,SO4,SO4,0.921208713594,0.921208713594,0.0,True,1,2.20000004768,0.871
3fef SO4 4 D,SO4,SO4,0.893465597142,0.893465597142,0.0,True,1,2.20000004768,0.967
3fef SO4 3 C,SO4,SO4,0.941056944225,0.941056944225,0.0,True,1,2.20000004768,0.983
3fef SO4 2 A,SO4,SO4,0.95554733445,0.95554733445,0.0,True,1,2.20000004768,0.986
3fef SO4 1 B,SO4,SO4,0.934185126894,0.934185126894,0.0,True,1,2.20000004768,0.99
3fe5 CSO 23 A,TPO,CSO,0.248899082724,0.161581316423,0.0873177663015,False,3,2.5,0.972
3fe5 CSO 182 A,CME,CSO,0.205674383218,0.016612867586,0.189061515632,False,7,2.5,0.968
3fe5 CSO 134 A,CSD,CSO,0.348112620691,0.0160834130208,0.33202920767,False,6,2.5,0.955
3fe2 SO4 4 B,SO4,SO4,0.713468259577,0.713468259577,0.0,True,1,2.59999990463,0.946
3fe2 SO4 3 A,SO4,SO4,0.898622127751,0.898622127751,0.0,True,1,2.59999990463,0.951
3fe2 SO4 2 B,SO4,SO4,0.950059578571,0.950059578571,0.0,True,1,2.59999990463,0.983
3fdy MES 901 A,MES,MES,0.852712059378,0.852712059378,0.0,True,1,1.60000002384,0.967
3fdx ATP 301 B,ADP,ATP_MG,0.27194526775,0.0222490809973,0.249696186752,False,4,1.60000002384,0.975
3fdx ATP 301 A,GDP,ATP_MG,0.318728177137,0.041427878539,0.277300298598,False,4,1.60000002384,0.964
3fdu SO4 4 C,SO4,SO4,0.819164484113,0.819164484113,0.0,True,1,2.0,0.919
3fdu SO4 3 A,SO4,SO4,0.879114833739,0.879114833739,0.0,True,1,2.0,0.95
3fdu SO4 2 E,GOL,SO4,0.332226444531,0.226226952676,0.105999491854,False,2,2.0,0.845
3fdu SO4 1 E,SO4,SO4,0.951955514105,0.951955514105,0.0,True,1,2.0,0.961
3fdt M3L 18 T,M3L,M3L,0.57586757952,0.57586757952,0.0,True,1,2.0,0.964
3fdi SO4 2006 B,SO4,SO4,0.533177553609,0.533177553609,0.0,True,1,2.20000004768,0.972
3fdi SO4 2005 B,SO4,SO4,0.955103499598,0.955103499598,0.0,True,1,2.20000004768,0.985
3fdi SO4 2003 A,SO4,SO4,0.819066730135,0.819066730135,0.0,True,1,2.20000004768,0.995
3fdi SO4 2002 A,SO4,SO4,0.858872398584,0.858872398584,0.0,True,1,2.20000004768,0.99
3fdh PG4 1 A,PEG,PG4,0.460573537778,0.0456882810675,0.41488525671,False,5,1.79999995232,0.844
3fd7 SO4 110 A,SO4,SO4,0.579464365391,0.579464365391,0.0,True,1,1.5,0.964
3fd7 SO4 106 B,SO4,SO4,0.658324081863,0.658324081863,0.0,True,1,1.5,0.978
3fd7 SO4 106 A,SO4,SO4,0.881032619439,0.881032619439,0.0,True,1,1.5,0.978
3fd7 SO4 105 B,SO4,SO4,0.952275771356,0.952275771356,0.0,True,1,1.5,0.992
3fd7 SO4 105 A,SO4,SO4,0.626701529935,0.626701529935,0.0,True,1,1.5,0.979
3fd3 PG4 321 A,PG4,PG4,0.137054420253,0.137054420253,0.0,True,1,1.70000004768,0.863
3fcw UDP 138 F,ADP,UDP,0.311280672339,0.0285945889324,0.282686083407,False,6,2.40000009537,0.953
3fco NAP 1 B,NAP,NAP,0.55402537244,0.55402537244,0.0,True,1,2.70000004768,0.976
3fco NAP 1 A,NDP,NAP,0.598228038852,0.287523165278,0.310704873573,False,2,2.70000004768,0.965
3fcl SCN 4 B,EDO,SCN,0.39910534825,0.0249368486912,0.374168499559,False,5,1.60000002384,0.847
3fcl SCN 3 B,SCN,SCN,0.592698863702,0.592698863702,0.0,True,1,1.60000002384,0.979
3fcl SCN 2 A,SCN,SCN,0.88961915033,0.88961915033,0.0,True,1,1.60000002384,0.978
3fcl SCN 1 B,EDO,SCN,0.439676599691,0.327976778967,0.111699820724,False,2,1.60000002384,0.974
3fci SCN 3 A,EDO,SCN,0.551745329577,0.067755670177,0.4839896594,False,3,1.29999995232,0.909
3fci SCN 2 A,SCN,SCN,0.962230461913,0.962230461913,0.0,True,1,1.29999995232,0.984
3fcf SCN 305 A,SCN,SCN,0.674520271447,0.674520271447,0.0,True,1,1.79999995232,0.986
3fcc ATP 711 A,SAH,ATP,0.201822467367,0.05729181453,0.144530652837,False,5,2.20000004768,0.942
3fc3 PG4 400 A,1PE,PG4,0.255828032738,0.24318763925,0.0126403934878,False,2,1.79999995232,0.944
3fc2 ACT 7 A,OCS,ACT_ZN,0.347951778714,0.0316593616893,0.316292417024,False,6,2.5,0.947
3fc2 ACT 3 A,GOL,ACT,0.47438031433,0.0024531517596,0.47192716257,False,25,2.5,0.9
3fc0 ACT 1 A,SO4,ACT,0.364563798805,0.0532457435377,0.311318055267,False,5,1.79999995232,0.886
3fby SO4 1004 A,SO4,SO4,0.504455570245,0.504455570245,0.0,True,1,3.20000004768,0.758
3fby SO4 1003 C,SO4,SO4,0.629936935493,0.629936935493,0.0,True,1,3.20000004768,0.796
3fby SO4 1003 A,SO4,SO4,0.520144462437,0.520144462437,0.0,True,1,3.20000004768,0.748
3fby SO4 1002 B,SO4,SO4,0.965364170568,0.965364170568,0.0,True,1,3.20000004768,0.877
3fby SO4 1002 A,SO4,SO4,0.494511395206,0.494511395206,0.0,True,1,3.20000004768,0.867
3fby SO4 1001 C,SO4,SO4,0.948554215904,0.948554215904,0.0,True,1,3.20000004768,0.911
3fby SO4 1001 B,SO4,SO4,0.382173228813,0.382173228813,0.0,True,1,3.20000004768,0.955
3fby SO4 1001 A,SO4,SO4,0.954595487063,0.954595487063,0.0,True,1,3.20000004768,0.928
3fbx PG4 606 A,EDO,PG4,0.556962946072,0.000711266135372,0.556251679936,False,59,2.40000009537,0.788
3fbx PG4 23 A,EDO,PG4,0.434508704324,0.00124611456183,0.433262589762,False,25,2.40000009537,0.828
3fbv TPO 844 N,NAG,TPO,0.602958365272,0.00439812141262,0.598560243859,False,7,3.09999990463,0.76
3fbv TPO 844 M,NAG,TPO,0.906166569989,0.000832748523603,0.905333821465,False,16,3.09999990463,0.86
3fbv TPO 844 D,SO4,TPO,0.0869895072494,0.0114631315425,0.0755263757069,False,14,3.09999990463,0.798
3fbv TPO 844 C,SO4,TPO,0.540447007439,0.00338655483522,0.537060452604,False,16,3.09999990463,0.857
3fbv TPO 844 B,NAG,TPO,0.790954851286,0.00280480132351,0.788150049962,False,10,3.09999990463,0.868
3fbv TPO 844 A,SO4,TPO,0.295093438117,0.0129591126025,0.282134325514,False,12,3.09999990463,0.896
3fbt SO4 9 A,SO4,SO4,0.436328948406,0.436328948406,0.0,True,1,2.09999990463,0.955
3fbt SO4 8 B,SO4,SO4,0.81602017472,0.81602017472,0.0,True,1,2.09999990463,0.952
3fbt SO4 6 C,SO4,SO4,0.922034020017,0.922034020017,0.0,True,1,2.09999990463,0.962
3fbt SO4 4 A,SO4,SO4,0.928093645139,0.928093645139,0.0,True,1,2.09999990463,0.974
3fbt SO4 3 B,SO4,SO4,0.88632732,0.88632732,0.0,True,1,2.09999990463,0.971
3fbt SO4 2 A,SO4,SO4,0.598743236541,0.598743236541,0.0,True,1,2.09999990463,0.983
3fbt SO4 11 D,SO4,SO4,0.66822383246,0.66822383246,0.0,True,1,2.09999990463,0.924
3fbt SO4 10 D,SO4,SO4,0.395119099599,0.395119099599,0.0,True,1,2.09999990463,0.943
3fbt SO4 1 C,SO4,SO4,0.691040759273,0.691040759273,0.0,True,1,2.09999990463,0.983
3fbs SO4 299 B,SO4,SO4,0.881193832231,0.881193832231,0.0,True,1,2.20000004768,0.983
3fbs SO4 299 A,SO4,SO4,0.96990183039,0.96990183039,0.0,True,1,2.20000004768,0.992
3fbk SO4 201 B,SO4,SO4,0.875158027038,0.875158027038,0.0,True,1,2.0,0.984
3fbk SO4 201 A,SO4,SO4,0.973861521003,0.973861521003,0.0,True,1,2.0,0.992
3fbf TYD 138 F,GTP,TYD,0.398232319231,0.012779082945,0.385453236286,False,8,2.59999990463,0.936
3fbf TYD 138 B,ADP,TYD,0.236614881972,0.0870359042368,0.149578977735,False,3,2.59999990463,0.946
3fbe GDP 138 F,SO4,GDP,0.619204227674,0.000368503514453,0.61883572416,False,191,2.40000009537,0.756
3fbe GDP 138 E,SO4,GDP,0.724288331153,0.000368323807374,0.723920007346,False,151,2.40000009537,0.779
3fbe GDP 138 D,PG4,GDP,0.137374669106,0.000981769453947,0.136392899652,False,176,2.40000009537,0.777
3fbe GDP 138 C,GOL,MG,0.15487250496,0.00309554931005,0.15177695565,False,57,2.40000009537,0.792
3fbe GDP 138 A,GOL,GDP,0.0988146907232,0.004996886594,0.0938178041292,False,45,2.40000009537,0.829
3fbc TYD 138 F,SO4,TYD,0.711609275875,0.000403233770784,0.711206042104,False,88,2.59999990463,0.883
3fbc PO4 139 F,SO4,PO4,0.901268104179,0.0113203669892,0.88994773719,False,3,2.59999990463,0.976
3fbc PO4 139 E,SO4,PO4,0.790393019679,0.0269229800791,0.7634700396,False,5,2.59999990463,0.985
3fbc PO4 139 D,SO4,PO4,0.589351393688,0.0181231326296,0.571228261058,False,6,2.59999990463,0.915
3fbc PO4 139 B,SO4,PO4,0.703021967528,0.049850103621,0.653171863907,False,3,2.59999990463,0.964
3fbb UDP 201 F,NDP,UDP,0.177704868991,0.01210486949,0.165599999501,False,13,2.40000009537,0.934
3fb1 ACT 701 A,GOL,ACT,0.809670974753,0.00568389713371,0.803987077619,False,5,2.0,0.851
3fb1 ACT 700 B,EDO,ACT,0.539079056595,0.0656603715299,0.473418685065,False,3,2.0,0.879
3faz SO4 706 C,SO4,SO4,0.599564105641,0.599564105641,0.0,True,1,1.89999997616,0.951
3faz SO4 706 A,SO4,SO4,0.439474715101,0.439474715101,0.0,True,1,1.89999997616,0.967
3fay TRS 1 A,TRS,TRS,0.508276916128,0.508276916128,0.0,True,1,2.20000004768,0.822
3fat SO4 264 A,SO4,SO4,0.581721539911,0.581721539911,0.0,True,1,1.89999997616,0.938
3fat SO4 263 A,SO4,SO4,0.912448969182,0.912448969182,0.0,True,1,1.89999997616,0.914
3fat SO4 262 C,SO4,SO4,0.580837871612,0.580837871612,0.0,True,1,1.89999997616,0.947
3fat SO4 262 A,SO4,SO4,0.683636231603,0.683636231603,0.0,True,1,1.89999997616,0.972
3fat SO4 261 C,SO4,SO4,0.876849008623,0.876849008623,0.0,True,1,1.89999997616,0.957
3fat SO4 261 B,SO4,SO4,0.566995063619,0.566995063619,0.0,True,1,1.89999997616,0.941
3fat SO4 261 A,SO4,SO4,0.853908616866,0.853908616866,0.0,True,1,1.89999997616,0.993
3fao PO4 205 A,SO4,PO4,0.792816205515,0.0840426540377,0.708773551477,False,2,2.0,0.923
3fan PO4 205 A,PO4,PO4,0.638453126208,0.638453126208,0.0,True,1,1.89999997616,0.957
3fai SO4 317 A,SO4,SO4,0.319348667449,0.319348667449,0.0,True,1,1.70000004768,0.891
3fai SO4 313 A,SO4,SO4,0.721341017628,0.721341017628,0.0,True,1,1.70000004768,0.873
3fai SO4 312 A,SO4,SO4,0.797497868301,0.797497868301,0.0,True,1,1.70000004768,0.929
3fad PO4 167 A,SO4,PO4,0.723736284342,0.0311134722612,0.692622812081,False,4,1.20000004768,0.91
3faa PO4 9 A,SO4,PO4,0.821649266632,0.00829426929231,0.81335499734,False,4,3.20000004768,0.882
3faa PO4 6 B,SO4,PO4,0.834442532925,0.0708619141551,0.76358061877,False,2,3.20000004768,0.959
3faa PO4 13 D,SO4,PO4,0.969722113648,0.00481317408625,0.964908939562,False,3,3.20000004768,0.954
3faa PO4 10 C,SO4,PO4,0.950203375925,0.00516660163934,0.945036774286,False,3,3.20000004768,0.875
3faa PO4 1 E,SO4,PO4,0.871826422074,0.0161066607438,0.855719761331,False,3,3.20000004768,0.933
3fa9 ACT 138 B,SO4,ACT,0.30640826466,0.149499027315,0.156909237345,False,3,1.79999995232,0.948
3fa2 PO4 3 A,GOL,PO4,0.294258390565,0.0590242129919,0.235234177573,False,5,2.20000004768,0.813
3fa2 PO4 2 B,NAG,PO4,0.217958342683,0.0517957921273,0.166162550556,False,4,2.20000004768,0.842
3fa2 PO4 1 B,SO4,PO4,0.58916025419,0.187148864407,0.402011389782,False,2,2.20000004768,0.925
3f9z SAH 801 D,SAM,SAH,0.271506292953,0.177958158804,0.0935481341488,False,2,1.60000002384,0.965
3f9z SAH 801 C,SAM,SAH,0.4677654959,0.209802174216,0.257963321684,False,2,1.60000002384,0.965
3f9z SAH 801 B,SAH,SAH,0.642850304659,0.642850304659,0.0,True,1,1.60000002384,0.968
3f9z SAH 801 A,SAM,SAH,0.691491921225,0.202039041656,0.489452879569,False,2,1.60000002384,0.964
3f9y SAH 801 B,SAM,SAH,0.451683286286,0.299882489032,0.151800797254,False,2,1.70000004768,0.952
3f9y SAH 801 A,SAH,SAH,0.492646940642,0.492646940642,0.0,True,1,1.70000004768,0.965
3f9x SAH 801 D,SAH,SAH,0.764640535591,0.764640535591,0.0,True,1,1.29999995232,0.98
3f9x SAH 801 C,SAM,SAH,0.330587848482,0.0741003705926,0.256487477889,False,3,1.29999995232,0.974
3f9x SAH 801 B,SAH,SAH,0.592176182152,0.592176182152,0.0,True,1,1.29999995232,0.987
3f9x SAH 801 A,SAM,SAH,0.520873319979,0.247969521767,0.272903798212,False,2,1.29999995232,0.957
3f9w SAH 801 D,SAH,SAH,0.863320594866,0.863320594866,0.0,True,1,1.60000002384,0.987
3f9w SAH 801 C,SAH,SAH,0.700243369133,0.700243369133,0.0,True,1,1.60000002384,0.983
3f9w SAH 801 B,SAH,SAH,0.505238454178,0.505238454178,0.0,True,1,1.60000002384,0.986
3f9w SAH 801 A,SAH,SAH,0.794944863603,0.794944863603,0.0,True,1,1.60000002384,0.986
3f9u NO3 704 A,SO4,NO3,0.330476037754,0.000460497519499,0.330015540234,False,193,2.20000004768,0.902
3f9u NO3 702 A,SO4,NO3,0.332443098897,0.0042868291245,0.328156269772,False,7,2.20000004768,0.896
3f9u NO3 671 A,SO4,NO3,0.425527215474,0.00106974070664,0.424457474767,False,19,2.20000004768,0.923
3f9r SO4 247 B,SO4,SO4,0.882099334967,0.882099334967,0.0,True,1,1.89999997616,0.975
3f9r SO4 247 A,SO4,SO4,0.893434127259,0.893434127259,0.0,True,1,1.89999997616,0.966
3f9p CSO 150 D,CAS,CSO,0.201976285111,0.0117666022189,0.190209682892,False,9,2.90000009537,0.839
3f9p CSO 150 C,MLY,CSO,0.508231314827,0.00111825596529,0.507113058862,False,67,2.90000009537,0.831
3f9p ACT 703 D,SO4,ACT,0.690662598251,0.00305008039421,0.687612517857,False,7,2.90000009537,0.945
3f9p ACT 703 C,GOL,ACT,0.256892015987,0.00560522210866,0.251286793879,False,17,2.90000009537,0.797
3f9o SO4 4 A,SO4,SO4,0.261425880213,0.261425880213,0.0,True,1,2.0,0.914
3f9o SO4 3 A,SO4,SO4,0.710927933434,0.710927933434,0.0,True,1,2.0,0.911
3f9o SO4 2 A,SO4,SO4,0.381018679784,0.381018679784,0.0,True,1,2.0,0.849
3f9n SO4 402 A,EDO,SO4,0.578003925095,0.130404452104,0.447599472991,False,3,1.89999997616,0.915
3f9n SO4 401 A,SO4,SO4,0.763700620019,0.763700620019,0.0,True,1,1.89999997616,0.988
3f98 FMT 585 C,EDO,FMT,0.692015499396,0.0536914991222,0.638324000274,False,3,1.70000004768,0.912
3f98 FMT 579 C,EDO,FMT,0.554569180977,0.0619706392923,0.492598541685,False,4,1.70000004768,0.953
3f98 FMT 574 C,ACT,FMT,0.172139111904,0.169322831728,0.00281628017606,False,2,1.70000004768,0.936
3f98 FMT 573 C,EDO,FMT,0.360276176527,0.296040060211,0.0642361163161,False,2,1.70000004768,0.732
3f98 FMT 562 C,EDO,FMT,0.40817848236,0.00444196309954,0.403736519261,False,10,1.70000004768,0.939
3f98 FMT 560 C,EDO,FMT,0.401795498277,0.02677528644,0.375020211837,False,5,1.70000004768,0.922
3f98 FMT 559 C,ACT,FMT,0.299443763141,0.0594024166968,0.240041346445,False,4,1.70000004768,0.932
3f98 FMT 556 A,ACE,FMT,0.951347549124,0.00150441552409,0.9498431336,False,7,1.70000004768,0.912
3f98 FMT 555 A,EDO,FMT,0.626483105012,0.0426810114418,0.58380209357,False,3,1.70000004768,0.975
3f98 FMT 551 A,EDO,FMT,0.556510164453,0.039525640922,0.516984523531,False,4,1.70000004768,0.806
3f98 FMT 546 A,EDO,FMT,0.603423334651,0.00840236765351,0.595020966998,False,4,1.70000004768,0.976
3f98 FMT 542 B,EDO,FMT,0.613094725273,0.0799637348239,0.533130990449,False,3,1.70000004768,0.939
3f98 FMT 537 B,EDO,FMT,0.635717859788,0.016205087102,0.619512772686,False,5,1.70000004768,0.935
3f98 FMT 536 A,EDO,FMT,0.48874236712,0.167846041152,0.320896325968,False,2,1.70000004768,0.937
3f98 FMT 534 A,ACT,FMT,0.382872485661,0.0348121226548,0.348060363006,False,5,1.70000004768,0.936
3f98 FMT 532 B,FMT,FMT,0.603722216639,0.603722216639,0.0,True,1,1.70000004768,0.972
3f98 FMT 530 B,GOL,FMT,0.473102880522,0.0148583529814,0.45824452754,False,3,1.70000004768,0.968
3f98 FMT 529 B,GOL,FMT,0.434173487452,0.00318192045787,0.430991566994,False,9,1.70000004768,0.946
3f98 FMT 527 A,EDO,FMT,0.606085196394,0.0926142311667,0.513470965227,False,2,1.70000004768,0.849
3f98 FMT 520 B,EDO,FMT,0.498471025225,0.0237644505302,0.474706574695,False,3,1.70000004768,0.973
3f98 FMT 519 C,FMT,FMT,0.687332176854,0.687332176854,0.0,True,1,1.70000004768,0.971
3f98 FMT 513 A,EDO,FMT,0.530473151675,0.0184346078715,0.512038543803,False,5,1.70000004768,0.978
3f98 FMT 512 B,EDO,FMT,0.604877802754,0.0761513214223,0.528726481332,False,3,1.70000004768,0.941
3f98 FMT 510 A,GOL,FMT,0.289067453885,0.0215943539475,0.267473099937,False,5,1.70000004768,0.728
3f98 FMT 509 A,FMT,FMT,0.710948022128,0.710948022128,0.0,True,1,1.70000004768,0.897
3f98 FMT 507 B,EDO,FMT,0.550568060815,0.0108399823865,0.539728078429,False,8,1.70000004768,0.893
3f98 FMT 505 B,EDO,FMT,0.638331522277,0.0177476557145,0.620583866562,False,3,1.70000004768,0.952
3f98 FMT 503 A,GOL,FMT,0.431355546124,0.0102994127686,0.421056133355,False,5,1.70000004768,0.925
3f98 FMT 502 B,ACT,FMT,0.317395405224,0.034171258888,0.283224146336,False,6,1.70000004768,0.962
3f97 SO4 10 B,SO4,SO4,0.889808602741,0.889808602741,0.0,True,1,1.70000004768,0.942
3f97 ACT 22 B,SO4,ACT,0.851529219228,0.00120929137932,0.850319927849,False,7,1.70000004768,0.879
3f97 ACT 21 B,GOL,ACT,0.571601860447,0.0868032427764,0.48479861767,False,2,1.70000004768,0.868
3f97 ACT 20 B,SO4,ACT,0.343924106333,0.0555369531159,0.288387153217,False,2,1.70000004768,0.883
3f92 TRS 204 A,GOL,TRS,0.270817788616,0.000810101299073,0.270007687317,False,166,2.20000004768,0.726
3f92 PG4 201 A,GOL,PG4,0.418637125189,0.00895682088144,0.409680304308,False,7,2.20000004768,0.728
3f8z SO4 191 A,SO4,SO4,0.728222370376,0.728222370376,0.0,True,1,2.0,0.95
3f8w SO4 304 B,SO4,SO4,0.656030240133,0.656030240133,0.0,True,1,2.29999995232,0.994
3f8w SO4 303 A,SO4,SO4,0.890622255082,0.890622255082,0.0,True,1,2.29999995232,0.992
3f8w ADN 301 B,SUC,ADN,0.160987171189,0.0331288767425,0.127858294447,False,6,2.29999995232,0.957
3f8w ADN 300 A,SUC,ADN,0.325717066022,0.0468126386111,0.278904427411,False,3,2.29999995232,0.957
3f8r NAP 4007 C,ADP_MG,NAP,0.578768071896,0.00183876953737,0.576929302358,False,26,1.89999997616,0.949
3f8r NAP 4006 B,ADP_MG,NAP,0.493409292377,0.00255371197402,0.490855580403,False,19,1.89999997616,0.945
3f8r NAP 4005 A,ADP_MG,NAP,0.283998017962,0.00704880688699,0.276949211075,False,12,1.89999997616,0.956
3f8r NAP 4004 D,MRD,NAP,0.17716041821,0.0393381365825,0.137822281627,False,6,1.89999997616,0.884
3f8r NAP 4003 C,NAG_NAG,NAP,0.430846852715,0.00655229858926,0.424294554126,False,10,1.89999997616,0.905
3f8r NAP 4002 B,NAP,NAP,0.624893844802,0.624893844802,0.0,True,1,1.89999997616,0.915
3f8r NAP 4001 A,COA,NAP,0.559164098882,0.284844485473,0.274319613409,False,2,1.89999997616,0.893
3f8p SO4 4162 D,SO4,SO4,0.700575101104,0.700575101104,0.0,True,1,1.79999995232,0.941
3f8p SO4 4161 B,SO4,SO4,0.879446991476,0.879446991476,0.0,True,1,1.79999995232,0.981
3f8p SO4 4160 A,SO4,SO4,0.627628955274,0.627628955274,0.0,True,1,1.79999995232,0.907
3f8p SO4 4159 A,DMS,SO4,0.459176391334,0.342373128464,0.116803262871,False,2,1.79999995232,0.94
3f8p SO4 4158 B,SO4,SO4,0.948173044513,0.948173044513,0.0,True,1,1.79999995232,0.973
3f8p SO4 4157 A,SO4,SO4,0.673497552387,0.673497552387,0.0,True,1,1.79999995232,0.942
3f8l SO4 6 B,SO4,SO4,0.86976676565,0.86976676565,0.0,True,1,1.89999997616,0.986
3f8l SO4 5 B,SO4,SO4,0.707366772279,0.707366772279,0.0,True,1,1.89999997616,0.997
3f8l SO4 247 D,GOL,SO4,0.300387365695,0.116248428715,0.18413893698,False,3,1.89999997616,0.9
3f8l SO4 247 A,SO4,SO4,0.594252806577,0.594252806577,0.0,True,1,1.89999997616,0.913
3f8l SO4 246 D,SO4,SO4,0.828285824,0.828285824,0.0,True,1,1.89999997616,0.966
3f8l SO4 246 C,SO4,SO4,0.782143226379,0.782143226379,0.0,True,1,1.89999997616,0.932
3f8l SO4 246 A,SO4,SO4,0.947421804686,0.947421804686,0.0,True,1,1.89999997616,0.959
3f8l SO4 245 D,SO4,SO4,0.902320989605,0.902320989605,0.0,True,1,1.89999997616,0.997
3f8l SO4 245 C,SO4,SO4,0.566252678222,0.566252678222,0.0,True,1,1.89999997616,0.972
3f8l SO4 245 A,SO4,SO4,0.932232499122,0.932232499122,0.0,True,1,1.89999997616,0.997
3f8h MRD 135 A,SO4,MRD,0.350444350507,0.00102632566713,0.34941802484,False,32,2.0,0.68
3f8h MRD 134 B,MPD,MRD,0.544542639678,0.0261103992563,0.518432240422,False,4,2.0,0.754
3f8h MRD 134 A,TRS,MRD,0.205962089056,0.00360652538785,0.202355563668,False,31,2.0,0.807
3f8h MRD 133 B,GOL,MRD,0.544725508197,0.0257944395782,0.518931068619,False,5,2.0,0.83
3f8h MRD 132 B,GOL,MRD,0.499391664209,0.00448365098547,0.494908013224,False,13,2.0,0.84
3f8h ACT 136 B,ACT,ACT,0.280112742774,0.280112742774,0.0,True,1,2.0,0.894
3f8h ACT 136 A,GOL,ACT,0.867900459413,0.00708937914861,0.860811080264,False,4,2.0,0.684
3f8g SO4 3006 B,SO4,SO4,0.335074257155,0.335074257155,0.0,True,1,2.59999990463,0.81
3f8g SO4 3004 B,SO4,SO4,0.907929487675,0.907929487675,0.0,True,1,2.59999990463,0.938
3f8g SO4 3002 B,EDO,SO4,0.15965207634,0.110814375382,0.0488377009585,False,3,2.59999990463,0.964
3f8g SO4 3001 A,SO4,SO4,0.958075806088,0.958075806088,0.0,True,1,2.59999990463,0.964
3f8g SO4 3000 A,SO4,SO4,0.944431085577,0.944431085577,0.0,True,1,2.59999990463,0.948
3f8d SO4 4163 C,SO4,SO4,0.704440798107,0.704440798107,0.0,True,1,1.39999997616,0.952
3f8d SO4 4162 D,SO4,SO4,0.873424830241,0.873424830241,0.0,True,1,1.39999997616,0.971
3f8d SO4 4161 B,SO4,SO4,0.865195266611,0.865195266611,0.0,True,1,1.39999997616,0.973
3f8d SO4 4159 A,SO4,SO4,0.723155982446,0.723155982446,0.0,True,1,1.39999997616,0.916
3f8d SO4 4158 B,SO4,SO4,0.943558534342,0.943558534342,0.0,True,1,1.39999997616,0.954
3f8d SO4 4157 A,SO4,SO4,0.954302915204,0.954302915204,0.0,True,1,1.39999997616,0.965
3f88 PTR 216 B,PTR,PTR,0.875603324604,0.875603324604,0.0,True,1,2.59999990463,0.94
3f88 PTR 216 A,PTR,PTR,0.691743365029,0.691743365029,0.0,True,1,2.59999990463,0.95
3f7z PTR 216 B,PTR,PTR,0.861892173656,0.861892173656,0.0,True,1,2.40000009537,0.972
3f7z PTR 216 A,PTR,PTR,0.66022693095,0.66022693095,0.0,True,1,2.40000009537,0.961
3f7t POP 998 B,POP,POP,0.723178099318,0.723178099318,0.0,True,1,1.79999995232,0.993
3f7t POP 998 A,POP,POP,0.554122398455,0.554122398455,0.0,True,1,1.79999995232,0.993
3f7t PO4 907 B,SO4,PO4,0.879741427814,0.0543831614314,0.825358266383,False,2,1.79999995232,0.965
3f7t PO4 906 B,SO4,PO4,0.837928810173,0.0842538747887,0.753674935385,False,2,1.79999995232,0.97
3f7t PO4 905 A,SO4,PO4,0.412079926565,0.0352110969228,0.376868829642,False,5,1.79999995232,0.904
3f7t PO4 903 B,SO4,PO4,0.547380147733,0.151734531166,0.395645616567,False,2,1.79999995232,0.981
3f7t PO4 902 A,SO4,PO4,0.783911819969,0.0511563322902,0.732755487679,False,3,1.79999995232,0.861
3f7t PO4 901 A,SO4,PO4,0.886593597605,0.0606714945903,0.825922103015,False,2,1.79999995232,0.968
3f7q PG4 704 B,GOL,PG4,0.423709442963,0.0111990073466,0.412510435617,False,9,1.79999995232,0.818
3f7n SO4 131 A,SO4,SO4,0.305233485285,0.305233485285,0.0,True,1,2.0,0.876
3f7n SO4 1 A,SO4,SO4,0.961038412533,0.961038412533,0.0,True,1,2.0,0.966
3f7l SO4 211 A,SO4,SO4,0.695830878054,0.695830878054,0.0,True,1,1.0,0.99
3f7k SO4 208 A,ACT,SO4,0.418608394836,0.323624345488,0.0949840493481,False,2,1.39999997616,0.961
3f7k SO4 207 A,SO4,SO4,0.649651558422,0.649651558422,0.0,True,1,1.39999997616,0.937
3f7k SO4 205 A,SO4,SO4,0.98133932237,0.98133932237,0.0,True,1,1.39999997616,0.99
3f7j NO3 280 A,NO3,NO3,0.520919966357,0.520919966357,0.0,True,1,1.60000002384,0.913
3f7j NO3 279 B,ACT,NO3,0.404789908185,0.0930780427318,0.311711865453,False,2,1.60000002384,0.959
3f7j NO3 279 A,GOL,NO3,0.286827196724,0.0366063058762,0.250220890848,False,5,1.60000002384,0.922
3f7j NO3 278 B,SO4,NO3,0.491189248005,0.038494396023,0.452694851982,False,6,1.60000002384,0.925
3f7j NO3 278 A,EDO,NO3,0.235060699388,0.00850812039112,0.226552578997,False,15,1.60000002384,0.941
3f7j NO3 277 B,NO3,NO3,0.754070428607,0.754070428607,0.0,True,1,1.60000002384,0.947
3f7j NO3 277 A,NO3,NO3,0.612238937589,0.612238937589,0.0,True,1,1.60000002384,0.946
3f7c CIT 200 A,SO4,CIT,0.247668412675,0.00404173588662,0.243626676789,False,47,2.0,0.938
3f6w BTB 81 A,BTB,BTB,0.237553557081,0.237553557081,0.0,True,1,1.89999997616,0.895
3f67 FMT 241 A,GOL,FMT,0.274568633567,0.0435110993845,0.231057534182,False,4,1.70000004768,0.919
3f67 FMT 240 A,GOL,FMT,0.214724659142,0.00812114107223,0.206603518069,False,13,1.70000004768,0.854
3f65 PO4 226 A,SO4,PO4,0.348382587049,0.0184765275709,0.329906059478,False,6,2.29999995232,0.833
3f5x SO4 1 D,SO4,SO4,0.602031055803,0.602031055803,0.0,True,1,2.40000009537,0.885
3f5u SO4 298 A,SO4,SO4,0.597511343069,0.597511343069,0.0,True,1,2.0,0.946
3f5r FMT 172 A,ACT,FMT,0.473592848402,0.00553302959829,0.468059818804,False,9,1.70000004768,0.702
3f5p PTR 1166 F,PTR,PTR,0.151100500787,0.151100500787,0.0,True,1,2.90000009537,0.961
3f5p PTR 1166 E,FMN,PTR,0.40761021436,0.0711536397406,0.336456574619,False,3,2.90000009537,0.966
3f5p PTR 1166 A,PTR,PTR,0.212746782153,0.212746782153,0.0,True,1,2.90000009537,0.978
3f5p PTR 1165 H,SO4,PTR,0.825901539146,0.0135252964708,0.812376242676,False,3,2.90000009537,0.929
3f5p PTR 1165 F,EPE,PTR,0.105528909447,0.0919815496427,0.0135473598038,False,2,2.90000009537,0.905
3f5p PTR 1165 E,SO4,PTR,0.862777580308,0.010015502626,0.852762077682,False,3,2.90000009537,0.909
3f5p PTR 1165 B,SO4,PTR,0.869857236945,0.00115187657041,0.868705360375,False,7,2.90000009537,0.913
3f5p PTR 1165 A,SO4,PTR,0.88729076937,0.00465380037247,0.882636968997,False,5,2.90000009537,0.925
3f5p PTR 1161 T,MLY,PTR,0.425266094939,0.0028563772511,0.422409717688,False,24,2.90000009537,0.82
3f5p PTR 1161 S,SO4,PTR,0.272659883307,0.0159822191461,0.256677664161,False,8,2.90000009537,0.86
3f5p PTR 1161 R,GOL,PTR,0.406837550418,0.00113440060092,0.405703149817,False,53,2.90000009537,0.859
3f5p PTR 1161 M,MLY,PTR,0.26341831064,0.0347486668526,0.228669643787,False,4,2.90000009537,0.752
3f5p PTR 1161 L,SO4,PTR,0.64041833295,0.00458290590769,0.635835427042,False,10,2.90000009537,0.747
3f5p PTR 1161 K,SO4,PTR,0.288543358049,0.00488192089818,0.28366143715,False,21,2.90000009537,0.722
3f5p PTR 1161 J,ALY,PTR,0.434073379295,0.0435487993868,0.390524579908,False,4,2.90000009537,0.859
3f5p PTR 1161 I,SO4,PTR,0.282237139047,0.00821746828006,0.274019670767,False,12,2.90000009537,0.821
3f5p PTR 1161 H,MLY,PTR,0.610157984275,0.0026685472135,0.607489437061,False,15,2.90000009537,0.843
3f5p PTR 1161 G,MLY,PTR,0.317412217039,0.00665991211883,0.31075230492,False,9,2.90000009537,0.855
3f5p PTR 1161 F,GOL,PTR,0.199387363025,0.0238823614895,0.175505001536,False,6,2.90000009537,0.856
3f5p PTR 1161 E,SO4,PTR,0.219536491805,0.0124917742499,0.207044717555,False,10,2.90000009537,0.884
3f5p PTR 1161 D,GOL,PTR,0.19721245189,0.00102003188983,0.19619242,False,79,2.90000009537,0.82
3f5p PTR 1161 C,GOL,PTR,0.52546003263,0.00115269304203,0.524307339588,False,48,2.90000009537,0.78
3f5p PTR 1161 B,MLY,PTR,0.838378882015,0.000425564800424,0.837953317215,False,42,2.90000009537,0.815
3f5p PTR 1161 A,GOL,PTR,0.407550286643,0.00133640059575,0.406213886048,False,26,2.90000009537,0.823
3f5m SO4 489 C,SO4,SO4,0.392939241944,0.392939241944,0.0,True,1,2.70000004768,0.918
3f5m ATP 1001 D,ADP,ATP,0.261064325458,0.0132287140969,0.247835611361,False,11,2.70000004768,0.953
3f5m ATP 1001 C,GDP,ATP,0.356790273275,0.0138679862546,0.342922287021,False,9,2.70000004768,0.963
3f5m ATP 1001 B,ATP,ATP,0.193034484744,0.193034484744,0.0,True,1,2.70000004768,0.965
3f5m ATP 1001 A,ADP_MG,ATP,0.128266807689,0.0239616524473,0.104305155242,False,8,2.70000004768,0.967
3f5l SO4 1002 B,SO4,SO4,0.653269122057,0.653269122057,0.0,True,1,1.39999997616,0.978
3f5k SO4 1002 B,SO4,SO4,0.851442963935,0.851442963935,0.0,True,1,1.79999995232,0.984
3f5k SO4 1002 A,SO4,SO4,0.922835980127,0.922835980127,0.0,True,1,1.79999995232,0.988
3f5k MES 1003 B,MES,MES,0.874292427067,0.874292427067,0.0,True,1,1.79999995232,0.942
3f5k MES 1003 A,MES,MES,0.839839851384,0.839839851384,0.0,True,1,1.79999995232,0.932
3f5j SO4 1002 B,SO4,SO4,0.756984167348,0.756984167348,0.0,True,1,2.0,0.985
3f5j SO4 1002 A,SO4,SO4,0.979987936629,0.979987936629,0.0,True,1,2.0,0.985
3f5j MES 1003 B,MES,MES,0.981370199864,0.981370199864,0.0,True,1,2.0,0.966
3f5j MES 1003 A,SO4,MES,0.390357474784,0.191602350896,0.198755123887,False,2,2.0,0.944
3f5e ACT 507 A,EDO,ACT,0.618214988441,0.129322549878,0.488892438563,False,2,2.0,0.97
3f5e ACT 506 A,EDO,ACT,0.220695968161,0.216393454076,0.00430251408476,False,2,2.0,0.901
3f5e ACT 505 A,EDO,ACT,0.294554576277,0.146161235288,0.148393340989,False,3,2.0,0.958
3f5e ACT 504 A,ACT,ACT,0.482147402394,0.482147402394,0.0,True,1,2.0,0.968
3f5e ACT 503 A,ACT,ACT,0.404266181093,0.404266181093,0.0,True,1,2.0,0.946
3f5e ACT 502 A,GOL,ACT,0.395913207165,0.0193912627972,0.376521944367,False,7,2.0,0.887
3f5e ACT 501 A,SO4,ACT,0.312369879102,0.162219799365,0.150150079737,False,2,2.0,0.903
3f5b PO4 180 A,SO4,PO4,0.742855879851,0.198943095979,0.543912783871,False,2,2.0,0.97
3f5b FMT 185 A,FMT,FMT,0.60567765954,0.60567765954,0.0,True,1,2.0,0.72
3f5b FMT 183 A,EDO,FMT,0.656750403974,0.028393508118,0.628356895856,False,4,2.0,0.785
3f5a ACT 508 A,EDO,ACT,0.634921409931,0.104559062965,0.530362346966,False,2,2.0,0.682
3f5a ACT 507 A,EDO,ACT,0.709717999265,0.022496802136,0.687221197129,False,3,2.0,0.973
3f5a ACT 506 A,EDO,ACT,0.421686423756,0.245442427339,0.176243996417,False,2,2.0,0.807
3f5a ACT 505 A,ACT,ACT,0.275906657663,0.275906657663,0.0,True,1,2.0,0.956
3f5a ACT 504 A,ACT,ACT,0.684164863782,0.684164863782,0.0,True,1,2.0,0.97
3f5a ACT 503 A,ACT,ACT,0.595473419073,0.595473419073,0.0,True,1,2.0,0.956
3f5a ACT 502 A,GOL,ACT,0.53145889145,0.0429149784054,0.488543913044,False,3,2.0,0.845
3f5a ACT 501 A,GOL,ACT,0.240160757284,0.123950914182,0.116209843103,False,3,2.0,0.911
3f53 SIA 401 A,SIA,SIA,0.827182820899,0.827182820899,0.0,True,1,2.0,0.928
3f53 ACT 508 A,EDO,ACT,0.750221441588,0.0310409668375,0.71918047475,False,4,2.0,0.649
3f53 ACT 507 A,ACT,ACT,0.820718720066,0.820718720066,0.0,True,1,2.0,0.973
3f53 ACT 506 A,ACT,ACT,0.412991573094,0.412991573094,0.0,True,1,2.0,0.892
3f53 ACT 505 A,EDO,ACT,0.272263771675,0.264549518268,0.00771425340757,False,2,2.0,0.952
3f53 ACT 504 A,ACT,ACT,0.857964174995,0.857964174995,0.0,True,1,2.0,0.965
3f53 ACT 503 A,GOL,ACT,0.799535403795,0.00735419325321,0.792181210542,False,4,2.0,0.932
3f53 ACT 502 A,GOL,ACT,0.242514203732,0.0233026281816,0.219211575551,False,6,2.0,0.882
3f53 ACT 501 A,PCA,ACT,0.235154000022,0.0251507024667,0.210003297555,False,6,2.0,0.924
3f4v SO4 1002 B,SO4,SO4,0.871626275787,0.871626275787,0.0,True,1,1.60000002384,0.988
3f4v SO4 1002 A,SO4,SO4,0.957450363029,0.957450363029,0.0,True,1,1.60000002384,0.99
3f4v MES 1003 B,MES,MES,0.977271248361,0.977271248361,0.0,True,1,1.60000002384,0.956
3f4n SO4 603 E,SO4,SO4,0.540913584593,0.540913584593,0.0,True,1,2.40000009537,0.845
3f4n SO4 602 E,NAG,SO4,0.375694198088,0.174744537682,0.200949660405,False,2,2.40000009537,0.88
3f4n SO4 601 C,SO4,SO4,0.735284384651,0.735284384651,0.0,True,1,2.40000009537,0.889
3f4a SO4 152 B,ACT,SO4,0.310127945985,0.0700630049599,0.240064941025,False,4,1.79999995232,0.887
3f4a SO4 152 A,SO4,SO4,0.711492633746,0.711492633746,0.0,True,1,1.79999995232,0.973
3f4a SO4 151 A,SO4,SO4,0.496156653815,0.496156653815,0.0,True,1,1.79999995232,0.85
3f4a SO4 150 A,SO4,SO4,0.590185547178,0.590185547178,0.0,True,1,1.79999995232,0.97
3f4a SO4 149 B,SO4,SO4,0.782650541014,0.782650541014,0.0,True,1,1.79999995232,0.971
3f4a SO4 149 A,SO4,SO4,0.94176841408,0.94176841408,0.0,True,1,1.79999995232,0.978
3f45 SO4 113 A,SO4,SO4,0.939284723238,0.939284723238,0.0,True,1,2.0,0.97
3f45 SO4 112 A,SO4,SO4,0.97382068383,0.97382068383,0.0,True,1,2.0,0.992
3f44 ACT 220 A,ACT,ACT,0.932953564986,0.932953564986,0.0,True,1,1.60000002384,0.978
3f41 PO4 4 B,SO4,PO4,0.584260615141,0.353383304452,0.230877310689,False,2,2.20000004768,0.988
3f41 PO4 3 B,SO4,PO4,0.445209419694,0.0465779275116,0.398631492183,False,3,2.20000004768,0.965
3f41 PO4 2 A,SO4,PO4,0.452010641576,0.355976326488,0.0960343150871,False,2,2.20000004768,0.985
3f41 PO4 1 A,GOL,PO4,0.494039109667,0.0579587114405,0.436080398227,False,3,2.20000004768,0.926
3f3x SO4 201 A,SO4,SO4,0.864087403569,0.864087403569,0.0,True,1,1.89999997616,0.99
3f3s SO4 317 B,SO4,SO4,0.695178886777,0.695178886777,0.0,True,1,2.0,0.989
3f3s SO4 317 A,SO4,SO4,0.716946904609,0.716946904609,0.0,True,1,2.0,0.969
3f3s SO4 2 B,SO4,SO4,0.78518575744,0.78518575744,0.0,True,1,2.0,0.993
3f3s SO4 1 A,SO4,SO4,0.880032016818,0.880032016818,0.0,True,1,2.0,0.995
3f3r SO4 105 B,SO4,SO4,0.559978360574,0.559978360574,0.0,True,1,1.79999995232,0.921
3f3r SO4 105 A,SO4,SO4,0.793545670309,0.793545670309,0.0,True,1,1.79999995232,0.966
3f3b PO4 128 A,SO4,PO4,0.602717159986,0.0221438172663,0.58057334272,False,4,2.5,0.863
3f3b PO4 127 A,SO4,PO4,0.798751554069,0.0662927177301,0.732458836339,False,2,2.5,0.968
3f39 SO4 3002 A,GOL,SO4,0.276450684589,0.233023121483,0.0434275631052,False,2,1.89999997616,0.942
3f39 SO4 3001 A,SO4,SO4,0.83419646674,0.83419646674,0.0,True,1,1.89999997616,0.954
3f38 SO4 3002 A,SO4,SO4,0.359062879944,0.359062879944,0.0,True,1,1.79999995232,0.942
3f38 SO4 3001 A,SO4,SO4,0.837662722528,0.837662722528,0.0,True,1,1.79999995232,0.98
3f37 SO4 3003 A,SO4,SO4,0.950670765882,0.950670765882,0.0,True,1,1.5,0.938
3f37 SO4 3001 A,SO4,SO4,0.9194931956,0.9194931956,0.0,True,1,1.5,0.958
3f36 SO4 3002 A,SO4,SO4,0.356562605302,0.356562605302,0.0,True,1,1.70000004768,0.957
3f36 SO4 3001 A,SO4,SO4,0.886111311021,0.886111311021,0.0,True,1,1.70000004768,0.949
3f35 SO4 3003 A,SO4,SO4,0.249322952275,0.249322952275,0.0,True,1,1.89999997616,0.932
3f35 SO4 3002 A,SO4,SO4,0.309233045102,0.309233045102,0.0,True,1,1.89999997616,0.949
3f35 SO4 3001 A,SO4,SO4,0.864380532512,0.864380532512,0.0,True,1,1.89999997616,0.966
3f34 SO4 3002 A,SO4,SO4,0.334782859059,0.334782859059,0.0,True,1,1.70000004768,0.891
3f34 SO4 3001 A,SO4,SO4,0.898235979303,0.898235979303,0.0,True,1,1.70000004768,0.978
3f33 SO4 3001 A,SO4,SO4,0.766391634722,0.766391634722,0.0,True,1,1.70000004768,0.949
3f32 SO4 2001 A,SO4,SO4,0.5389610857,0.5389610857,0.0,True,1,1.70000004768,0.917
3f32 SO4 2000 A,SO4,SO4,0.839871117986,0.839871117986,0.0,True,1,1.70000004768,0.977
3f30 NCO 410 X,NCO,NCO,0.328983911339,0.328983911339,0.0,True,1,3.20000004768,0.882
3f30 NCO 409 X,SO4,NCO,0.493188015687,0.147735408952,0.345452606735,False,2,3.20000004768,0.938
3f30 NCO 408 X,SO4,NCO,0.413548573053,0.0198242713526,0.3937243017,False,8,3.20000004768,0.931
3f30 NCO 407 X,MAN,NCO,0.26453175873,0.023211656196,0.241320102534,False,10,3.20000004768,0.951
3f30 NCO 404 X,SO4,NCO,0.518628877526,0.0380881246662,0.48054075286,False,4,3.20000004768,0.924
3f30 NCO 403 X,SO4,NCO,0.258887118757,0.238190839296,0.0206962794603,False,2,3.20000004768,0.888
3f30 NCO 401 X,NCO,NCO,0.495154855872,0.495154855872,0.0,True,1,3.20000004768,0.98
3f30 GTP 1 X,FAD,GTP,0.142761334094,0.0188498516421,0.123911482452,False,9,3.20000004768,0.881
3f2n PO4 900 A,SO4,PO4,0.769504740027,0.0676585682885,0.701846171739,False,2,1.79999995232,0.91
3f2l NO3 195 A,SO4,NO3,0.452901698085,0.000101836733409,0.452799861351,False,199,1.89999997616,0.959
3f2i PO4 201 F,PO4,PO4,0.574685278972,0.574685278972,0.0,True,1,2.0,0.963
3f2i PO4 201 E,SO4,PO4,0.742274160779,0.216870230041,0.525403930737,False,2,2.0,0.989
3f2i PO4 201 D,PO4,PO4,0.704503401494,0.704503401494,0.0,True,1,2.0,0.984
3f2i PO4 201 C,SO4,PO4,0.727746413268,0.212546742058,0.515199671209,False,2,2.0,0.98
3f2i PO4 201 B,SO4,PO4,0.532938961947,0.396674548898,0.136264413049,False,2,2.0,0.974
3f2i PO4 201 A,SO4,PO4,0.819544231143,0.144644099233,0.67490013191,False,2,2.0,0.98
3f2d PO4 7 A,SO4,PO4,0.44467112725,0.0976919115673,0.346979215683,False,3,2.5,0.917
3f2b PO4 3 A,SO4,PO4,0.795226863365,0.0641051172002,0.731121746165,False,2,2.40000009537,0.866
3f2b PO4 2 A,SO4,PO4,0.308990191917,0.0132632465155,0.295726945402,False,7,2.40000009537,0.825
3f2b PO4 1 A,SO4,PO4,0.502231133353,0.0296767853013,0.472554348052,False,3,2.40000009537,0.763
3f29 HEC 1008 B,HEM,HEC,0.51299442544,0.450997383965,0.0619970414747,False,2,2.0,0.919
3f1q SO4 3 A,SO4,SO4,0.957814897506,0.957814897506,0.0,True,1,2.0,0.978
3f1k NAP 300 A,NAD,NAP,0.172072607585,0.123594950016,0.0484776575684,False,2,2.5,0.83
3f1j SO4 301 A,SO4,SO4,0.683014819382,0.683014819382,0.0,True,1,2.59999990463,0.961
3f1b SO4 204 A,SO4,SO4,0.316501214844,0.316501214844,0.0,True,1,2.40000009537,0.867
3f1b SO4 203 A,SO4,SO4,0.656163944208,0.656163944208,0.0,True,1,2.40000009537,0.863
3f1b SO4 202 A,SO4,SO4,0.730910946605,0.730910946605,0.0,True,1,2.40000009537,0.7
3f14 TRS 112 A,TRS,TRS,0.953013401129,0.953013401129,0.0,True,1,1.5,0.97
3f11 SO4 404 A,SO4,SO4,0.601142688746,0.601142688746,0.0,True,1,2.0,0.872
3f11 SO4 403 A,SO4,SO4,0.804937334461,0.804937334461,0.0,True,1,2.0,0.916
3f11 SO4 402 A,SO4,SO4,0.871283619288,0.871283619288,0.0,True,1,2.0,0.979
3f11 SO4 401 A,SO4,SO4,0.901310633334,0.901310633334,0.0,True,1,2.0,0.987
3f0t SO4 402 B,SO4,SO4,0.514153517436,0.514153517436,0.0,True,1,2.0,0.926
3f0t SO4 402 A,SO4,SO4,0.800103173606,0.800103173606,0.0,True,1,2.0,0.866
3f0t SO4 401 B,SO4,SO4,0.817625935536,0.817625935536,0.0,True,1,2.0,0.974
3f0t SO4 401 A,SO4,SO4,0.935879191482,0.935879191482,0.0,True,1,2.0,0.95
3f0t SO4 400 B,SO4,SO4,0.878705074074,0.878705074074,0.0,True,1,2.0,0.972
3f0t SO4 400 A,SO4,SO4,0.889550205157,0.889550205157,0.0,True,1,2.0,0.963
3f0n PO4 401 B,PO4,PO4,0.571200059598,0.571200059598,0.0,True,1,1.89999997616,0.989
3f0n PO4 401 A,PO4,PO4,0.502138884024,0.502138884024,0.0,True,1,1.89999997616,0.991
3f0c SO4 218 A,SO4,SO4,0.532102420558,0.532102420558,0.0,True,1,3.0,0.752
3f0c SO4 217 A,SO4,SO4,0.883217901369,0.883217901369,0.0,True,1,3.0,0.88
3f05 SO4 266 A,SO4,SO4,0.965141431707,0.965141431707,0.0,True,1,1.39999997616,0.941
3f04 SO4 266 A,SO4,SO4,0.801305160564,0.801305160564,0.0,True,1,1.29999995232,0.972
3f01 SO4 301 A,DMS,SO4,0.598558462337,0.0860508401491,0.512507622188,False,3,1.70000004768,0.945
3f01 SO4 300 A,SO4,SO4,0.615006953703,0.615006953703,0.0,True,1,1.70000004768,0.988
3f00 SO4 268 A,SO4,SO4,0.904671597119,0.904671597119,0.0,True,1,1.39999997616,0.966
3ezz SO4 509 C,SO4,SO4,0.924403240859,0.924403240859,0.0,True,1,2.90000009537,0.979
3ezz SO4 506 F,PO4,SO4,0.452939620656,0.385452634621,0.0674869860355,False,2,2.90000009537,0.955
3ezz SO4 505 E,SO4,SO4,0.748177447259,0.748177447259,0.0,True,1,2.90000009537,0.969
3ezz SO4 504 D,SO4,SO4,0.39567577166,0.39567577166,0.0,True,1,2.90000009537,0.894
3ezz SO4 503 C,SO4,SO4,0.557119067159,0.557119067159,0.0,True,1,2.90000009537,0.977
3ezz SO4 502 B,SO4,SO4,0.819853839314,0.819853839314,0.0,True,1,2.90000009537,0.959
3ezz SO4 501 A,SO4,SO4,0.78912208791,0.78912208791,0.0,True,1,2.90000009537,0.978
3ezy MRD 343 D,NAG,MRD,0.403542954603,0.0369154286316,0.366627525971,False,4,2.0,0.852
3ezy MRD 343 B,SO4,MRD,0.17030078735,0.0692328433015,0.101067944049,False,5,2.0,0.912
3ezy MRD 343 A,MPD,MRD,0.304382354002,0.00699018910242,0.2973921649,False,10,2.0,0.865
3ezs PO4 376 B,SO4,PO4,0.823434620265,0.115729005462,0.707705614803,False,2,2.20000004768,0.991
3ezs PO4 376 A,SO4,PO4,0.895571894457,0.0553099817234,0.840261912733,False,2,2.20000004768,0.989
3ezn PG4 251 B,PGE,PG4,0.264212049312,0.23968999248,0.0245220568312,False,2,2.09999990463,0.795
3ezn PG4 251 A,GOL,PG4,0.338454692906,0.0192766698162,0.31917802309,False,7,2.09999990463,0.799
3ezn PG4 250 A,EDO,PG4,0.249982902623,0.00927539522707,0.240707507396,False,13,2.09999990463,0.879
3ezj PO4 238 G,SO4,PO4,0.903447241417,0.0641419798673,0.83930526155,False,2,2.40000009537,0.989
3ezj PO4 238 E,SO4,PO4,0.757598167319,0.179628147552,0.577970019768,False,2,2.40000009537,0.967
3ezj PO4 238 C,SO4,PO4,0.806783825082,0.132108865707,0.674674959374,False,2,2.40000009537,0.988
3ezj PO4 238 A,SO4,PO4,0.655001829865,0.190769311358,0.464232518507,False,2,2.40000009537,0.966
3ezj PO4 127 H,SO4,PO4,0.90874905012,0.0438094996541,0.864939550466,False,2,2.40000009537,0.963
3ezj PO4 127 F,SO4,PO4,0.970096983903,0.00877586738451,0.961321116519,False,2,2.40000009537,0.977
3ezj PO4 127 D,SO4,PO4,0.982236104586,0.00337197350042,0.978864131085,False,2,2.40000009537,0.99
3ezj PO4 127 B,SO4,PO4,0.808287014957,0.122551616102,0.685735398855,False,2,2.40000009537,0.982
3ezi IPA 1 A,EDO,IPA,0.440646477462,0.0157603970488,0.424886080413,False,6,1.70000004768,0.76
3ezh NO3 1 A,CO3,NO3,0.454089672274,0.0315760621098,0.422513610164,False,5,1.70000004768,0.983
3ezf SO4 896 A,GOL,SO4,0.479290066628,0.0792823426959,0.400007723932,False,3,2.79999995232,0.741
3ezf SO4 696 A,SO4,SO4,0.777036714389,0.777036714389,0.0,True,1,2.79999995232,0.859
3ezf SO4 597 A,SO4,SO4,0.940665611995,0.940665611995,0.0,True,1,2.79999995232,0.9
3ezf SO4 596 A,SO4,SO4,0.67195880957,0.67195880957,0.0,True,1,2.79999995232,0.813
3ez5 SO4 878 D,SO4,SO4,0.838592962052,0.838592962052,0.0,True,1,1.89999997616,0.965
3ez5 SO4 2 A,SO4,SO4,0.900653130149,0.900653130149,0.0,True,1,1.89999997616,0.968
3ez5 SO4 1 A,SO4,SO4,0.75925590993,0.75925590993,0.0,True,1,1.89999997616,0.923
3ez4 TRS 262 I,TRS,TRS,0.59218897486,0.59218897486,0.0,True,1,2.09999990463,0.858
3ez4 TRS 262 H,TRS,TRS,0.918459535783,0.918459535783,0.0,True,1,2.09999990463,0.923
3ez4 TRS 262 G,TRS,TRS,0.284213150891,0.284213150891,0.0,True,1,2.09999990463,0.92
3ez4 TRS 262 F,TRS,TRS,0.745300691957,0.745300691957,0.0,True,1,2.09999990463,0.863
3ez4 TRS 262 E,TRS,TRS,0.130084071314,0.130084071314,0.0,True,1,2.09999990463,0.902
3ez1 PO4 423 B,SO4,PO4,0.537961519342,0.31585265557,0.222108863771,False,2,2.59999990463,0.886
3ez1 PO4 423 A,PO4,PO4,0.497326843269,0.497326843269,0.0,True,1,2.59999990463,0.956
3eyz SO4 912 A,SO4,SO4,0.758793500661,0.758793500661,0.0,True,1,2.09999990463,0.942
3eyz SO4 911 A,SO4,SO4,0.751948304973,0.751948304973,0.0,True,1,2.09999990463,0.939
3eyz SO4 910 A,SO4,SO4,0.261966167748,0.261966167748,0.0,True,1,2.09999990463,0.885
3eyx ACT 222 A,EDO,ACT,0.477761316022,0.0900240959727,0.387737220049,False,3,2.0,0.897
3eya PO4 620 D,SO4,PO4,0.267205360556,0.0182512633978,0.248954097158,False,7,2.5,0.857
3eya PO4 619 D,GOL,PO4,0.279069478239,0.0521809054358,0.226888572803,False,4,2.5,0.893
3eya PO4 619 A,SO4,PO4,0.286793476596,0.022235394335,0.264558082261,False,5,2.5,0.806
3eya PO4 618 D,SO4,PO4,0.246807970893,0.0133503727875,0.233457598106,False,7,2.5,0.888
3eya PO4 618 A,SO4,PO4,0.387293441844,0.0768719152139,0.31042152663,False,3,2.5,0.933
3eya PO4 617 L,SO4,PO4,0.626081659281,0.0453489093534,0.580732749927,False,3,2.5,0.854
3eya PO4 617 D,PEG,PO4,0.192211041145,0.0297677263536,0.162443314792,False,8,2.5,0.909
3eya PO4 617 A,GOL,PO4,0.402410537486,0.0159544854441,0.386456052041,False,8,2.5,0.842
3eya PO4 616 L,SO4,PO4,0.823429843311,0.0839090831853,0.739520760125,False,2,2.5,0.987
3eya PO4 616 G,SO4,PO4,0.33845128447,0.0358028681379,0.302648416332,False,4,2.5,0.89
3eya PO4 616 D,GOL,PO4,0.207014313831,0.0372015619993,0.169812751831,False,5,2.5,0.618
3eya PO4 616 B,SO4,PO4,0.773315414664,0.0386984909674,0.734616923697,False,3,2.5,0.82
3eya PO4 616 A,GOL,PO4,0.494320134684,0.0225499808922,0.471770153792,False,6,2.5,0.86
3eya PO4 615 L,SO4,PO4,0.597457300616,0.0220598075124,0.575397493103,False,5,2.5,0.879
3eya PO4 615 I,SO4,PO4,0.673371469445,0.18457183972,0.488799629725,False,2,2.5,0.936
3eya PO4 615 H,SO4,PO4,0.431117134313,0.390533924297,0.0405832100156,False,2,2.5,0.967
3eya PO4 615 G,SO4,PO4,0.438855182119,0.228986338832,0.209868843287,False,2,2.5,0.94
3eya PO4 615 F,SO4,PO4,0.648815855944,0.0324790131242,0.616336842819,False,3,2.5,0.913
3eya PO4 615 E,GOL,PO4,0.348158838924,0.0719544290285,0.276204409896,False,3,2.5,0.81
3eya PO4 615 D,SO4,PO4,0.818435352042,0.116516426628,0.701918925414,False,2,2.5,0.957
3eya PO4 615 A,GOL,PO4,0.71506281965,0.0173620770532,0.697700742597,False,6,2.5,0.774
3eya PO4 614 L,SO4,PO4,0.682165356691,0.112650487233,0.569514869458,False,2,2.5,0.888
3eya PO4 614 K,SO4,PO4,0.515656337246,0.307693107744,0.207963229503,False,2,2.5,0.952
3eya PO4 614 J,SO4,PO4,0.670631811313,0.0241108834939,0.646520927819,False,3,2.5,0.94
3eya PO4 614 I,SO4,PO4,0.624679422144,0.106887369811,0.517792052333,False,2,2.5,0.87
3eya PO4 614 H,SO4,PO4,0.709252461146,0.0347634745768,0.674488986569,False,3,2.5,0.791
3eya PO4 614 G,SO4,PO4,0.64865665017,0.035009254897,0.613647395273,False,4,2.5,0.943
3eya PO4 614 F,SO4,PO4,0.527034295353,0.380901566115,0.146132729238,False,2,2.5,0.948
3eya PO4 614 E,SO4,PO4,0.831157810242,0.0339961787792,0.797161631463,False,3,2.5,0.949
3eya PO4 614 D,SO4,PO4,0.911928457816,0.0286073096186,0.883321148197,False,2,2.5,0.902
3eya PO4 614 C,SO4,PO4,0.515218030491,0.217735437364,0.297482593126,False,2,2.5,0.941
3eya PO4 614 B,SO4,PO4,0.880882525422,0.0658109792997,0.815071546122,False,2,2.5,0.957
3eya PO4 614 A,SO4,PO4,0.767448547735,0.152748975362,0.614699572373,False,2,2.5,0.967
3ey9 SO4 621 B,SO4,SO4,0.854213471019,0.854213471019,0.0,True,1,2.90000009537,0.988
3ey9 SO4 621 A,SO4,SO4,0.849124476617,0.849124476617,0.0,True,1,2.90000009537,0.966
3ey8 SO4 134 A,SO4,SO4,0.137458158232,0.137458158232,0.0,True,1,1.60000002384,0.926
3ey8 SO4 133 A,SO4,SO4,0.441286998633,0.441286998633,0.0,True,1,1.60000002384,0.954
3ey5 SO4 202 A,SO4,SO4,0.812146880923,0.812146880923,0.0,True,1,2.09999990463,0.954
3ey5 SO4 201 A,SO4,SO4,0.695890403293,0.695890403293,0.0,True,1,2.09999990463,0.926
3exq SO4 201 A,SO4,SO4,0.94167064318,0.94167064318,0.0,True,1,2.0,0.848
3exq SO4 200 A,SO4,SO4,0.868289229171,0.868289229171,0.0,True,1,2.0,0.909
3exo SO4 451 A,DMS,SO4,0.853859525901,0.108204895854,0.745654630047,False,2,2.09999990463,0.937
3exo SO4 450 A,GOL,SO4,0.389324296831,0.239740242866,0.149584053964,False,2,2.09999990463,0.842
3exn ACO 1001 A,SO4,ACO,0.388745186705,0.00106972718702,0.387675459518,False,81,1.79999995232,0.869
3ex6 SO4 482 A,SO4,SO4,0.815996272744,0.815996272744,0.0,True,1,1.29999995232,0.975
3ewr APR 169 A,NAD,APR,0.565624270274,0.000470884752759,0.565153385521,False,164,2.0,0.952
3ewp APR 175 B,FMN,APR,0.545351368741,0.00480983980976,0.540541528932,False,11,2.0,0.941
3ewp APR 175 A,NAD,APR,0.218451319284,0.129794879943,0.0886564393401,False,3,2.0,0.967
3ew5 SO4 3 C,SO4,SO4,0.298486804696,0.298486804696,0.0,True,1,3.09999990463,0.815
3ew5 SO4 2 C,SO4,SO4,0.934593680304,0.934593680304,0.0,True,1,3.09999990463,0.938
3ew5 SO4 12 A,SO4,SO4,0.747266922254,0.747266922254,0.0,True,1,3.09999990463,0.796
3ew5 SO4 10 C,SO4,SO4,0.949682419653,0.949682419653,0.0,True,1,3.09999990463,0.905
3ew5 SO4 1 B,SO4,SO4,0.977553941954,0.977553941954,0.0,True,1,3.09999990463,0.953
3evx SCN 176 D,SO4,SCN,0.496972140143,0.00191808779176,0.495054052352,False,13,2.40000009537,0.858
3evx SCN 176 C,SO4,SCN,0.705624453804,0.000725247192533,0.704899206611,False,31,2.40000009537,0.934
3evx SCN 176 B,SO4,SCN,0.517487147268,0.00189785225091,0.515589295017,False,17,2.40000009537,0.865
3evx SCN 176 A,SO4,SCN,0.662780776801,0.00148301521411,0.661297761587,False,12,2.40000009537,0.921
3evv CRO 224 A,CRO,CRO,0.881840500387,0.881840500387,0.0,True,1,2.59999990463,0.945
3evu CRO 224 A,CRO,CRO,0.976236797657,0.976236797657,0.0,True,1,1.70000004768,0.983
3evr CRO 224 A,CRO,CRO,0.855464610273,0.855464610273,0.0,True,1,2.0,0.987
3evp CRO 224 A,CRO,CRO,0.981045345023,0.981045345023,0.0,True,1,1.5,0.98
3evg SO4 906 A,SO4,SO4,0.485869073685,0.485869073685,0.0,True,1,2.20000004768,0.898
3evg SO4 905 A,SO4,SO4,0.700471369239,0.700471369239,0.0,True,1,2.20000004768,0.952
3evg SO4 904 A,SO4,SO4,0.805870477334,0.805870477334,0.0,True,1,2.20000004768,0.965
3evg SO4 903 A,SO4,SO4,0.754865940564,0.754865940564,0.0,True,1,2.20000004768,0.922
3evg SO4 902 A,SO4,SO4,0.763443696719,0.763443696719,0.0,True,1,2.20000004768,0.992
3evg SAH 901 A,NAG,SAH,0.182054684543,0.0620842697881,0.119970414754,False,4,2.20000004768,0.954
3evf SAH 901 A,SAM,SAH,0.496005817923,0.253570521698,0.242435296225,False,2,1.5,0.924
3eve SAH 901 A,SAM,SAH,0.466674788975,0.254809637956,0.211865151019,False,2,1.70000004768,0.903
3evd SAH 903 A,SAM,SAH,0.541287562783,0.0306789169037,0.510608645879,False,3,1.5,0.932
3evc SAH 901 A,SAH,SAH,0.509538292122,0.509538292122,0.0,True,1,1.60000002384,0.893
3evb SAH 901 A,SAM,SAH,0.528044036717,0.208967668115,0.319076368602,False,2,1.89999997616,0.937
3eva SAH 901 A,SAM,SAH,0.747459953253,0.0328200405137,0.714639912739,False,3,1.5,0.895
3euk AGS 2004 H,GTP,AGS,0.291059190453,0.0244663935202,0.266592796933,False,7,4.0,0.931
3euk AGS 2003 F,GTP,AGS,0.385811309372,0.0397700791572,0.346041230215,False,5,4.0,0.963
3euk AGS 2002 C,GTP,AGS,0.380786770885,0.0220449210187,0.358741849866,False,6,4.0,0.958
3euk AGS 2001 A,GTP,AGS,0.248844532837,0.0116371351972,0.237207397639,False,11,4.0,0.921
3euj AGS 2001 A,ATP,AGS,0.44967277149,0.0433378160769,0.406334955413,False,5,3.09999990463,0.96
3euf PO4 401 D,PO4,PO4,0.854214768642,0.854214768642,0.0,True,1,1.89999997616,0.993
3euf PO4 401 C,PO4,PO4,0.677407755746,0.677407755746,0.0,True,1,1.89999997616,0.986
3euf PO4 401 B,PO4,PO4,0.919183827585,0.919183827585,0.0,True,1,1.89999997616,0.984
3euf PO4 401 A,SO4,PO4,0.839850356419,0.114890398954,0.724959957465,False,2,1.89999997616,0.997
3euc SO4 370 B,SO4,SO4,0.888517006818,0.888517006818,0.0,True,1,2.09999990463,0.909
3euc SO4 369 B,SO4,SO4,0.864945174206,0.864945174206,0.0,True,1,2.09999990463,0.943
3euc SO4 369 A,SO4,SO4,0.462105119673,0.462105119673,0.0,True,1,2.09999990463,0.861
3euc SO4 368 B,SO4,SO4,0.921793503824,0.921793503824,0.0,True,1,2.09999990463,0.975
3euc SO4 368 A,SO4,SO4,0.741651024956,0.741651024956,0.0,True,1,2.09999990463,0.858
3euc SO4 367 B,SO4,SO4,0.903967609298,0.903967609298,0.0,True,1,2.09999990463,0.985
3euc SO4 367 A,SO4,SO4,0.829841967519,0.829841967519,0.0,True,1,2.09999990463,0.944
3eu9 SO4 452 C,SO4,SO4,0.509727648875,0.509727648875,0.0,True,1,2.0,0.91
3eu9 SO4 451 C,SO4,SO4,0.622071359669,0.622071359669,0.0,True,1,2.0,0.829
3eu9 SO4 325 A,SO4,SO4,0.766499577573,0.766499577573,0.0,True,1,2.0,0.863
3eu9 SO4 324 A,SO4,SO4,0.465170041294,0.465170041294,0.0,True,1,2.0,0.903
3eu9 SO4 323 B,GOL,SO4,0.401019832841,0.346271038785,0.0547487940567,False,2,2.0,0.88
3eu9 SO4 323 A,SO4,SO4,0.632153310195,0.632153310195,0.0,True,1,2.0,0.959
3eu9 SO4 322 B,SO4,SO4,0.54068732733,0.54068732733,0.0,True,1,2.0,0.893
3etw SCN 130 A,EDO,SCN,0.588047298828,0.077005335229,0.511041963599,False,2,2.0,0.908
3ett SO4 576 B,SO4,SO4,0.875896349236,0.875896349236,0.0,True,1,2.09999990463,0.974
3ett SO4 576 A,SO4,SO4,0.90304677182,0.90304677182,0.0,True,1,2.09999990463,0.959
3ett SO4 575 B,SO4,SO4,0.806085752384,0.806085752384,0.0,True,1,2.09999990463,0.981
3ett SO4 575 A,SO4,SO4,0.955815582304,0.955815582304,0.0,True,1,2.09999990463,0.988
3ett SO4 574 B,SO4,SO4,0.848046101676,0.848046101676,0.0,True,1,2.09999990463,0.967
3ett SO4 574 A,SO4,SO4,0.941972387761,0.941972387761,0.0,True,1,2.09999990463,0.95
3ets SO4 576 B,SO4,SO4,0.955180324468,0.955180324468,0.0,True,1,2.40000009537,0.98
3ets SO4 576 A,SO4,SO4,0.975355105316,0.975355105316,0.0,True,1,2.40000009537,0.959
3ets SO4 575 B,SO4,SO4,0.915045550443,0.915045550443,0.0,True,1,2.40000009537,0.967
3ets SO4 575 A,SO4,SO4,0.920246890179,0.920246890179,0.0,True,1,2.40000009537,0.944
3ets SO4 574 B,SO4,SO4,0.94933503632,0.94933503632,0.0,True,1,2.40000009537,0.958
3ets SO4 574 A,SO4,SO4,0.970221182967,0.970221182967,0.0,True,1,2.40000009537,0.967
3etq CMP 1 B,CMP,CMP,0.971019852967,0.971019852967,0.0,True,1,1.89999997616,0.978
3etq CMP 1 A,CMP,CMP,0.990346473575,0.990346473575,0.0,True,1,1.89999997616,0.976
3etc NO3 1001 B,ACT,NO3,0.438433981176,0.0906498533957,0.34778412778,False,3,2.0,0.959
3etc NO3 1001 A,FMT,NO3,0.248928165297,0.0787430306776,0.170185134619,False,4,2.0,0.955
3etc EPE 998 B,DMS,EPE,0.277289981357,0.00319005802302,0.274099923334,False,12,2.0,0.953
3etc EPE 997 A,EPE,EPE,0.700335052917,0.700335052917,0.0,True,1,2.0,0.924
3etc EPE 996 A,ACT,EPE,0.419194179567,0.00245688170406,0.416737297863,False,12,2.0,0.941
3et7 PO4 1001 A,SO4,PO4,0.289714960115,0.0481097448046,0.241605215311,False,3,2.70000004768,0.892
3et6 PO4 6 B,SO4,PO4,0.705460103564,0.0569565083449,0.648503595219,False,2,2.59999990463,0.847
3et6 PO4 4 B,SO4,PO4,0.711983964696,0.12191085959,0.590073105105,False,2,2.59999990463,0.879
3esm SO4 2 A,SO4,SO4,0.703401947801,0.703401947801,0.0,True,1,1.70000004768,0.845
3esm SO4 1 A,SO4,SO4,0.932554005037,0.932554005037,0.0,True,1,1.70000004768,0.947
3es9 NAP 753 B,LLP,NAP,0.0641300451365,0.0410494001434,0.0230806449931,False,4,3.40000009537,0.781
3erx SO4 125 B,SO4,SO4,0.951002003277,0.951002003277,0.0,True,1,1.29999995232,0.941
3err AMP 1508 B,ADP,AMP,0.782605048934,0.0144187273846,0.76818632155,False,4,2.29999995232,0.887
3err AMP 1507 A,AMP,AMP,0.563678074429,0.563678074429,0.0,True,1,2.29999995232,0.964
3ern SO4 801 E,SO4,SO4,0.774712753089,0.774712753089,0.0,True,1,2.09999990463,0.952
3ern SO4 801 B,SO4,SO4,0.785227605033,0.785227605033,0.0,True,1,2.09999990463,0.955
3erm SO4 89 B,SO4,SO4,0.63401993325,0.63401993325,0.0,True,1,2.5,0.919
3eri SCN 608 A,SO4,SCN,0.261207218024,0.0209958419907,0.240211376033,False,7,2.5,0.943
3eri SCN 607 A,SO4,SCN,0.641819424919,0.0394763343273,0.602343090591,False,2,2.5,0.898
3erh SCN 608 A,DMS,SCN,0.465054996886,0.00912976137252,0.455925235513,False,7,2.40000009537,0.945
3erh SCN 607 A,SO4,SCN,0.617063261152,0.026010044919,0.591053216233,False,2,2.40000009537,0.957
3ere SO4 173 D,SO4,SO4,0.556880766415,0.556880766415,0.0,True,1,2.5,0.868
3ere SO4 172 D,SO4,SO4,0.857417715616,0.857417715616,0.0,True,1,2.5,0.987
3ere SO4 171 D,PO4,SO4,0.445765759887,0.342844311657,0.102921448231,False,2,2.5,0.849
3era SCN 103 A,GOL,SCN,0.346102426047,0.0036654934461,0.342436932601,False,8,1.70000004768,0.932
3era SCN 102 B,EDO,SCN,0.2889370838,0.00053079661046,0.288406287189,False,190,1.70000004768,0.889
3era SCN 101 B,DMS,SCN,0.340736173405,0.0663147302556,0.274421443149,False,4,1.70000004768,0.984
3eqy PO4 303 A,SO4,PO4,0.564847348078,0.364583688706,0.200263659372,False,2,1.60000002384,0.961
3eqv SO4 9 B,SO4,SO4,0.910155759356,0.910155759356,0.0,True,1,2.40000009537,0.986
3eqv SO4 8 A,SO4,SO4,0.937730283098,0.937730283098,0.0,True,1,2.40000009537,0.943
3eqv SO4 7 B,SO4,SO4,0.602957732722,0.602957732722,0.0,True,1,2.40000009537,0.863
3eqv SO4 6 B,SO4,SO4,0.416723838906,0.416723838906,0.0,True,1,2.40000009537,0.699
3eqv SO4 5 B,SO4,SO4,0.953252831934,0.953252831934,0.0,True,1,2.40000009537,0.976
3eqv SO4 4 A,SO4,SO4,0.828458756952,0.828458756952,0.0,True,1,2.40000009537,0.885
3eqv SO4 3 A,SO4,SO4,0.603265742651,0.603265742651,0.0,True,1,2.40000009537,0.882
3eqv SO4 2 B,SO4,SO4,0.783808810739,0.783808810739,0.0,True,1,2.40000009537,0.967
3eqv SO4 15 A,SO4,SO4,0.724567689726,0.724567689726,0.0,True,1,2.40000009537,0.832
3eqv SO4 14 B,SO4,SO4,0.748337835563,0.748337835563,0.0,True,1,2.40000009537,0.883
3eqv SO4 13 A,SO4,SO4,0.398583689142,0.398583689142,0.0,True,1,2.40000009537,0.902
3eqv SO4 12 B,SO4,SO4,0.799383909675,0.799383909675,0.0,True,1,2.40000009537,0.672
3eqv SO4 11 A,SO4,SO4,0.541375055901,0.541375055901,0.0,True,1,2.40000009537,0.883
3eqv SO4 10 B,GOL,SO4,0.232652715603,0.163035921065,0.0696167945377,False,3,2.40000009537,0.754
3eqv SO4 1 B,HEM,SO4,0.220120780375,0.202445816453,0.0176749639224,False,2,2.40000009537,0.962
3equ SO4 9 B,SO4,SO4,0.276107755433,0.276107755433,0.0,True,1,2.29999995232,0.935
3equ SO4 8 A,SO4,SO4,0.628397079769,0.628397079769,0.0,True,1,2.29999995232,0.935
3equ SO4 7 B,SO4,SO4,0.790481549672,0.790481549672,0.0,True,1,2.29999995232,0.945
3equ SO4 6 A,SO4,SO4,0.724591686934,0.724591686934,0.0,True,1,2.29999995232,0.878
3equ SO4 5 B,SO4,SO4,0.929194123078,0.929194123078,0.0,True,1,2.29999995232,0.988
3equ SO4 4 A,SO4,SO4,0.828873737773,0.828873737773,0.0,True,1,2.29999995232,0.921
3equ SO4 3 A,SO4,SO4,0.848190202911,0.848190202911,0.0,True,1,2.29999995232,0.946
3equ SO4 2 A,SO4,SO4,0.878213227949,0.878213227949,0.0,True,1,2.29999995232,0.937
3equ SO4 17 A,SO4,SO4,0.903713809842,0.903713809842,0.0,True,1,2.29999995232,0.941
3equ SO4 16 B,SO4,SO4,0.733279875613,0.733279875613,0.0,True,1,2.29999995232,0.864
3equ SO4 15 B,SO4,SO4,0.881893418942,0.881893418942,0.0,True,1,2.29999995232,0.937
3equ SO4 14 B,SO4,SO4,0.706705442408,0.706705442408,0.0,True,1,2.29999995232,0.959
3equ SO4 13 A,SO4,SO4,0.355209811427,0.355209811427,0.0,True,1,2.29999995232,0.905
3equ SO4 12 A,SO4,SO4,0.743473243865,0.743473243865,0.0,True,1,2.29999995232,0.823
3equ SO4 11 A,SO4,SO4,0.810742948693,0.810742948693,0.0,True,1,2.29999995232,0.947
3equ SO4 10 B,SO4,SO4,0.4947680398,0.4947680398,0.0,True,1,2.29999995232,0.871
3equ SO4 1 B,SO4,SO4,0.875231994516,0.875231994516,0.0,True,1,2.29999995232,0.967
3eqn ACT 768 A,ACT_ZN,ACT_ZN,0.231857995223,0.231857995223,0.0,True,1,1.70000004768,0.929
3eqn ACT 765 B,ACT_ZN,ACT_ZN,0.802769985783,0.802769985783,0.0,True,1,1.70000004768,0.973
3eqm PO4 603 A,SO4,PO4,0.9493529665,0.0262492450694,0.92310372143,False,2,2.90000009537,0.928
3eqm PO4 602 A,SO4,PO4,0.770259753833,0.0586251693372,0.711634584495,False,3,2.90000009537,0.922
3eqb ATP 9001 A,ATP_MG,ATP_MG,0.496263403418,0.496263403418,0.0,True,1,2.59999990463,0.967
3eq6 AMP 902 B,AMP,AMP,0.231931745903,0.231931745903,0.0,True,1,2.40000009537,0.942
3eq6 AMP 901 A,ADP,AMP,0.290273996038,0.0603426519949,0.229931344043,False,5,2.40000009537,0.959
3eq1 SO4 365 B,NAG,SO4,0.364333884842,0.143196956292,0.22113692855,False,2,2.70000004768,0.841
3eq1 SO4 364 B,SO4,SO4,0.38152707339,0.38152707339,0.0,True,1,2.70000004768,0.939
3eq1 SO4 364 A,SO4,SO4,0.541024204936,0.541024204936,0.0,True,1,2.70000004768,0.927
3eq1 SO4 363 B,SO4,SO4,0.716044867129,0.716044867129,0.0,True,1,2.70000004768,0.953
3eq1 SO4 363 A,SO4,SO4,0.624380422668,0.624380422668,0.0,True,1,2.70000004768,0.883
3eq1 SO4 362 B,SO4,SO4,0.88833422612,0.88833422612,0.0,True,1,2.70000004768,0.868
3eq1 SO4 362 A,SO4,SO4,0.730603439533,0.730603439533,0.0,True,1,2.70000004768,0.943
3epz BGC 702 A,SO4,BGC,0.522831629463,0.000507824675128,0.522323804787,False,194,2.29999995232,0.787
3eps ATP 1605 B,GDP,ATP,0.157721996758,0.00419356457814,0.15352843218,False,18,2.79999995232,0.893
3eps ATP 1605 A,ADP_MG,ATP_MG,0.110228897623,0.00990448809026,0.100324409533,False,17,2.79999995232,0.918
3eps AMP 1604 B,AMP,AMP,0.435114848645,0.435114848645,0.0,True,1,2.79999995232,0.947
3eps AMP 1604 A,AMP,AMP,0.899716301211,0.899716301211,0.0,True,1,2.79999995232,0.963
3epm SO4 2001 A,SO4,SO4,0.914871380468,0.914871380468,0.0,True,1,2.79999995232,0.943
3epi PO4 422 A,SO4,PO4,0.813692808085,0.0679061605848,0.7457866475,False,2,2.90000009537,0.966
3ep9 TRS 368 A,GOL,TRS,0.439790036258,0.0163626414566,0.423427394801,False,6,2.29999995232,0.659
3ep5 TRS 368 A,GOL,TRS,0.635603156858,0.0342715765882,0.60133158027,False,4,2.0,0.732
3ep4 TRS 368 A,GOL,TRS,0.364703637893,0.0859385205176,0.278765117376,False,3,1.89999997616,0.801
3eoz PO4 216 B,SO4,PO4,0.489352667681,0.271436601073,0.217916066607,False,2,2.40000009537,0.898
3eoz PO4 215 B,SO4,PO4,0.4589550809,0.0785790133307,0.380376067569,False,4,2.40000009537,0.913
3eop SO4 4 B,SO4,SO4,0.782647018257,0.782647018257,0.0,True,1,2.29999995232,0.973
3eop SO4 3 A,SO4,SO4,0.862723408369,0.862723408369,0.0,True,1,2.29999995232,0.984
3eop SO4 2 B,SO4,SO4,0.518358607536,0.518358607536,0.0,True,1,2.29999995232,0.976
3eop SO4 1 A,SO4,SO4,0.660028914773,0.660028914773,0.0,True,1,2.29999995232,0.977
3eo8 ACT 502 E,EDO,ACT,0.473321406463,0.0439149778311,0.429406428632,False,3,1.70000004768,0.863
3eo8 ACT 502 A,EDO,ACT,0.463793837484,0.152785350986,0.311008486498,False,2,1.70000004768,0.903
3eo8 ACT 501 F,SO4,ACT,0.140461521642,0.125973585395,0.0144879362461,False,2,1.70000004768,0.878
3eo8 ACT 501 E,SO4,ACT,0.372012006716,0.0416952329186,0.330316773798,False,4,1.70000004768,0.961
3eo8 ACT 501 D,DMS,ACT,0.682836616737,0.0559966239704,0.626839992766,False,3,1.70000004768,0.855
3eo8 ACT 501 C,GOL,ACT,0.430064521852,0.0593832986472,0.370681223205,False,3,1.70000004768,0.867
3eo8 ACT 501 B,EDO,ACT,0.446575050247,0.273617321198,0.172957729048,False,2,1.70000004768,0.876
3eo8 ACT 501 A,SO4,ACT,0.421757634115,0.0264200714797,0.395337562635,False,4,1.70000004768,0.959
3eo7 ACT 714 A,EDO,ACT,0.698199065698,0.0447790854245,0.653419980273,False,3,1.79999995232,0.856
3eo7 ACT 713 A,ACT,ACT,0.307916608529,0.307916608529,0.0,True,1,1.79999995232,0.802
3eo7 ACT 712 A,EDO,ACT,0.329250278794,0.0780666065757,0.251183672219,False,4,1.79999995232,0.839
3eo7 ACT 708 A,EDO,ACT,0.376367963124,0.155456244184,0.22091171894,False,2,1.79999995232,0.804
3eo7 ACT 707 A,EDO,ACT,0.35567508494,0.0642283005007,0.291446784439,False,4,1.79999995232,0.813
3eo6 TRS 107 B,TRS,TRS,0.924410047262,0.924410047262,0.0,True,1,1.0,0.951
3eo4 MES 8 A,EDO,MES,0.191373516791,0.000645572761932,0.190727944029,False,168,2.20000004768,0.848
3eo4 MES 7 D,GOL,MES,0.560320702748,0.0012071330006,0.559113569747,False,30,2.20000004768,0.857
3eo4 MES 6 C,GOL,MES,0.544333445848,0.00104685995599,0.543286585892,False,27,2.20000004768,0.833
3eo4 MES 5 B,GOL,MES,0.54966269911,0.000961822820029,0.54870087629,False,45,2.20000004768,0.861
3eo4 MES 4 C,SO4,MES,0.816922127448,0.000652486614677,0.816269640834,False,35,2.20000004768,0.928
3eo4 MES 3 D,PLP,MES,0.22589325167,0.0530576881113,0.172835563559,False,5,2.20000004768,0.954
3eo4 MES 2 A,EPE,MES,0.158695885486,0.0445153415092,0.114180543977,False,5,2.20000004768,0.953
3eo4 MES 1 B,MES,MES,0.985188995524,0.985188995524,0.0,True,1,2.20000004768,0.963
3enz FMT 309 C,EDO,FMT,0.550209424038,0.0503814377877,0.499827986251,False,5,2.0,0.781
3enz FMT 309 A,EDO,FMT,0.789159829425,0.0133156394986,0.775844189927,False,6,2.0,0.9
3enz FMT 308 D,EDO,FMT,0.662308755136,0.0709647670408,0.591343988096,False,2,2.0,0.91
3enz FMT 308 C,EDO,FMT,0.539803503951,0.00643284611653,0.533370657834,False,3,2.0,0.859
3enz FMT 308 A,EDO,FMT,0.637147211291,0.0166783826838,0.620468828607,False,5,2.0,0.923
3enz FMT 307 D,GOL,FMT,0.365933073222,0.0927081574449,0.273224915777,False,3,2.0,0.89
3enz FMT 307 C,EDO,FMT,0.328336275293,0.0201114262262,0.308224849066,False,8,2.0,0.939
3enz FMT 307 A,EDO,FMT,0.692829204589,0.156923394855,0.535905809734,False,2,2.0,0.947
3enz FMT 306 F,EDO,FMT,0.791910830974,0.0138027111827,0.778108119791,False,4,2.0,0.854
3enz FMT 306 D,EDO,FMT,0.369692745004,0.0130758177208,0.356616927283,False,10,2.0,0.912
3enz FMT 306 C,GOL,FMT,0.418530520454,0.0098514681787,0.408679052275,False,5,2.0,0.952
3enz FMT 306 A,EDO,FMT,0.559903552861,0.24792460929,0.311978943571,False,2,2.0,0.885
3enz FMT 305 F,FMT,FMT,0.294948344128,0.294948344128,0.0,True,1,2.0,0.951
3enz FMT 305 C,EDO,FMT,0.541440049232,0.00551087722908,0.535929172003,False,5,2.0,0.816
3enz FMT 305 B,NAG,FMT,0.316205432851,0.00782700494667,0.308378427904,False,12,2.0,0.791
3enz FMT 305 A,EDO,FMT,0.449416684629,0.00755158780442,0.441865096824,False,8,2.0,0.901
3enz FMT 304 F,GOL,FMT,0.646092452781,0.00502503039629,0.641067422385,False,9,2.0,0.958
3enz FMT 304 E,FMT,FMT,0.366877462922,0.366877462922,0.0,True,1,2.0,0.925
3enz FMT 304 D,GOL,FMT,0.407750417937,0.00633765444768,0.401412763489,False,11,2.0,0.935
3enz FMT 304 C,GOL,FMT,0.211617463845,0.0184565570372,0.193160906808,False,10,2.0,0.945
3enz FMT 304 B,EDO,FMT,0.373544724025,0.114078019224,0.259466704801,False,3,2.0,0.909
3enz FMT 304 A,EDO,FMT,0.738982019678,0.172589798389,0.566392221289,False,2,2.0,0.977
3ens MES 304 D,GOL,MES,0.451675691711,0.00447274429197,0.447202947419,False,21,2.29999995232,0.919
3ens MES 304 B,MES,MES,0.820090545723,0.820090545723,0.0,True,1,2.29999995232,0.939
3enm SO4 4 B,SO4,SO4,0.305494898923,0.305494898923,0.0,True,1,2.40000009537,0.804
3enm SO4 3 C,SO4,SO4,0.251173591749,0.251173591749,0.0,True,1,2.40000009537,0.947
3enm SO4 2 A,SO4,SO4,0.883877568202,0.883877568202,0.0,True,1,2.40000009537,0.979
3enm SO4 1 D,SO4,SO4,0.819029959339,0.819029959339,0.0,True,1,2.40000009537,0.961
3en8 PG4 131 A,EDO,PG4,0.58185266857,0.011776692427,0.570075976143,False,6,1.79999995232,0.716
3en0 SO4 272 C,SO4,SO4,0.938816384159,0.938816384159,0.0,True,1,1.39999997616,0.951
3en0 SO4 272 B,SO4,SO4,0.866717519961,0.866717519961,0.0,True,1,1.39999997616,0.961
3en0 SO4 272 A,SO4,SO4,0.905855234926,0.905855234926,0.0,True,1,1.39999997616,0.97
3emv SO4 254 A,SO4,SO4,0.551841003929,0.551841003929,0.0,True,1,1.79999995232,0.91
3emu SO4 1 A,SO4,SO4,0.644647517632,0.644647517632,0.0,True,1,2.29999995232,0.992
3emr SO4 604 A,SO4,SO4,0.738834129324,0.738834129324,0.0,True,1,1.79999995232,0.92
3emr SO4 603 A,SO4,SO4,0.304245602448,0.304245602448,0.0,True,1,1.79999995232,0.935
3emr SO4 602 A,SO4,SO4,0.946027659741,0.946027659741,0.0,True,1,1.79999995232,0.959
3emr SO4 601 A,SO4,SO4,0.922004671996,0.922004671996,0.0,True,1,1.79999995232,0.933
3eml SO4 413 A,SO4,SO4,0.775907947497,0.775907947497,0.0,True,1,2.40000009537,0.938
3eml SO4 412 A,SO4,SO4,0.718798768329,0.718798768329,0.0,True,1,2.40000009537,0.945
3eml SO4 411 A,SO4,SO4,0.889573309609,0.889573309609,0.0,True,1,2.40000009537,0.973
3eml SO4 410 A,SO4,SO4,0.881540444394,0.881540444394,0.0,True,1,2.40000009537,0.934
3eml SO4 409 A,SO4,SO4,0.433551144929,0.433551144929,0.0,True,1,2.40000009537,0.774
3eml SO4 408 A,SO4,SO4,0.918255593008,0.918255593008,0.0,True,1,2.40000009537,0.97
3eml SO4 407 A,SO4,SO4,0.703824402081,0.703824402081,0.0,True,1,2.40000009537,0.993
3emj PG4 173 L,GSH,PG4,0.280015308141,0.0246562093084,0.255359098833,False,5,2.20000004768,0.83
3emj PG4 173 E,GSH,PG4,0.164186219583,0.0628930629705,0.101293156613,False,3,2.20000004768,0.899
3emh SO4 336 A,DMS,SO4,0.409014167514,0.402618792574,0.00639537494021,False,2,1.39999997616,0.72
3emh SO4 335 A,SO4,SO4,0.403603165107,0.403603165107,0.0,True,1,1.39999997616,0.708
3emd SO4 403 A,SO4,SO4,0.516651495088,0.516651495088,0.0,True,1,2.0,0.906
3emd SO4 402 A,SO4,SO4,0.856277421617,0.856277421617,0.0,True,1,2.0,0.966
3emb SO4 4636 A,GOL,SO4,0.352441958238,0.162120204042,0.190321754197,False,2,2.29999995232,0.816
3emb SO4 4635 A,SO4,SO4,0.56120980027,0.56120980027,0.0,True,1,2.29999995232,0.943
3emb SAM 4633 A,SAM,SAM,0.264911161155,0.264911161155,0.0,True,1,2.29999995232,0.95
3em6 PO4 506 B,SO4,PO4,0.520636771459,0.0352417051547,0.485395066305,False,5,2.09999990463,0.837
3em6 PO4 505 A,SO4,PO4,0.431547381987,0.0130267058546,0.418520676133,False,7,2.09999990463,0.89
3em6 PO4 504 A,SO4,PO4,0.790345652331,0.00681253926029,0.78353311307,False,8,2.09999990463,0.924
3em6 PO4 503 B,SO4,PO4,0.587398332067,0.00744771958311,0.579950612484,False,6,2.09999990463,0.866
3em6 PO4 502 A,GOL,PO4,0.428961508657,0.0022147614314,0.426746747225,False,17,2.09999990463,0.787
3em4 PO4 507 V,SO4,PO4,0.639353010961,0.0109173896821,0.628435621279,False,5,2.09999990463,0.896
3em4 PO4 506 V,SO4,PO4,0.401645257025,0.0462222580446,0.355422998981,False,5,2.09999990463,0.844
3em4 PO4 505 B,SO4,PO4,0.749461477824,0.0315828747156,0.717878603109,False,3,2.09999990463,0.93
3em4 PO4 503 U,SO4,PO4,0.726106661504,0.0611876105906,0.664919050913,False,3,2.09999990463,0.88
3em4 PO4 502 A,SO4,PO4,0.685305074887,0.0261340317973,0.65917104309,False,4,2.09999990463,0.897
3em4 PO4 501 B,SO4,PO4,0.804086388071,0.0102528854588,0.793833502612,False,5,2.09999990463,0.896
3ely SO4 297 A,DMS,SO4,0.441581365271,0.339300741311,0.10228062396,False,2,2.40000009537,0.911
3ely SO4 295 A,GOL,SO4,0.237675577699,0.236456433897,0.00121914380207,False,2,2.40000009537,0.938
3ely SO4 294 A,MPD,SO4,0.180117663455,0.125407550534,0.0547101129213,False,2,2.40000009537,0.824
3ely SO4 293 A,SO4,SO4,0.672883717944,0.672883717944,0.0,True,1,2.40000009537,0.979
3ely SAH 887 A,SFG,SAH,0.498321959946,0.0110234886537,0.487298471293,False,5,2.40000009537,0.97
3elw SO4 294 A,SO4,SO4,0.725227629462,0.725227629462,0.0,True,1,1.89999997616,0.937
3elw SO4 293 A,SO4,SO4,0.656657955002,0.656657955002,0.0,True,1,1.89999997616,0.959
3elw SAM 4633 A,SAM,SAM,0.692038763631,0.692038763631,0.0,True,1,1.89999997616,0.975
3elv SO4 205 B,SO4,SO4,0.833902357341,0.833902357341,0.0,True,1,2.40000009537,0.887
3elv SO4 205 A,SO4,SO4,0.964087574968,0.964087574968,0.0,True,1,2.40000009537,0.909
3elu SO4 4637 A,SO4,SO4,0.953686207285,0.953686207285,0.0,True,1,2.0,0.986
3elu SAM 4633 A,SAH,SAM,0.587450282697,0.244198953263,0.343251329433,False,2,2.0,0.962
3elq SO4 2011 B,GOL,SO4,0.346247532283,0.084659642255,0.261587890028,False,3,2.0,0.751
3elq SO4 2010 B,SO4,SO4,0.758494170048,0.758494170048,0.0,True,1,2.0,0.907
3elq SO4 2009 A,SO4,SO4,0.747963162504,0.747963162504,0.0,True,1,2.0,0.853
3elq SO4 2008 B,SO4,SO4,0.429612076218,0.429612076218,0.0,True,1,2.0,0.95
3elq SO4 2007 A,GOL,SO4,0.273071026901,0.250891916855,0.0221791100458,False,2,2.0,0.867
3elq SO4 2006 A,SO4,SO4,0.936440515327,0.936440515327,0.0,True,1,2.0,0.961
3elq SO4 2005 A,SO4,SO4,0.82490136002,0.82490136002,0.0,True,1,2.0,0.917
3elq SO4 2004 A,SO4,SO4,0.4949195561,0.4949195561,0.0,True,1,2.0,0.87
3elq SO4 2003 B,SO4,SO4,0.655150929793,0.655150929793,0.0,True,1,2.0,0.968
3elq SO4 2002 B,SO4,SO4,0.668512241567,0.668512241567,0.0,True,1,2.0,0.958
3elq SO4 2001 A,SO4,SO4,0.69715737153,0.69715737153,0.0,True,1,2.0,0.968
3eld SO4 294 A,SO4,SO4,0.958316443493,0.958316443493,0.0,True,1,1.89999997616,0.98
3ela FUC 216 L,SO4,FUC,0.697826657921,0.000449110166972,0.697377547754,False,96,2.20000004768,0.933
3el9 PO4 508 A,SO4,PO4,0.695829154452,0.0264553524903,0.669373801961,False,5,1.60000002384,0.815
3el9 PO4 507 B,SO4,PO4,0.565878171251,0.0310969042557,0.534781266996,False,4,1.60000002384,0.902
3el9 PO4 506 B,SO4,PO4,0.632876683675,0.0347660921591,0.598110591516,False,3,1.60000002384,0.927
3el9 PO4 502 A,SO4,PO4,0.656645896538,0.011847679363,0.644798217175,False,4,1.60000002384,0.83
3el6 SO4 289 A,SO4,SO4,0.371966645329,0.371966645329,0.0,True,1,1.89999997616,0.926
3el0 PO4 502 A,SO4,PO4,0.878332884868,0.00801193960838,0.87032094526,False,6,2.0,0.931
3el0 PO4 501 A,SO4,PO4,0.831654544382,0.015575950418,0.816078593964,False,3,2.0,0.882
3eky PO4 504 B,SO4,PO4,0.731301446687,0.181862970601,0.549438476086,False,2,1.79999995232,0.959
3eky PO4 503 B,SO4,PO4,0.783605245284,0.0482837083483,0.735321536935,False,2,1.79999995232,0.931
3eky PO4 501 A,SO4,PO4,0.682220397697,0.0943356962343,0.587884701462,False,2,1.79999995232,0.952
3ekw PO4 505 A,SO4,PO4,0.266233295088,0.00688414731212,0.259349147776,False,9,1.60000002384,0.91
3ekt PO4 504 D,SO4,PO4,0.707985849904,0.0743817565076,0.633604093396,False,3,1.79999995232,0.819
3ekt PO4 503 C,MES,PO4,0.391415769958,0.0662719694463,0.325143800512,False,4,1.79999995232,0.909
3ekt PO4 502 C,SO4,PO4,0.695084009837,0.0741655678034,0.620918442034,False,2,1.79999995232,0.88
3ekt PO4 501 D,SO4,PO4,0.54510401541,0.295779242967,0.249324772444,False,2,1.79999995232,0.94
3ekr PO4 902 B,SO4,PO4,0.589477576239,0.379414434555,0.210063141684,False,2,1.79999995232,0.966
3ekq PO4 502 A,DMS,PO4,0.47842417855,0.0136556429299,0.46476853562,False,5,2.20000004768,0.946
3ekq PO4 501 B,SO4,PO4,0.285919054321,0.0329154951616,0.25300355916,False,7,2.20000004768,0.925
3ekp PO4 505 B,SO4,PO4,0.460203525341,0.0415536227451,0.418649902596,False,5,2.20000004768,0.968
3ekp PO4 503 B,DMS,PO4,0.584896307907,0.0192502863727,0.565646021535,False,3,2.20000004768,0.966
3ekp PO4 502 B,SO4,PO4,0.813845884842,0.0750937179348,0.738752166907,False,2,2.20000004768,0.917
3ekp PO4 501 A,SO4,PO4,0.86005164581,0.0664090647734,0.793642581036,False,2,2.20000004768,0.953
3eko PO4 902 B,PO4,PO4,0.63838652787,0.63838652787,0.0,True,1,1.39999997616,0.97
3ekj CRO 224 A,NAG_NAG,CRO,0.258742400204,0.0224567169891,0.236285683215,False,8,2.09999990463,0.946
3ekh CRO 224 A,CRO,CRO,0.482388324405,0.482388324405,0.0,True,1,2.0,0.96
3ek1 SO4 484 H,SO4,SO4,0.694394583438,0.694394583438,0.0,True,1,2.09999990463,0.894
3ek1 SO4 484 G,SO4,SO4,0.935685740406,0.935685740406,0.0,True,1,2.09999990463,0.972
3ek1 SO4 484 F,SO4,SO4,0.926979269178,0.926979269178,0.0,True,1,2.09999990463,0.979
3ek1 SO4 484 E,SO4,SO4,0.640399035563,0.640399035563,0.0,True,1,2.09999990463,0.955
3ek1 SO4 484 D,SO4,SO4,0.865085485814,0.865085485814,0.0,True,1,2.09999990463,0.978
3ek1 SO4 484 C,SO4,SO4,0.887810158492,0.887810158492,0.0,True,1,2.09999990463,0.916
3ek1 SO4 484 B,SO4,SO4,0.873887119166,0.873887119166,0.0,True,1,2.09999990463,0.991
3ek1 SO4 484 A,SO4,SO4,0.836749182592,0.836749182592,0.0,True,1,2.09999990463,0.976
3ek1 MES 485 H,SO4,MES,0.205589316446,0.000830379484348,0.204758936962,False,29,2.09999990463,0.908
3ek1 MES 485 G,ACT,MES,0.206993398004,0.00168074270715,0.205312655297,False,30,2.09999990463,0.935
3ek1 MES 485 D,SO4,MES,0.495286197919,0.00849480654256,0.486791391376,False,11,2.09999990463,0.919
3ek1 MES 485 B,SO4,MES,0.377650743467,0.0140332959665,0.3636174475,False,8,2.09999990463,0.942
3ek1 MES 485 A,SO4,MES,0.553758979577,0.00936993980982,0.544389039767,False,7,2.09999990463,0.914
3eju MRD 1048 A,MPD,MRD,0.715117902981,0.0369851295595,0.678132773421,False,3,1.29999995232,0.923
3ejt MRD 1048 A,MPD,MRD,0.870568817433,0.0622401237475,0.808328693685,False,2,1.39999997616,0.886
3ejs MRD 1048 A,MPD,MRD,0.424856953116,0.106113819131,0.318743133985,False,2,1.39999997616,0.89
3ejr MRD 1048 A,GOL,MRD,0.731480297311,0.0148245119638,0.716655785348,False,4,1.29999995232,0.898
3ejq MRD 1048 A,MRD,MRD,0.247191759284,0.247191759284,0.0,True,1,1.5,0.889
3ejp MRD 1048 A,GOL,MRD,0.703310554859,0.0173998913417,0.685910663518,False,4,1.29999995232,0.919
3ejn PG4 1 A,P6G,PG4,0.0858564147275,0.00791302841716,0.0779433863103,False,22,1.5,0.936
3ejn FMT 6 A,FMT,FMT,0.596654449639,0.596654449639,0.0,True,1,1.5,0.982
3ejm GDP 202 B,ADP,GDP,0.315196974335,0.131598121003,0.183598853332,False,2,1.89999997616,0.954
3ejm GDP 201 A,GDP,GDP,0.572747601713,0.572747601713,0.0,True,1,1.89999997616,0.933
3ejl PO4 616 D,SO4,PO4,0.571654318029,0.261318973601,0.310335344428,False,2,2.79999995232,0.969
3ejl PO4 616 B,SO4,PO4,0.722673641151,0.155582519599,0.567091121552,False,2,2.79999995232,0.917
3ejl PO4 314 B,SO4,PO4,0.914151262558,0.031784044,0.882367218558,False,2,2.79999995232,0.953
3ejk CIT 175 A,GOL,CIT,0.30667176291,0.0121853203332,0.294486442577,False,6,2.0,0.954
3eji PO4 201 A,SO4,PO4,0.752643725957,0.133703115124,0.618940610834,False,2,1.89999997616,0.939
3eja SO4 4852 D,SO4,SO4,0.257031018753,0.257031018753,0.0,True,1,1.89999997616,0.706
3eja SO4 4851 A,EDO,SO4,0.450467527056,0.139557148018,0.310910379037,False,2,1.89999997616,0.867
3eja SO4 4850 D,SO4,SO4,0.462100313399,0.462100313399,0.0,True,1,1.89999997616,0.864
3eja SO4 4850 C,SO4,SO4,0.313169911568,0.313169911568,0.0,True,1,1.89999997616,0.833
3eja SO4 4850 B,SO4,SO4,0.522346475377,0.522346475377,0.0,True,1,1.89999997616,0.804
3eja SO4 4850 A,GOL,SO4,0.241000478653,0.121627249257,0.119373229395,False,4,1.89999997616,0.753
3eja SO4 4849 D,SO4,SO4,0.768831510912,0.768831510912,0.0,True,1,1.89999997616,0.92
3eja SO4 4849 C,SO4,SO4,0.846373873137,0.846373873137,0.0,True,1,1.89999997616,0.882
3eja SO4 4849 B,SO4,SO4,0.795998468905,0.795998468905,0.0,True,1,1.89999997616,0.94
3eja SO4 4849 A,SO4,SO4,0.667343971858,0.667343971858,0.0,True,1,1.89999997616,0.937
3ej7 SO4 76 A,SO4,SO4,0.950673425298,0.950673425298,0.0,True,1,1.89999997616,0.949
3ej3 PO4 71 J,SO4,PO4,0.522230707925,0.377036395237,0.145194312688,False,2,1.70000004768,0.961
3ej3 PO4 71 B,PO4,PO4,0.515654772311,0.515654772311,0.0,True,1,1.70000004768,0.987
3eiy PG4 180 A,GOL,PG4,0.429157134334,0.104478518182,0.324678616152,False,3,2.09999990463,0.882
3eis SO4 1004 D,EDO,SO4,0.35180439243,0.0301343673946,0.321670025036,False,5,2.0,0.808
3eis SO4 1003 C,SO4,SO4,0.34868627208,0.34868627208,0.0,True,1,2.0,0.9
3eis SO4 1002 C,PO4,SO4,0.47561926888,0.436099134939,0.0395201339412,False,2,2.0,0.961
3eis SO4 1001 B,SO4,SO4,0.888331383434,0.888331383434,0.0,True,1,2.0,0.908
3eis SO4 1000 A,SO4,SO4,0.785604631428,0.785604631428,0.0,True,1,2.0,0.929
3eis CME 148 B,CME,CME,0.175918749636,0.175918749636,0.0,True,1,2.0,0.878
3eis CME 148 A,NAG,CME,0.308023476716,0.0148906162783,0.293132860437,False,6,2.0,0.89
3ein GSH 210 A,GSH,GSH,0.7880210962,0.7880210962,0.0,True,1,1.10000002384,0.966
3eih AGS 501 A,ADP_MG,AGS,0.288690742897,0.180078113605,0.108612629292,False,2,3.20000004768,0.942
3eig SO4 208 A,SO4,SO4,0.745501265786,0.745501265786,0.0,True,1,1.70000004768,0.935
3eig SO4 204 A,SO4,SO4,0.630275451522,0.630275451522,0.0,True,1,1.70000004768,0.796
3eig SO4 202 A,SO4,SO4,0.788704132966,0.788704132966,0.0,True,1,1.70000004768,0.949
3eig SO4 201 A,SO4,SO4,0.821854524359,0.821854524359,0.0,True,1,1.70000004768,0.988
3eif SO4 6 A,SO4,SO4,0.859369117078,0.859369117078,0.0,True,1,1.89999997616,0.913
3eif SO4 5 A,SO4,SO4,0.731228521476,0.731228521476,0.0,True,1,1.89999997616,0.983
3eif SO4 4 A,SO4,SO4,0.595868391579,0.595868391579,0.0,True,1,1.89999997616,0.836
3eif SO4 3 A,SO4,SO4,0.848569714734,0.848569714734,0.0,True,1,1.89999997616,0.977
3eif SO4 2 A,SO4,SO4,0.917468256349,0.917468256349,0.0,True,1,1.89999997616,0.984
3eif SO4 1034 A,SO4,SO4,0.516478450533,0.516478450533,0.0,True,1,1.89999997616,0.917
3eif EPE 1035 A,NHE,EPE,0.444002524884,0.0673790619547,0.376623462929,False,3,1.89999997616,0.953
3eie SO4 602 A,SO4,SO4,0.619834573364,0.619834573364,0.0,True,1,2.70000004768,0.962
3eie SO4 601 A,SO4,SO4,0.911534660055,0.911534660055,0.0,True,1,2.70000004768,0.944
3eib SO4 436 B,SO4,SO4,0.786289686069,0.786289686069,0.0,True,1,1.79999995232,0.948
3eib SO4 435 B,SO4,SO4,0.887955640277,0.887955640277,0.0,True,1,1.79999995232,0.843
3eib SO4 435 A,SO4,SO4,0.627264971825,0.627264971825,0.0,True,1,1.79999995232,0.862
3eib SO4 434 B,SO4,SO4,0.26269541938,0.26269541938,0.0,True,1,1.79999995232,0.935
3eib SO4 434 A,SO4,SO4,0.839284747867,0.839284747867,0.0,True,1,1.79999995232,0.97
3eia SO4 433 A,SO4,SO4,0.514685226208,0.514685226208,0.0,True,1,1.79999995232,0.76
3ei9 SO4 438 A,SO4,SO4,0.829371442889,0.829371442889,0.0,True,1,1.5,0.832
3ei9 SO4 437 B,SO4,SO4,0.832982559152,0.832982559152,0.0,True,1,1.5,0.908
3ei9 SO4 437 A,SO4,SO4,0.95934609757,0.95934609757,0.0,True,1,1.5,0.942
3ei8 SO4 434 B,SO4,SO4,0.904767647192,0.904767647192,0.0,True,1,1.60000002384,0.948
3ei8 SO4 434 A,SO4,SO4,0.788406783368,0.788406783368,0.0,True,1,1.60000002384,0.889
3ei7 SO4 433 B,SO4,SO4,0.925395964496,0.925395964496,0.0,True,1,2.0,0.954
3ei7 SO4 433 A,SO4,SO4,0.752972954333,0.752972954333,0.0,True,1,2.0,0.852
3ei6 SO4 436 B,GOL,SO4,0.335704365262,0.0795043244735,0.256200040788,False,4,1.89999997616,0.884
3ei6 SO4 434 B,SO4,SO4,0.6357983824,0.6357983824,0.0,True,1,1.89999997616,0.941
3ei6 SO4 433 A,GOL,SO4,0.28616892797,0.284580161243,0.00158876672698,False,2,1.89999997616,0.887
3ei5 SO4 435 B,SO4,SO4,0.750412819447,0.750412819447,0.0,True,1,2.0,0.96
3ei5 SO4 435 A,SO4,SO4,0.666516338506,0.666516338506,0.0,True,1,2.0,0.971
3ei3 PG4 1141 A,GOL,PG4,0.31995686945,0.0045360928675,0.315420776583,False,18,2.29999995232,0.891
3ei2 PG4 1141 A,PG4,PG4,0.365688326214,0.365688326214,0.0,True,1,2.59999990463,0.915
3ei2 3DR 9 G,SEP,3DR,0.631919739409,0.00127552845489,0.630644210954,False,23,2.59999990463,0.955
3ei1 PG4 1141 A,SO4,PG4,0.154915494518,0.0137012583047,0.141214236214,False,15,2.79999995232,0.882
3ehi SO4 317 X,SO4,SO4,0.914370519556,0.914370519556,0.0,True,1,2.0,0.979
3ehi SO4 316 X,SO4,SO4,0.814579936262,0.814579936262,0.0,True,1,2.0,0.971
3ehi CME 180 X,CSO,CME,0.762622347074,0.067665327363,0.694957019711,False,2,2.0,0.931
3ehg ATP 1 A,ANP_MG,ATP_MG,0.321695262775,0.200589205524,0.121106057252,False,3,1.70000004768,0.977
3ehc SO4 130 C,SO4,SO4,0.760226588151,0.760226588151,0.0,True,1,2.09999990463,0.906
3ehc SO4 130 A,GOL,SO4,0.534653439772,0.245077192393,0.289576247379,False,2,2.09999990463,0.935
3ehc SO4 129 C,SO4,SO4,0.67151250029,0.67151250029,0.0,True,1,2.09999990463,0.949
3ehc SO4 129 A,SO4,SO4,0.614735965401,0.614735965401,0.0,True,1,2.09999990463,0.942
3ehc SO4 128 D,EDO,SO4,0.619999080475,0.00320506958087,0.616794010894,False,17,2.09999990463,0.919
3ehc SO4 128 C,SO4,SO4,0.926057832782,0.926057832782,0.0,True,1,2.09999990463,0.957
3ehc SO4 128 B,GOL,SO4,0.551405500678,0.0818584653072,0.469547035371,False,3,2.09999990463,0.836
3ehc SO4 128 A,SO4,SO4,0.736768008076,0.736768008076,0.0,True,1,2.09999990463,0.916
3eha ANP 1 A,ADP_MG,ANP,0.294798337944,0.136759779916,0.158038558028,False,2,1.60000002384,0.975
3eh9 SO4 297 A,SO4,SO4,0.576700466783,0.576700466783,0.0,True,1,1.70000004768,0.93
3eh9 SO4 296 A,SO4,SO4,0.729237403408,0.729237403408,0.0,True,1,1.70000004768,0.886
3egy SO4 417 X,SO4,SO4,0.789644944104,0.789644944104,0.0,True,1,2.20000004768,0.974
3egy SO4 416 X,SO4,SO4,0.829999183617,0.829999183617,0.0,True,1,2.20000004768,0.981
3egy CME 43 X,CME,CME,0.613707685989,0.613707685989,0.0,True,1,2.20000004768,0.955
3egy CME 199 X,CME,CME,0.723038443342,0.723038443342,0.0,True,1,2.20000004768,0.952
3egw SF4 804 B,SF4,SF4,0.987763375192,0.987763375192,0.0,True,1,1.89999997616,0.995
3egw SF4 803 B,SF4,SF4,0.97722753661,0.97722753661,0.0,True,1,1.89999997616,0.997
3egw SF4 1248 A,SF4,SF4,0.98527389029,0.98527389029,0.0,True,1,1.89999997616,0.996
3egv SAH 301 A,SAH,SAH,0.931186268638,0.931186268638,0.0,True,1,1.70000004768,0.965
3egu SO4 200 A,SO4,SO4,0.601656198018,0.601656198018,0.0,True,1,2.29999995232,0.928
3egr SCN 96 B,EDO,SCN,0.216754543816,0.0100462382317,0.206708305584,False,15,2.70000004768,0.966
3egr SCN 96 A,GOL,SCN,0.409912268432,0.00684465624496,0.403067612187,False,12,2.70000004768,0.942
3egl FMT 276 C,SO4,FMT,0.416434180111,0.0288516270442,0.387582553066,False,7,2.40000009537,0.936
3egj SO4 404 B,SO4,SO4,0.75164015341,0.75164015341,0.0,True,1,2.90000009537,0.961
3egj SO4 403 A,SO4,SO4,0.939664179998,0.939664179998,0.0,True,1,2.90000009537,0.971
3egg MES 405 B,GOL,MES,0.359087868602,0.00131600214245,0.35777186646,False,39,1.89999997616,0.831
3eg6 SO4 6578 A,EDO,SO4,0.193042636821,0.120104513097,0.0729381237239,False,2,1.70000004768,0.759
3eg6 SO4 6577 A,ACT,SO4,0.210748084189,0.071693472433,0.139054611756,False,4,1.70000004768,0.814
3eg6 SO4 6576 A,SO4,SO4,0.62675749431,0.62675749431,0.0,True,1,1.70000004768,0.916
3eg1 SO4 2 A,SO4,SO4,0.81505277449,0.81505277449,0.0,True,1,1.89999997616,0.957
3eg1 SO4 1 B,SO4,SO4,0.442324667182,0.442324667182,0.0,True,1,1.89999997616,0.907
3efx FUC 205 K,PEG,FUC,0.389849144194,0.00196822207188,0.387880922122,False,37,1.89999997616,0.855
3efx FUC 203 M,GAL,FUC,0.436245850056,0.0283617555083,0.407884094548,False,5,1.89999997616,0.954
3efx FUC 203 L,MAN,FUC,0.511779970912,0.0392114690672,0.472568501845,False,3,1.89999997616,0.957
3efx FUC 203 K,FUC,FUC,0.148318138053,0.148318138053,0.0,True,1,1.89999997616,0.897
3efx FUC 203 F,NAG,FUC,0.35355165181,0.00731295647488,0.346238695335,False,14,1.89999997616,0.887
3efx BGC 204 M,MAN,BGC,0.172014235975,0.00657125617464,0.165442979801,False,18,1.89999997616,0.844
3efx BGC 204 L,GOL,BGC,0.418224284954,0.000377876627403,0.417846408327,False,185,1.89999997616,0.818
3efx BGC 204 F,XYP,BGC,0.104879895254,0.018748813585,0.0861310816688,False,10,1.89999997616,0.902
3efw SO4 405 B,SO4,SO4,0.746077874055,0.746077874055,0.0,True,1,2.29999995232,0.971
3efw SO4 405 A,SO4,SO4,0.650106614447,0.650106614447,0.0,True,1,2.29999995232,0.917
3efs SO4 2003 A,SO4,SO4,0.831725128247,0.831725128247,0.0,True,1,2.29999995232,0.919
3efs SO4 2002 B,SO4,SO4,0.901874053758,0.901874053758,0.0,True,1,2.29999995232,0.878
3efs SO4 2002 A,SO4,SO4,0.268114930818,0.268114930818,0.0,True,1,2.29999995232,0.775
3efs ATP 1001 B,MES,ATP,0.136682188022,0.00306344836579,0.133618739656,False,56,2.29999995232,0.842
3efs ATP 1001 A,ADP,ATP,0.203094781613,0.0417773678668,0.161317413746,False,2,2.29999995232,0.902
3efr SO4 1004 A,SO4,SO4,0.859441987757,0.859441987757,0.0,True,1,2.59999990463,0.953
3efr SO4 1003 A,SO4,SO4,0.755209836128,0.755209836128,0.0,True,1,2.59999990463,0.922
3efr SO4 1002 B,SO4,SO4,0.799548923928,0.799548923928,0.0,True,1,2.59999990463,0.957
3efr SO4 1002 A,SO4,SO4,0.659054622153,0.659054622153,0.0,True,1,2.59999990463,0.94
3efp TRS 207 B,SO4,TRS,0.451445295601,0.00151316613757,0.449932129464,False,16,2.0,0.659
3efp TRS 207 A,GOL,TRS,0.793477834697,0.00444437240016,0.789033462297,False,6,2.0,0.845
3efm SO4 654 A,SO4,SO4,0.699931836471,0.699931836471,0.0,True,1,2.29999995232,0.961
3efm SO4 653 A,SO4,SO4,0.902225548258,0.902225548258,0.0,True,1,2.29999995232,0.957
3efh SO4 329 B,SO4,SO4,0.699095078931,0.699095078931,0.0,True,1,2.59999990463,0.978
3efh SO4 329 A,EDO,SO4,0.265848377892,0.10022173544,0.165626642451,False,3,2.59999990463,0.88
3efh SO4 328 B,SO4,SO4,0.720323116686,0.720323116686,0.0,True,1,2.59999990463,0.977
3efh SO4 328 A,SO4,SO4,0.744598235125,0.744598235125,0.0,True,1,2.59999990463,0.989
3efh SO4 327 B,SO4,SO4,0.570612762594,0.570612762594,0.0,True,1,2.59999990463,0.974
3efh SO4 327 A,SO4,SO4,0.491887642772,0.491887642772,0.0,True,1,2.59999990463,0.978
3efa FMT 204 A,EDO,FMT,0.516478602319,0.0759978869507,0.440480715369,False,3,2.40000009537,0.829
3efa FMT 203 A,FMT,FMT,0.246819883872,0.246819883872,0.0,True,1,2.40000009537,0.926
3efa FMT 202 A,EDO,FMT,0.439465129605,0.0307984123262,0.408666717279,False,6,2.40000009537,0.941
3efa FMT 201 A,GOL,FMT,0.414136426546,0.0206726386034,0.393463787943,False,7,2.40000009537,0.79
3ef9 SO4 316 A,SO4_SO4,SO4_SO4,0.419878544259,0.419878544259,0.0,True,1,3.0,0.972
3ef6 SO4 4121 A,SO4,SO4,0.553851167296,0.553851167296,0.0,True,1,1.79999995232,0.935
3ef6 SO4 4120 A,SO4,SO4,0.897613710854,0.897613710854,0.0,True,1,1.79999995232,0.927
3ef4 PO4 405 C,EDO,PO4,0.931851671779,0.00701258077626,0.924839091003,False,4,1.20000004768,0.879
3ef4 PO4 405 B,SO4,PO4,0.782224645624,0.0178349444932,0.764389701131,False,4,1.20000004768,0.943
3ef4 PO4 405 A,SO4,PO4,0.470728416199,0.288430045594,0.182298370605,False,2,1.20000004768,0.942
3ef4 PO4 403 A,SO4,PO4,0.742290526625,0.106935819918,0.635354706708,False,2,1.20000004768,0.953
3ef4 PO4 402 B,SO4,PO4,0.751349344414,0.144065700978,0.607283643435,False,2,1.20000004768,0.972
3ef4 PO4 402 A,SO4,PO4,0.967167210766,0.0204027144468,0.946764496319,False,2,1.20000004768,0.985
3ef2 OCS 215 A,OCS,OCS,0.720374425587,0.720374425587,0.0,True,1,1.79999995232,0.959
3eey SO4 303 A,SO4,SO4,0.74508151332,0.74508151332,0.0,True,1,2.20000004768,0.899
3eey SO4 301 C,SO4,SO4,0.947465448113,0.947465448113,0.0,True,1,2.20000004768,0.953
3eey SO4 301 B,SO4,SO4,0.240185488408,0.240185488408,0.0,True,1,2.20000004768,0.896
3eey SO4 301 A,SO4,SO4,0.912987902037,0.912987902037,0.0,True,1,2.20000004768,0.958
3eey SAM 300 J,SEP,SAM,0.213280847651,0.00862300139837,0.204657846253,False,14,2.20000004768,0.769
3eey SAM 300 I,GOL,SAM,0.169382999365,0.00114823926315,0.168234760102,False,166,2.20000004768,0.872
3eey SAM 300 H,AMP,SAM,0.103503314951,0.0064729999091,0.0970303150424,False,23,2.20000004768,0.871
3eey SAM 300 F,SAH,SAM,0.292795522023,0.0151456034504,0.277649918573,False,8,2.20000004768,0.896
3eey SAM 300 E,GOL,SAM,0.322943294911,0.00255003993352,0.320393254977,False,43,2.20000004768,0.861
3eey SAM 300 D,DMU,SAM,0.18874211282,0.0459134721798,0.14282864064,False,4,2.20000004768,0.903
3eey SAM 300 C,SAH,SAM,0.149719375193,0.0564314851117,0.093287890081,False,3,2.20000004768,0.891
3eey SAM 300 B,ADN,SAM,0.154104507039,0.0393674537091,0.11473705333,False,6,2.20000004768,0.929
3eey SAM 300 A,SAH,SAM,0.0572555339384,0.0484707985016,0.00878473543677,False,2,2.20000004768,0.963
3eer ACT 1007 A,ZN,ACT_ZN,0.40043016247,0.209650055667,0.190780106804,False,2,1.39999997616,0.972
3eer ACT 1004 A,FES,ACT_ZN,0.120544213136,0.0845527271929,0.0359914859434,False,2,1.39999997616,0.987
3eer ACT 1002 A,ZN,ACT_ZN,0.211783901382,0.0854357380514,0.126348163331,False,2,1.39999997616,0.987
3eeq SO4 6 B,GOL,SO4,0.100028291319,0.020073897045,0.0799543942744,False,7,2.29999995232,0.943
3eeq SO4 5 A,SO4,SO4,0.372750649559,0.372750649559,0.0,True,1,2.29999995232,0.902
3eeq SO4 4 B,SO4,SO4,0.476199109365,0.476199109365,0.0,True,1,2.29999995232,0.883
3eeq SO4 3 A,GOL,SO4,0.257071289106,0.240620846784,0.0164504423218,False,2,2.29999995232,0.886
3eeq SO4 2 A,SO4,SO4,0.882319392402,0.882319392402,0.0,True,1,2.29999995232,0.977
3eeq SO4 1 A,SO4,SO4,0.765233045491,0.765233045491,0.0,True,1,2.29999995232,0.978
3eee SO4 496 B,GOL,SO4,0.490120752158,0.0262099603074,0.463910791851,False,5,2.09999990463,0.864
3eee SO4 494 A,GOL,SO4,0.295821405983,0.0940597040169,0.201761701966,False,3,2.09999990463,0.856
3eed SO4 196 A,SO4,SO4,0.926349735431,0.926349735431,0.0,True,1,2.79999995232,0.956
3eed SO4 195 B,SO4,SO4,0.428783491643,0.428783491643,0.0,True,1,2.79999995232,0.823
3eed SO4 195 A,SO4,SO4,0.528633024602,0.528633024602,0.0,True,1,2.79999995232,0.669
3ee9 SO4 2 B,SO4,SO4,0.905778342437,0.905778342437,0.0,True,1,2.09999990463,0.948
3ee9 SO4 1 A,SO4,SO4,0.809264607295,0.809264607295,0.0,True,1,2.09999990463,0.942
3ee7 PO4 124 A,SO4,PO4,0.53477146651,0.0730386802365,0.461732786274,False,3,2.59999990463,0.974
3ee7 PO4 123 D,SO4,PO4,0.723857641104,0.232315760827,0.491541880276,False,2,2.59999990463,0.975
3ee7 PO4 122 D,SO4,PO4,0.837731001847,0.13933713223,0.698393869617,False,2,2.59999990463,0.994
3ee7 PO4 122 C,SO4,PO4,0.25017677289,0.00198409461403,0.248192678276,False,26,2.59999990463,0.894
3ee7 PO4 122 B,SO4,PO4,0.788476140224,0.187160661922,0.601315478301,False,2,2.59999990463,0.988
3ee7 PO4 122 A,SO4,PO4,0.70599971066,0.256956245643,0.449043465018,False,2,2.59999990463,0.983
3ee6 SO4 582 B,SO4,SO4,0.770981774677,0.770981774677,0.0,True,1,2.40000009537,0.841
3ee6 SO4 582 A,SO4,SO4,0.572567708427,0.572567708427,0.0,True,1,2.40000009537,0.843
3ee5 SO4 614 B,EDO,SO4,0.343187380004,0.0945672135822,0.248620166422,False,3,2.20000004768,0.762
3ee5 SO4 613 B,SO4,SO4,0.796655307571,0.796655307571,0.0,True,1,2.20000004768,0.922
3ee5 SO4 612 C,SO4,SO4,0.341628379253,0.341628379253,0.0,True,1,2.20000004768,0.954
3ee5 SO4 611 B,SO4,SO4,0.28837064701,0.28837064701,0.0,True,1,2.20000004768,0.889
3ee5 SO4 609 A,SO4,SO4,0.398215997123,0.398215997123,0.0,True,1,2.20000004768,0.879
3ee5 SO4 608 C,SO4,SO4,0.795612944886,0.795612944886,0.0,True,1,2.20000004768,0.921
3ee5 SO4 607 A,SO4,SO4,0.410707053407,0.410707053407,0.0,True,1,2.20000004768,0.789
3ee5 SO4 606 B,SO4,SO4,0.440769583439,0.440769583439,0.0,True,1,2.20000004768,0.923
3ee5 SO4 605 B,SO4,SO4,0.916262050092,0.916262050092,0.0,True,1,2.20000004768,0.972
3ee5 SO4 604 A,SO4,SO4,0.821850694887,0.821850694887,0.0,True,1,2.20000004768,0.915
3ee5 SO4 603 B,SO4,SO4,0.472024864551,0.472024864551,0.0,True,1,2.20000004768,0.925
3ee5 SO4 602 A,SO4,SO4,0.571754229798,0.571754229798,0.0,True,1,2.20000004768,0.945
3ee5 SO4 601 B,SO4,SO4,0.961439305137,0.961439305137,0.0,True,1,2.20000004768,0.969
3ee2 GSH 200 A,GOL,GSH,0.212995892578,0.00634673508374,0.206649157494,False,15,1.89999997616,0.917
3edz CIT 4 A,GSH,CIT,0.142638663471,0.00956524394877,0.133073419522,False,14,1.89999997616,0.9
3edz CIT 3 B,SO4,CIT,0.272206704378,0.0691180121793,0.203088692198,False,3,1.89999997616,0.945
3edw SO4 318 X,SO4,SO4,0.829001555347,0.829001555347,0.0,True,1,1.89999997616,0.937
3edw SO4 317 X,SO4,SO4,0.675963208753,0.675963208753,0.0,True,1,1.89999997616,0.921
3edw SO4 315 X,SO4,SO4,0.625397161516,0.625397161516,0.0,True,1,1.89999997616,0.9
3edn SO4 305 B,SO4,SO4,0.393257123651,0.393257123651,0.0,True,1,1.5,0.843
3edn SO4 305 A,SO4,SO4,0.640511252217,0.640511252217,0.0,True,1,1.5,0.931
3edn SO4 304 A,SO4,SO4,0.340033604556,0.340033604556,0.0,True,1,1.5,0.905
3edn SO4 303 B,SO4,SO4,0.71563718352,0.71563718352,0.0,True,1,1.5,0.88
3edn SO4 303 A,SO4,SO4,0.678020943871,0.678020943871,0.0,True,1,1.5,0.926
3edn SO4 302 B,SO4,SO4,0.721282979047,0.721282979047,0.0,True,1,1.5,0.956
3edn SO4 302 A,SO4,SO4,0.879342825338,0.879342825338,0.0,True,1,1.5,0.928
3edn SO4 301 B,SO4,SO4,0.863594070391,0.863594070391,0.0,True,1,1.5,0.917
3edn SO4 301 A,SO4,SO4,0.946266379155,0.946266379155,0.0,True,1,1.5,0.927
3edn SO4 300 B,SO4,SO4,0.976743531201,0.976743531201,0.0,True,1,1.5,0.968
3edn SO4 300 A,SO4,SO4,0.984348218634,0.984348218634,0.0,True,1,1.5,0.99
3edi SO4 214 A,SO4,SO4,0.790166714262,0.790166714262,0.0,True,1,1.39999997616,0.943
3edi SO4 213 A,SO4,SO4,0.819650241855,0.819650241855,0.0,True,1,1.39999997616,0.962
3edi SO4 212 A,SO4,SO4,0.863132886392,0.863132886392,0.0,True,1,1.39999997616,0.985
3edb SO4 156 A,SO4,SO4,0.991906686481,0.991906686481,0.0,True,1,1.20000004768,0.997
3eda SO4 156 A,SO4,SO4,0.967909808064,0.967909808064,0.0,True,1,1.20000004768,0.996
3ed9 SO4 156 A,SO4,SO4,0.990638324643,0.990638324643,0.0,True,1,1.20000004768,0.995
3ed7 SO4 317 A,SO4,SO4,0.92706537451,0.92706537451,0.0,True,1,1.60000002384,0.968
3ed7 SO4 316 A,SO4,SO4,0.867902262477,0.867902262477,0.0,True,1,1.60000002384,0.974
3ed7 SO4 315 A,SO4,SO4,0.885645066831,0.885645066831,0.0,True,1,1.60000002384,0.918
3ed5 FMT 244 A,GOL,FMT,0.753579978879,0.00136952251307,0.752210456366,False,17,1.70000004768,0.93
3ed5 FMT 243 A,FMT,FMT,0.964490467537,0.964490467537,0.0,True,1,1.70000004768,0.881
3ed5 FMT 242 A,EDO,FMT,0.502885019557,0.173079956652,0.329805062906,False,2,1.70000004768,0.919
3ed5 FMT 241 A,GOL,FMT,0.270529309644,0.0114601336576,0.259069175986,False,10,1.70000004768,0.756
3ed5 FMT 238 A,GOL,FMT,0.467243955902,0.00691323604794,0.460330719854,False,4,1.70000004768,0.84
3ed5 FMT 237 A,FMT,FMT,0.703773021953,0.703773021953,0.0,True,1,1.70000004768,0.96
3ed5 FMT 236 A,FMT,FMT,0.448335285242,0.448335285242,0.0,True,1,1.70000004768,0.987
3ed4 SO4 520 A,SO4,SO4,0.899683549341,0.899683549341,0.0,True,1,1.70000004768,0.961
3ed4 SO4 4 D,SO4,SO4,0.761576666668,0.761576666668,0.0,True,1,1.70000004768,0.952
3ed4 SO4 3 C,SO4,SO4,0.582007930298,0.582007930298,0.0,True,1,1.70000004768,0.978
3ed4 SO4 2 B,SO4,SO4,0.961805153148,0.961805153148,0.0,True,1,1.70000004768,0.978
3ed1 PO4 701 E,SO4,PO4,0.372409090619,0.0999508510669,0.272458239552,False,3,1.89999997616,0.878
3ed1 PO4 701 B,SO4,PO4,0.390265360198,0.0869788728143,0.303286487383,False,4,1.89999997616,0.843
3ed1 NO3 604 C,ACT,NO3,0.443985657016,0.211248862271,0.232736794745,False,2,1.89999997616,0.915
3ed1 NO3 604 B,SO4,NO3,0.488480083531,0.0311618800008,0.45731820353,False,6,1.89999997616,0.921
3ed1 NO3 603 F,EDO,NO3,0.439582581947,0.00852509929305,0.431057482654,False,10,1.89999997616,0.924
3ed1 NO3 603 D,SO4,NO3,0.487796494628,0.0020930355572,0.485703459071,False,17,1.89999997616,0.943
3ed1 NO3 603 A,ACT,NO3,0.315512379966,0.0166154634964,0.298896916469,False,8,1.89999997616,0.922
3ed1 NO3 602 F,ACT,NO3,0.345703757808,0.0759966390419,0.269707118766,False,4,1.89999997616,0.914
3ed1 NO3 602 C,EDO,NO3,0.20884292259,0.0349287248665,0.173914197723,False,7,1.89999997616,0.895
3ed1 NO3 602 B,ACT,NO3,0.462984329396,0.0224978928908,0.440486436505,False,5,1.89999997616,0.945
3ed1 NO3 602 A,SO4,NO3,0.139158531097,0.0120473979156,0.127111133181,False,12,1.89999997616,0.773
3ed1 NO3 601 D,EDO,NO3,0.61305252976,0.00380426697098,0.609248262789,False,13,1.89999997616,0.832
3ed1 NO3 601 B,SO4,NO3,0.41213447876,0.010069271188,0.402065207572,False,9,1.89999997616,0.872
3ed1 NO3 601 A,GOL,NO3,0.359972397871,0.0160358111682,0.343936586703,False,7,1.89999997616,0.864
3ecz SO4 156 A,SO4,SO4,0.991611434552,0.991611434552,0.0,True,1,1.20000004768,0.997
3ecx SO4 156 A,SO4,SO4,0.989921981204,0.989921981204,0.0,True,1,1.20000004768,0.996
3ecs SO4 510 F,SO4,SO4,0.738582045935,0.738582045935,0.0,True,1,2.59999990463,0.974
3ecs SO4 509 A,SO4,SO4,0.618571817732,0.618571817732,0.0,True,1,2.59999990463,0.956
3ecs SO4 508 H,SO4,SO4,0.559944346646,0.559944346646,0.0,True,1,2.59999990463,0.977
3ecs SO4 507 G,SO4,SO4,0.807687502475,0.807687502475,0.0,True,1,2.59999990463,0.969
3ecs SO4 506 F,SO4,SO4,0.891671116917,0.891671116917,0.0,True,1,2.59999990463,0.982
3ecs SO4 505 E,SO4,SO4,0.869488440813,0.869488440813,0.0,True,1,2.59999990463,0.986
3ecs SO4 504 D,SO4,SO4,0.766164076262,0.766164076262,0.0,True,1,2.59999990463,0.984
3ecs SO4 503 C,SO4,SO4,0.908698265814,0.908698265814,0.0,True,1,2.59999990463,0.984
3ecs SO4 502 B,SO4,SO4,0.617752204518,0.617752204518,0.0,True,1,2.59999990463,0.984
3ecs SO4 501 A,SO4,SO4,0.741688322502,0.741688322502,0.0,True,1,2.59999990463,0.97
3ecl SO4 157 A,SO4,SO4,0.979451996192,0.979451996192,0.0,True,1,1.20000004768,0.991
3ecl SO4 156 A,SO4,SO4,0.987411421976,0.987411421976,0.0,True,1,1.20000004768,0.995
3ecf SO4 201 C,SO4,SO4,0.774065691306,0.774065691306,0.0,True,1,1.89999997616,0.95
3ecf SO4 201 B,SO4,SO4,0.826993641408,0.826993641408,0.0,True,1,1.89999997616,0.939
3ec7 EPE 401 H,EPE,EPE,0.75768286405,0.75768286405,0.0,True,1,2.09999990463,0.932
3ec7 EPE 401 G,EPE,EPE,0.702014496263,0.702014496263,0.0,True,1,2.09999990463,0.934
3ec7 EPE 401 F,EPE,EPE,0.672097634489,0.672097634489,0.0,True,1,2.09999990463,0.94
3ec7 EPE 401 E,EPE,EPE,0.281528033864,0.281528033864,0.0,True,1,2.09999990463,0.967
3ec7 EPE 401 D,EPE,EPE,0.575910333629,0.575910333629,0.0,True,1,2.09999990463,0.96
3ec7 EPE 401 C,EPE,EPE,0.808335928417,0.808335928417,0.0,True,1,2.09999990463,0.956
3ec7 EPE 401 B,EPE,EPE,0.691849947018,0.691849947018,0.0,True,1,2.09999990463,0.947
3ec7 EPE 401 A,PTR,EPE,0.27511982676,0.205931721503,0.069188105257,False,2,2.09999990463,0.95
3ec6 SO4 140 A,SO4,SO4,0.842270115165,0.842270115165,0.0,True,1,1.60000002384,0.84
3ec5 PG4 2 A,1PE,PG4,0.758480551021,0.100025702652,0.65845484837,False,2,1.70000004768,0.886
3ec5 PG4 1 A,1PE,PG4,0.485345609362,0.129606314143,0.355739295219,False,3,1.70000004768,0.853
3ec1 GDP 900 B,ADP,GDP,0.369516496522,0.11766999437,0.251846502152,False,3,2.40000009537,0.928
3ec1 GDP 900 A,ADP,GDP,0.480105100466,0.0189147756386,0.461190324827,False,5,2.40000009537,0.891
3ebx SO4 63 A,SO4,SO4,0.662533491484,0.662533491484,0.0,True,1,1.39999997616,0.619
3ebv SO4 303 A,SO4,SO4,0.714578053344,0.714578053344,0.0,True,1,1.5,0.98
3ebu SO4 317 A,SO4,SO4,0.795114726331,0.795114726331,0.0,True,1,2.09999990463,0.961
3ebu SO4 316 A,SO4,SO4,0.851825097682,0.851825097682,0.0,True,1,2.09999990463,0.984
3ebu SO4 315 A,SO4,SO4,0.862886144073,0.862886144073,0.0,True,1,2.09999990463,0.946
3ebu CME 43 A,CME,CME,0.670517375519,0.670517375519,0.0,True,1,2.09999990463,0.896
3ebu CME 195 A,CSO,CME,0.360682312113,0.0441452094569,0.316537102656,False,5,2.09999990463,0.944
3ebu CME 180 A,CME,CME,0.611226107656,0.611226107656,0.0,True,1,2.09999990463,0.969
3ebl PO4 701 E,SO4,PO4,0.310879435897,0.0791420815993,0.231737354298,False,4,1.89999997616,0.951
3ebl PO4 701 B,SO4,PO4,0.401777496776,0.115292863486,0.28648463329,False,3,1.89999997616,0.841
3ebl NO3 604 C,ACT,NO3,0.309686248795,0.0979309083262,0.211755340468,False,2,1.89999997616,0.919
3ebl NO3 604 B,EDO,NO3,0.394284102464,0.0192655949252,0.375018507539,False,7,1.89999997616,0.97
3ebl NO3 604 A,EDO,NO3,0.294647253147,0.0571991372984,0.237448115849,False,6,1.89999997616,0.881
3ebl NO3 603 D,SO4,NO3,0.496086441243,0.00166543055247,0.49442101069,False,21,1.89999997616,0.955
3ebl NO3 603 C,GOL,NO3,0.468045407135,0.000349533790748,0.467695873345,False,199,1.89999997616,0.877
3ebl NO3 603 A,GOL,NO3,0.400865294426,0.00514114922274,0.395724145203,False,10,1.89999997616,0.899
3ebl NO3 602 F,ACT,NO3,0.519564619846,0.0421582695605,0.477406350286,False,4,1.89999997616,0.929
3ebl NO3 602 C,SO4,NO3,0.170099114806,0.0628255038798,0.107273610926,False,5,1.89999997616,0.89
3ebl NO3 602 B,EDO,NO3,0.361838527875,0.00532241660217,0.356516111273,False,10,1.89999997616,0.9
3ebl NO3 602 A,NO3,NO3,0.243982978477,0.243982978477,0.0,True,1,1.89999997616,0.829
3ebl NO3 601 F,EDO,NO3,0.53469384463,0.00149469551708,0.533199149113,False,20,1.89999997616,0.87
3ebl NO3 601 D,SO4,NO3,0.271921458215,0.00245062681972,0.269470831395,False,12,1.89999997616,0.9
3ebl NO3 601 C,EDO,NO3,0.350798866584,0.00728115219322,0.343517714391,False,9,1.89999997616,0.85
3ebl NO3 601 B,SO4,NO3,0.440202760704,0.00132905178993,0.438873708914,False,16,1.89999997616,0.895
3ebl NO3 601 A,SO4,NO3,0.293767146181,0.00148471910265,0.292282427079,False,19,1.89999997616,0.865
3ebf SO4 3004 B,SO4,SO4,0.511957791702,0.511957791702,0.0,True,1,2.29999995232,0.856
3ebf SO4 3004 A,SO4,SO4,0.604697801808,0.604697801808,0.0,True,1,2.29999995232,0.787
3ebf SO4 3003 B,SO4,SO4,0.752133546418,0.752133546418,0.0,True,1,2.29999995232,0.93
3ebf SO4 3003 A,SO4,SO4,0.60312437673,0.60312437673,0.0,True,1,2.29999995232,0.798
3ebf HEM 901 A,H4B_HEM,H4B_HEM,0.939849270421,0.939849270421,0.0,True,1,2.29999995232,0.976
3ebd SO4 3004 B,SO4,SO4,0.821805344728,0.821805344728,0.0,True,1,2.40000009537,0.904
3ebd SO4 3004 A,SO4,SO4,0.645784209119,0.645784209119,0.0,True,1,2.40000009537,0.907
3ebd SO4 3003 B,SO4,SO4,0.555106825154,0.555106825154,0.0,True,1,2.40000009537,0.881
3eba SO4 132 A,SO4,SO4,0.568626813482,0.568626813482,0.0,True,1,1.89999997616,0.921
3eba SO4 131 B,SO4,SO4,0.604704535509,0.604704535509,0.0,True,1,1.89999997616,0.935
3eba SO4 131 A,SO4,SO4,0.513690888049,0.513690888049,0.0,True,1,1.89999997616,0.978
3eba SO4 130 A,SO4,SO4,0.354395806111,0.354395806111,0.0,True,1,1.89999997616,0.94
3eba SO4 129 A,SO4,SO4,0.893520555923,0.893520555923,0.0,True,1,1.89999997616,0.952
3eba SO4 128 A,SO4,SO4,0.847104828442,0.847104828442,0.0,True,1,1.89999997616,0.978
3eb7 SO4 2013 C,SO4,SO4,0.8091721883,0.8091721883,0.0,True,1,2.20000004768,0.861
3eb7 SO4 2012 B,DMS,SO4,0.332957074379,0.247490658674,0.0854664157049,False,2,2.20000004768,0.91
3eb7 SO4 2011 A,SO4,SO4,0.779365324978,0.779365324978,0.0,True,1,2.20000004768,0.919
3eb7 SO4 2010 B,SO4,SO4,0.483890536463,0.483890536463,0.0,True,1,2.20000004768,0.933
3eb7 SO4 2009 C,SO4,SO4,0.736537723544,0.736537723544,0.0,True,1,2.20000004768,0.952
3eb7 SO4 2008 A,SO4,SO4,0.771729188496,0.771729188496,0.0,True,1,2.20000004768,0.898
3eb7 SO4 2007 B,SO4,SO4,0.475754580531,0.475754580531,0.0,True,1,2.20000004768,0.918
3eb7 SO4 2006 B,SO4,SO4,0.369887924657,0.369887924657,0.0,True,1,2.20000004768,0.96
3eb7 SO4 2005 B,SO4,SO4,0.898067227067,0.898067227067,0.0,True,1,2.20000004768,0.979
3eb7 SO4 2004 C,SO4,SO4,0.579274451137,0.579274451137,0.0,True,1,2.20000004768,0.988
3eb7 SO4 2003 C,SO4,SO4,0.888179808905,0.888179808905,0.0,True,1,2.20000004768,0.978
3eb7 SO4 2002 B,SO4,SO4,0.848855995934,0.848855995934,0.0,True,1,2.20000004768,0.989
3eb7 SO4 2001 B,SO4,SO4,0.898297888714,0.898297888714,0.0,True,1,2.20000004768,0.981
3eb0 PTR 201 C,PTR,PTR,0.726277744513,0.726277744513,0.0,True,1,2.70000004768,0.953
3eb0 PTR 201 A,PTR,PTR,0.342636002682,0.342636002682,0.0,True,1,2.70000004768,0.953
3eay SO4 300 A,SO4,SO4,0.668036306248,0.668036306248,0.0,True,1,2.40000009537,0.993
3eaw SO4 317 X,SO4,SO4,0.754302989307,0.754302989307,0.0,True,1,1.89999997616,0.965
3eaw SO4 316 X,SO4,SO4,0.655064466457,0.655064466457,0.0,True,1,1.89999997616,0.978
3eaw SO4 315 X,SO4,SO4,0.600883289956,0.600883289956,0.0,True,1,1.89999997616,0.903
3eaw CME 43 X,CSO,CME,0.375455989235,0.198814770288,0.176641218946,False,2,1.89999997616,0.916
3eao NAP 601 F,NAG,NAP,0.765883008246,0.000304866769112,0.765578141477,False,169,3.09999990463,0.786
3eao NAP 601 E,NAP,NAP,0.303590104052,0.303590104052,0.0,True,1,3.09999990463,0.872
3eao NAP 601 D,NAP,NAP,0.254646698233,0.254646698233,0.0,True,1,3.09999990463,0.886
3eao NAP 601 C,GTP,NAP,0.0638508084566,0.00194357423278,0.0619072342238,False,124,3.09999990463,0.833
3eao NAP 601 B,AMP,NAP,0.112608892465,0.0242330391021,0.0883758533627,False,8,3.09999990463,0.857
3eao NAP 601 A,AMP,NAP,0.0840752955107,0.013022404594,0.0710528909167,False,12,3.09999990463,0.902
3ean NAP 601 F,SO4,NAP,0.0561532741901,0.00453073654521,0.0516225376449,False,40,2.79999995232,0.825
3ean NAP 601 E,NAP,NAP,0.825939440292,0.825939440292,0.0,True,1,2.79999995232,0.884
3ean NAP 601 D,NAP,NAP,0.187669053687,0.187669053687,0.0,True,1,2.79999995232,0.903
3ean NAP 601 C,ADP,NAP,0.166066868096,0.0299040538655,0.136162814231,False,9,2.79999995232,0.816
3ean NAP 601 B,NAP,NAP,0.7405286045,0.7405286045,0.0,True,1,2.79999995232,0.912
3ean NAP 601 A,NAP,NAP,0.345804382911,0.345804382911,0.0,True,1,2.79999995232,0.925
3eak SO4 138 B,NCO,SO4,0.479223586089,0.429994511794,0.0492290742952,False,2,1.89999997616,0.973
3eai SO4 3004 B,SO4,SO4,0.603103559349,0.603103559349,0.0,True,1,2.20000004768,0.851
3eai SO4 3002 A,SO4,SO4,0.376976701098,0.376976701098,0.0,True,1,2.20000004768,0.89
3eai SO4 3001 A,GOL,SO4,0.295998125157,0.249706872896,0.0462912522604,False,2,2.20000004768,0.892
3eai HEM 901 A,H4B_HEM,H4B_HEM,0.801651229731,0.801651229731,0.0,True,1,2.20000004768,0.976
3eai HEM 2901 B,FAD,H4B_HEM,0.494506005986,0.26730827938,0.227197726606,False,2,2.20000004768,0.986
3ea0 ATP 243 B,ATP_MG,ATP,0.36847696631,0.0050898795602,0.36338708675,False,10,2.20000004768,0.973
3ea0 ATP 243 A,GDP_MG,ATP,0.538174185973,0.0111248056215,0.527049380352,False,9,2.20000004768,0.981
3e9z SO4 291 C,SO4,SO4,0.945820777192,0.945820777192,0.0,True,1,2.29999995232,0.987
3e9z SO4 291 B,SO4,SO4,0.877638482911,0.877638482911,0.0,True,1,2.29999995232,0.979
3e9z SO4 291 A,SO4,SO4,0.61810757987,0.61810757987,0.0,True,1,2.29999995232,0.962
3e9x SO4 691 A,SO4,SO4,0.768796623365,0.768796623365,0.0,True,1,2.70000004768,0.92
3e9s OCS 112 A,CSD,OCS,0.256840382213,0.0757018728747,0.181138509339,False,4,2.5,0.966
3e9r SO4 704 A,MPD,SO4,0.237343361727,0.146656424317,0.0906869374106,False,3,1.89999997616,0.867
3e9r SO4 291 C,SO4,SO4,0.941123101817,0.941123101817,0.0,True,1,1.89999997616,0.948
3e9r SO4 291 B,SO4,SO4,0.808597087573,0.808597087573,0.0,True,1,1.89999997616,0.989
3e9r SO4 291 A,SO4,SO4,0.828272423502,0.828272423502,0.0,True,1,1.89999997616,0.978
3e9q SO4 254 B,SO4,SO4,0.85672249232,0.85672249232,0.0,True,1,1.70000004768,0.963
3e9q SO4 254 A,SO4,SO4,0.457845588355,0.457845588355,0.0,True,1,1.70000004768,0.972
3e9q SO4 253 B,SO4,SO4,0.890803336599,0.890803336599,0.0,True,1,1.70000004768,0.994
3e9q SO4 253 A,SO4,SO4,0.720210717345,0.720210717345,0.0,True,1,1.70000004768,0.968
3e9f MES 122 A,MES,MES,0.547257181506,0.547257181506,0.0,True,1,1.79999995232,0.957
3e9e PO4 266 B,SO4,PO4,0.792521599853,0.16769752426,0.624824075592,False,2,2.09999990463,0.976
3e9e PO4 266 A,SO4,PO4,0.455312592107,0.102689084684,0.352623507424,False,2,2.09999990463,0.971
3e9d PO4 267 B,SO4,PO4,0.682064584043,0.184864443665,0.497200140378,False,2,2.0,0.953
3e9d PO4 267 A,SO4,PO4,0.84393897633,0.0960364367293,0.7479025396,False,2,2.0,0.947
3e9d PO4 266 B,PO4,PO4,0.918442272517,0.918442272517,0.0,True,1,2.0,0.996
3e9d PO4 266 A,PO4,PO4,0.844164427554,0.844164427554,0.0,True,1,2.0,0.991
3e9a SO4 284 A,SO4,SO4,0.950174539573,0.950174539573,0.0,True,1,1.79999995232,0.992
3e93 CSO 162 A,CSO,CSO,0.437441488781,0.437441488781,0.0,True,1,2.0,0.87
3e8x NAP 500 A,NAP,NAP,0.502887244759,0.502887244759,0.0,True,1,2.09999990463,0.898
3e8s SAH 300 A,SAH,SAH,0.539604409243,0.539604409243,0.0,True,1,2.09999990463,0.963
3e8l SO4 240 A,DMS,SO4,0.558367441717,0.292644895238,0.265722546479,False,2,2.5,0.975
3e8e TPO 197 P,TPO,TPO,0.994615753499,0.994615753499,0.0,True,1,2.0,0.958
3e8e TPO 197 L,TPO,TPO,0.981499279022,0.981499279022,0.0,True,1,2.0,0.947
3e8e TPO 197 I,TPO,TPO,0.959983970055,0.959983970055,0.0,True,1,2.0,0.975
3e8e TPO 197 E,TPO,TPO,0.981294539108,0.981294539108,0.0,True,1,2.0,0.977
3e8e TPO 197 B,TPO,TPO,0.973881815669,0.973881815669,0.0,True,1,2.0,0.971
3e8e TPO 197 A,TPO,TPO,0.973919715302,0.973919715302,0.0,True,1,2.0,0.982
3e8d TPO 309 B,TPO,TPO,0.648268418217,0.648268418217,0.0,True,1,2.70000004768,0.975
3e8d TPO 309 A,TPO,TPO,0.603745721318,0.603745721318,0.0,True,1,2.70000004768,0.98
3e80 PO4 9 A,SO4,PO4,0.434194960304,0.224109247924,0.21008571238,False,2,2.40000009537,0.984
3e80 PO4 8 B,SO4,PO4,0.621134996186,0.0676645387573,0.553470457429,False,3,2.40000009537,0.941
3e80 PO4 7 B,SO4,PO4,0.257819643234,0.0274783081176,0.230341335117,False,6,2.40000009537,0.921
3e80 PO4 5 A,EDO,PO4,0.422537934268,0.0639524516738,0.358585482594,False,4,2.40000009537,0.869
3e80 PO4 4 C,SO4,PO4,0.489148753405,0.202278439054,0.286870314351,False,2,2.40000009537,0.97
3e80 PO4 3 A,SO4,PO4,0.913046710101,0.0292653413596,0.883781368741,False,2,2.40000009537,0.948
3e80 PO4 2 A,SO4,PO4,0.408171492938,0.301645718472,0.106525774466,False,2,2.40000009537,0.928
3e80 PO4 1 B,SO4,PO4,0.761183397541,0.0825843480228,0.678599049518,False,2,2.40000009537,0.982
3e7x AMP 512 A,IMP,AMP,0.427239085591,0.40090194382,0.0263371417713,False,2,2.59999990463,0.979
3e7w PO4 512 A,SO4,PO4,0.846225312074,0.0697896766592,0.776435635415,False,2,2.29999995232,0.96
3e7w AMP 513 A,IMP,AMP,0.425416908121,0.198084558844,0.227332349277,False,2,2.29999995232,0.97
3e7t SO4 903 A,SO4,SO4,0.814050808383,0.814050808383,0.0,True,1,2.59999990463,0.961
3e7m HEM 901 A,H4B_HEM,H4B_HEM,0.911621433458,0.911621433458,0.0,True,1,2.0,0.976
3e7i SO4 903 A,SO4,SO4,0.807945083364,0.807945083364,0.0,True,1,2.90000009537,0.934
3e7g HEM 3901 D,H4B_HEM,H4B_HEM,0.898697287976,0.898697287976,0.0,True,1,2.09999990463,0.982
3e76 AGS 549 N,ATP,AGS,0.379538256247,0.073685443217,0.30585281303,False,4,3.90000009537,0.798
3e76 AGS 549 M,HEM,AGS,0.34926069209,0.0369831266268,0.312277565463,False,5,3.90000009537,0.829
3e76 AGS 549 L,ATP,AGS,0.208041363269,0.114930587282,0.0931107759869,False,2,3.90000009537,0.787
3e76 AGS 549 K,ATP,AGS,0.31218027968,0.00365466875424,0.308525610926,False,18,3.90000009537,0.875
3e76 AGS 549 J,HEM,AGS,0.74506835137,0.0114111346875,0.733657216682,False,7,3.90000009537,0.818
3e76 AGS 549 I,GTP,AGS,0.271242728554,0.00614497852389,0.26509775003,False,16,3.90000009537,0.897
3e76 AGS 549 H,F3S,AGS,0.345366394605,0.19061682716,0.154749567445,False,2,3.90000009537,0.829
3e76 AGS 549 G,AGS,AGS,0.368503024877,0.368503024877,0.0,True,1,3.90000009537,0.867
3e73 GSH 503 B,LLP,GSH,0.309050231874,0.000509378412287,0.308540853461,False,176,2.79999995232,0.874
3e73 GSH 502 A,COA,GSH,0.148069442664,0.000545340984157,0.14752410168,False,189,2.79999995232,0.847
3e70 GDP 2001 C,P6G,GDP,0.552636506898,0.000550117693569,0.552086389205,False,183,2.0,0.931
3e6s SO4 207 A,SO4,SO4,0.738786142442,0.738786142442,0.0,True,1,1.89999997616,0.986
3e6s SO4 203 C,SO4,SO4,0.67210831967,0.67210831967,0.0,True,1,1.89999997616,0.978
3e6r SO4 168 C,SO4,SO4,0.739036416669,0.739036416669,0.0,True,1,2.40000009537,0.986
3e6r SO4 168 B,SO4,SO4,0.836091948291,0.836091948291,0.0,True,1,2.40000009537,0.975
3e6q FMT 340 L,GOL,FMT,0.413526039844,0.00752023171301,0.406005808131,False,7,1.70000004768,0.751
3e6q FMT 335 A,EDO,FMT,0.836513871203,0.000421626851542,0.836092244351,False,46,1.70000004768,0.912
3e6q FMT 334 H,GOL,FMT,0.660879598993,0.00704143720608,0.653838161787,False,9,1.70000004768,0.817
3e6q FMT 332 B,EDO,FMT,0.933212220933,0.0175525280195,0.915659692914,False,2,1.70000004768,0.871
3e6q FMT 331 L,EDO,FMT,0.430593844966,0.0210077122185,0.409586132748,False,6,1.70000004768,0.947
3e6q FMT 330 I,EDO,FMT,0.442802890161,0.12154039332,0.321262496841,False,3,1.70000004768,0.934
3e6q FMT 329 I,EDO,FMT,0.639661295182,0.0521620730923,0.58749922209,False,3,1.70000004768,0.918
3e6q FMT 327 H,EDO,FMT,0.290614192977,0.176556687536,0.114057505441,False,2,1.70000004768,0.887
3e6q FMT 326 F,EDO,FMT,0.685950622399,0.0233817545404,0.662568867859,False,4,1.70000004768,0.925
3e6q FMT 325 A,EDO,FMT,0.516021855592,0.00211226600766,0.513909589584,False,5,1.70000004768,0.842
3e6q FMT 324 F,EDO,FMT,0.299827394793,0.0349492143625,0.26487818043,False,8,1.70000004768,0.871
3e6p SO4 303 L,GOL,SO4,0.25918304785,0.105892478225,0.153290569624,False,3,2.09999990463,0.913
3e6l SO4 3009 B,GOL,SO4,0.386483604694,0.108163119958,0.278320484737,False,3,2.29999995232,0.83
3e6l SO4 3007 A,GOL,SO4,0.565310336955,0.075522027038,0.489788309917,False,3,2.29999995232,0.878
3e6l SO4 3006 A,GOL,SO4,0.389458681065,0.112449141265,0.2770095398,False,3,2.29999995232,0.809
3e6l SO4 3005 B,SO4,SO4,0.772091890872,0.772091890872,0.0,True,1,2.29999995232,0.923
3e6l SO4 3004 B,SO4,SO4,0.656863976977,0.656863976977,0.0,True,1,2.29999995232,0.886
3e6l SO4 3003 A,SO4,SO4,0.704275474323,0.704275474323,0.0,True,1,2.29999995232,0.946
3e6l SO4 3001 A,SO4,SO4,0.671478873679,0.671478873679,0.0,True,1,2.29999995232,0.898
3e6j SO4 305 A,SO4,SO4,0.812029246262,0.812029246262,0.0,True,1,1.70000004768,0.953
3e6j SO4 304 A,SO4,SO4,0.616359363894,0.616359363894,0.0,True,1,1.70000004768,0.877
3e6j SO4 303 A,SO4,SO4,0.949549609772,0.949549609772,0.0,True,1,1.70000004768,0.964
3e6j SO4 302 A,DMS,SO4,0.598108514008,0.297391952901,0.300716561106,False,2,1.70000004768,0.961
3e6j SO4 301 A,SO4,SO4,0.815147870706,0.815147870706,0.0,True,1,1.70000004768,0.985
3e6a SO4 6927 C,SO4,SO4,0.4408737588,0.4408737588,0.0,True,1,3.5,0.906
3e6a SO4 6926 C,MLY,SO4,0.31921805635,0.216771983933,0.102446072417,False,3,3.5,0.755
3e6a SO4 6925 B,SO4,SO4,0.506635955089,0.506635955089,0.0,True,1,3.5,0.966
3e6a SO4 6924 B,SO4,SO4,0.507190158947,0.507190158947,0.0,True,1,3.5,0.893
3e6a SO4 6923 A,SO4,SO4,0.616200011354,0.616200011354,0.0,True,1,3.5,0.873
3e6a SO4 6922 A,NCO,SO4,0.378283618144,0.331471846526,0.046811771618,False,2,3.5,0.956
3e6a SO4 6921 O,SO4,SO4,0.547229602808,0.547229602808,0.0,True,1,3.5,0.93
3e6a SO4 6920 O,SO4,SO4,0.439551838445,0.439551838445,0.0,True,1,3.5,0.956
3e68 SO4 4004 B,SO4,SO4,0.75007256221,0.75007256221,0.0,True,1,2.20000004768,0.932
3e68 SO4 4003 B,GOL,SO4,0.311259741794,0.187801313667,0.123458428127,False,2,2.20000004768,0.905
3e68 SO4 3005 A,SO4,SO4,0.834937436044,0.834937436044,0.0,True,1,2.20000004768,0.914
3e68 SO4 3004 A,SO4,SO4,0.773520994023,0.773520994023,0.0,True,1,2.20000004768,0.775
3e68 SO4 3003 A,SO4,SO4,0.442791257035,0.442791257035,0.0,True,1,2.20000004768,0.854
3e5w NRQ 63 D,NRQ,NRQ,0.787446690805,0.787446690805,0.0,True,1,1.70000004768,0.944
3e5w NRQ 63 C,NRQ,NRQ,0.443183537476,0.443183537476,0.0,True,1,1.70000004768,0.924
3e5w NRQ 63 B,NRQ,NRQ,0.888972210387,0.888972210387,0.0,True,1,1.70000004768,0.91
3e5w NRQ 63 A,NRQ,NRQ,0.845950810987,0.845950810987,0.0,True,1,1.70000004768,0.945
3e5v NRQ 63 A,RET,NRQ,0.0781353569641,0.0325867681545,0.0455485888096,False,9,2.09999990463,0.903
3e5u PO4 603 C,SO4,PO4,0.698363659333,0.0269072004809,0.671456458852,False,3,1.79999995232,0.969
3e5u PO4 602 D,SO4,PO4,0.950076741233,0.0265465635102,0.923530177723,False,2,1.79999995232,0.959
3e5u PO4 601 B,SO4,PO4,0.886581230376,0.0433613458734,0.843219884503,False,2,1.79999995232,0.976
3e5t NRQ 63 A,NRQ,NRQ,0.273437647027,0.273437647027,0.0,True,1,1.10000002384,0.988
3e5o SO4 154 A,SO4,SO4,0.990964349544,0.990964349544,0.0,True,1,1.20000004768,0.995
3e5i SO4 156 A,SO4,SO4,0.991538572521,0.991538572521,0.0,True,1,1.20000004768,0.996
3e5e SAH 220 A,UMP,SAH,0.282529797528,0.0139561014915,0.268573696036,False,9,2.90000009537,0.95
3e5c SAM 216 A,ADN,SAM,0.141598341186,0.00593427080992,0.135664070376,False,25,2.29999995232,0.88
3e5a SO4 600 A,SO4,SO4,0.571141689809,0.571141689809,0.0,True,1,2.29999995232,0.885
3e59 PO4 330 D,SO4,PO4,0.543440646481,0.0746828956735,0.468757750808,False,3,2.09999990463,0.926
3e59 PO4 330 A,SO4,PO4,0.577946065112,0.0230261273927,0.554919937719,False,5,2.09999990463,0.929
3e59 PO4 329 D,SO4,PO4,0.627110016904,0.261221095976,0.365888920929,False,2,2.09999990463,0.955
3e59 PO4 329 C,EDO,PO4,0.352260106132,0.0357380617494,0.316522044383,False,6,2.09999990463,0.88
3e59 PO4 329 B,EDO,PO4,0.206920000035,0.0158592975251,0.19106070251,False,8,2.09999990463,0.937
3e59 PO4 329 A,SO4,PO4,0.769460862728,0.1554477866,0.614013076128,False,2,2.09999990463,0.966
3e58 SO4 302 A,SO4,SO4,0.498635367173,0.498635367173,0.0,True,1,1.89999997616,0.978
3e58 SO4 301 B,SO4,SO4,0.763221887762,0.763221887762,0.0,True,1,1.89999997616,0.979
3e58 SO4 301 A,SO4,SO4,0.799306219242,0.799306219242,0.0,True,1,1.89999997616,0.987
3e55 SO4 154 A,SO4,SO4,0.970062777976,0.970062777976,0.0,True,1,1.20000004768,0.996
3e54 EOH 803 E,SO4,EOH,0.500764229206,0.000547870567257,0.500216358639,False,190,2.5,0.953
3e54 EOH 801 D,GOL,EOH,0.309244648863,0.00095461804276,0.30829003082,False,147,2.5,0.946
3e4y PO4 710 A,SO4,PO4,0.732714755099,0.0751154466482,0.657599308451,False,2,2.59999990463,0.895
3e4w PO4 1240 A,SO4,PO4,0.286185286398,0.0437679524807,0.242417333917,False,5,1.79999995232,0.898
3e4w PO4 1230 B,SO4,PO4,0.431368337506,0.0775148553826,0.353853482123,False,4,1.79999995232,0.862
3e4w PO4 1210 B,SO4,PO4,0.690266511041,0.0617437746589,0.628522736382,False,3,1.79999995232,0.964
3e4w PO4 1200 A,SO4,PO4,0.719120259761,0.120775006049,0.598345253712,False,2,1.79999995232,0.971
3e4r EPE 325 A,SO4,EPE,0.267523877703,0.0340449422265,0.233478935477,False,4,2.0,0.977
3e4n SO4 155 A,SO4,SO4,0.955413810446,0.955413810446,0.0,True,1,1.20000004768,0.99
3e4n SO4 154 A,SO4,SO4,0.975671932427,0.975671932427,0.0,True,1,1.20000004768,0.995
3e4g TRS 177 A,GOL,TRS,0.689477409595,0.289771789519,0.399705620075,False,2,1.0,0.883
3e4f CIT 267 B,CIT,CIT,0.287012786674,0.287012786674,0.0,True,1,2.0,0.739
3e4f CIT 267 A,EDO,CIT,0.295804726587,0.0059142985957,0.289890427992,False,15,2.0,0.825
3e4f CIT 266 B,BTB,CIT,0.574987357388,0.0240982306705,0.550889126718,False,5,2.0,0.655
3e4f CIT 266 A,NAG,CIT,0.177750086229,0.0256024318224,0.152147654407,False,4,2.0,0.851
3e3x SO4 1003 A,SO4,SO4,0.33739021365,0.33739021365,0.0,True,1,2.0,0.929
3e3t SO4 242 A,SO4,SO4,0.740412022266,0.740412022266,0.0,True,1,1.60000002384,0.897
3e3t SO4 241 A,SO4,SO4,0.939414040277,0.939414040277,0.0,True,1,1.60000002384,0.972
3e3o SO4 902 B,SO4,SO4,0.51503859535,0.51503859535,0.0,True,1,2.59999990463,0.93
3e3o SO4 901 D,SO4,SO4,0.794682579463,0.794682579463,0.0,True,1,2.59999990463,0.94
3e3o SO4 901 C,SO4,SO4,0.897505079636,0.897505079636,0.0,True,1,2.59999990463,0.864
3e3o SO4 901 B,SO4,SO4,0.716976166866,0.716976166866,0.0,True,1,2.59999990463,0.946
3e3o SO4 901 A,GOL,SO4,0.362045884128,0.235987447676,0.126058436452,False,2,2.59999990463,0.894
3e3o SO4 900 D,SO4,SO4,0.803850060256,0.803850060256,0.0,True,1,2.59999990463,0.883
3e3o SO4 900 C,SO4,SO4,0.704478268182,0.704478268182,0.0,True,1,2.59999990463,0.949
3e3o SO4 900 B,SO4,SO4,0.769318204679,0.769318204679,0.0,True,1,2.59999990463,0.928
3e3n SO4 899 H,SO4,SO4,0.804927866334,0.804927866334,0.0,True,1,2.70000004768,0.943
3e3n SO4 845 G,SO4,SO4,0.821440879218,0.821440879218,0.0,True,1,2.70000004768,0.934
3e3n SO4 845 F,SO4,SO4,0.718994788427,0.718994788427,0.0,True,1,2.70000004768,0.897
3e3n SO4 845 E,SO4,SO4,0.502957201087,0.502957201087,0.0,True,1,2.70000004768,0.818
3e3n SO4 845 D,SO4,SO4,0.917782724813,0.917782724813,0.0,True,1,2.70000004768,0.917
3e3n SO4 845 C,SO4,SO4,0.553067638119,0.553067638119,0.0,True,1,2.70000004768,0.951
3e3n SO4 845 B,SO4,SO4,0.622471354565,0.622471354565,0.0,True,1,2.70000004768,0.907
3e3n SO4 845 A,NAG,SO4,0.685780510179,0.0260930600345,0.659687450145,False,3,2.70000004768,0.9
3e3n SO4 844 H,SO4,SO4,0.709474927781,0.709474927781,0.0,True,1,2.70000004768,0.983
3e3n SO4 844 G,SO4,SO4,0.709543614372,0.709543614372,0.0,True,1,2.70000004768,0.988
3e3n SO4 844 F,SO4,SO4,0.735770303194,0.735770303194,0.0,True,1,2.70000004768,0.967
3e3n SO4 844 E,PO4,SO4,0.483902288238,0.454733638384,0.0291686498539,False,2,2.70000004768,0.964
3e3n SO4 844 D,SO4,SO4,0.647766130207,0.647766130207,0.0,True,1,2.70000004768,0.979
3e3n SO4 844 C,SO4,SO4,0.308766920509,0.308766920509,0.0,True,1,2.70000004768,0.903
3e3n SO4 844 B,SO4,SO4,0.673761372066,0.673761372066,0.0,True,1,2.70000004768,0.95
3e3n SO4 844 A,SO4,SO4,0.47085996099,0.47085996099,0.0,True,1,2.70000004768,0.981
3e3n AMP 843 H,AMP,AMP,0.958925421644,0.958925421644,0.0,True,1,2.70000004768,0.969
3e3n AMP 843 G,AMP,AMP,0.972086922513,0.972086922513,0.0,True,1,2.70000004768,0.975
3e3n AMP 843 F,AMP,AMP,0.935083048135,0.935083048135,0.0,True,1,2.70000004768,0.97
3e3n AMP 843 E,AMP,AMP,0.463445417055,0.463445417055,0.0,True,1,2.70000004768,0.97
3e3n AMP 843 D,AMP,AMP,0.987979283267,0.987979283267,0.0,True,1,2.70000004768,0.966
3e3n AMP 843 C,AMP,AMP,0.911680913451,0.911680913451,0.0,True,1,2.70000004768,0.973
3e3n AMP 843 B,AMP,AMP,0.855165981439,0.855165981439,0.0,True,1,2.70000004768,0.975
3e3n AMP 843 A,AMP,AMP,0.963261352601,0.963261352601,0.0,True,1,2.70000004768,0.979
3e3l SO4 903 D,SO4,SO4,0.859730727922,0.859730727922,0.0,True,1,2.59999990463,0.941
3e3l SO4 902 D,SO4,SO4,0.655966282265,0.655966282265,0.0,True,1,2.59999990463,0.934
3e3l SO4 902 C,SO4,SO4,0.869730803449,0.869730803449,0.0,True,1,2.59999990463,0.985
3e3l SO4 902 B,SO4,SO4,0.866880600523,0.866880600523,0.0,True,1,2.59999990463,0.975
3e3l SO4 902 A,SO4,SO4,0.569850669042,0.569850669042,0.0,True,1,2.59999990463,0.897
3e3l SO4 901 D,SO4,SO4,0.664028355755,0.664028355755,0.0,True,1,2.59999990463,0.93
3e3l SO4 901 C,SO4,SO4,0.654874031709,0.654874031709,0.0,True,1,2.59999990463,0.862
3e3l SO4 901 B,SO4,SO4,0.792878034165,0.792878034165,0.0,True,1,2.59999990463,0.914
3e3l SO4 901 A,GOL,SO4,0.251778749451,0.220734574139,0.0310441753118,False,2,2.59999990463,0.864
3e3l SO4 900 D,SO4,SO4,0.726771368964,0.726771368964,0.0,True,1,2.59999990463,0.833
3e3l SO4 900 B,SO4,SO4,0.832296856436,0.832296856436,0.0,True,1,2.59999990463,0.92
3e3l SO4 900 A,SO4,SO4,0.765719501438,0.765719501438,0.0,True,1,2.59999990463,0.947
3e3k SO4 506 A,SO4,SO4,0.274533350741,0.274533350741,0.0,True,1,2.79999995232,0.838
3e3i SO4 232 H,SO4,SO4,0.806091859016,0.806091859016,0.0,True,1,2.0,0.818
3e3i SO4 232 B,SO4,SO4,0.949226503627,0.949226503627,0.0,True,1,2.0,0.976
3e3i SO4 231 K,SO4,SO4,0.376419096621,0.376419096621,0.0,True,1,2.0,0.61
3e3i SO4 231 J,SO4,SO4,0.850905659938,0.850905659938,0.0,True,1,2.0,0.924
3e3i SO4 231 I,GOL,SO4,0.561730615542,0.248584434966,0.313146180576,False,2,2.0,0.835
3e3i SO4 231 H,SO4,SO4,0.809508023484,0.809508023484,0.0,True,1,2.0,0.805
3e3i SO4 231 E,SO4,SO4,0.809792940045,0.809792940045,0.0,True,1,2.0,0.913
3e3i SO4 231 D,SO4,SO4,0.860739722858,0.860739722858,0.0,True,1,2.0,0.933
3e3i SO4 231 C,SO4,SO4,0.95588904664,0.95588904664,0.0,True,1,2.0,0.967
3e3i SO4 231 B,SO4,SO4,0.93109851414,0.93109851414,0.0,True,1,2.0,0.959
3e3i SO4 231 A,SO4,SO4,0.935889750896,0.935889750896,0.0,True,1,2.0,0.947
3e3i BCT 233 H,ACT,BCT,0.180880432398,0.0501988019509,0.130681630447,False,7,2.0,0.977
3e3i BCT 233 E,NO3,BCT,0.274633106506,0.0343134587649,0.240319647741,False,5,2.0,0.97
3e3i BCT 233 B,SO4,BCT,0.393410817641,0.0233768574478,0.370033960193,False,6,2.0,0.958
3e3i BCT 232 L,ACT,BCT,0.339144530245,0.0137343611687,0.325410169076,False,8,2.0,0.963
3e3g SO4 234 A,SO4,SO4,0.531373484546,0.531373484546,0.0,True,1,2.29999995232,0.942
3e3g SO4 233 E,SO4,SO4,0.884611348395,0.884611348395,0.0,True,1,2.29999995232,0.962
3e3g SO4 232 E,SO4,SO4,0.905898956421,0.905898956421,0.0,True,1,2.29999995232,0.968
3e3g SO4 232 C,SO4,SO4,0.88527458694,0.88527458694,0.0,True,1,2.29999995232,0.97
3e3g SO4 232 B,EDO,SO4,0.221454699476,0.0932415919871,0.128213107489,False,4,2.29999995232,0.806
3e3g SO4 232 A,SO4,SO4,0.928529679685,0.928529679685,0.0,True,1,2.29999995232,0.986
3e3g SO4 231 F,SO4,SO4,0.885391849001,0.885391849001,0.0,True,1,2.29999995232,0.983
3e3g SO4 231 E,SO4,SO4,0.657274639655,0.657274639655,0.0,True,1,2.29999995232,0.891
3e3g SO4 231 D,SO4,SO4,0.622416681474,0.622416681474,0.0,True,1,2.29999995232,0.918
3e3g SO4 231 C,SO4,SO4,0.787192072528,0.787192072528,0.0,True,1,2.29999995232,0.941
3e3g SO4 231 A,SO4,SO4,0.961938432816,0.961938432816,0.0,True,1,2.29999995232,0.976
3e3d EPE 134 A,GOL,EPE,0.084026190842,0.0105736588073,0.0734525320347,False,19,1.60000002384,0.953
3e2x SO4 234 B,SO4,SO4,0.817877969252,0.817877969252,0.0,True,1,2.59999990463,0.944
3e2x SO4 233 B,SO4,SO4,0.875189485929,0.875189485929,0.0,True,1,2.59999990463,0.98
3e2x SO4 232 B,SO4,SO4,0.917838779914,0.917838779914,0.0,True,1,2.59999990463,0.978
3e2x SO4 231 B,SO4,SO4,0.628366383489,0.628366383489,0.0,True,1,2.59999990463,0.957
3e2x SO4 231 A,SO4,SO4,0.85655512812,0.85655512812,0.0,True,1,2.59999990463,0.96
3e2w SO4 233 D,SO4,SO4,0.905583662658,0.905583662658,0.0,True,1,2.29999995232,0.964
3e2w SO4 233 A,SO4,SO4,0.825734838687,0.825734838687,0.0,True,1,2.29999995232,0.94
3e2w SO4 232 F,SO4,SO4,0.648406971637,0.648406971637,0.0,True,1,2.29999995232,0.893
3e2w SO4 232 E,SO4,SO4,0.852513413658,0.852513413658,0.0,True,1,2.29999995232,0.894
3e2w SO4 232 D,SO4,SO4,0.736528952975,0.736528952975,0.0,True,1,2.29999995232,0.811
3e2w SO4 232 A,SO4,SO4,0.679104573044,0.679104573044,0.0,True,1,2.29999995232,0.681
3e2w SO4 231 E,SO4,SO4,0.655863897337,0.655863897337,0.0,True,1,2.29999995232,0.752
3e2w SO4 231 D,SO4,SO4,0.69072834617,0.69072834617,0.0,True,1,2.29999995232,0.824
3e2w SO4 231 C,GOL,SO4,0.246634028368,0.204265929247,0.0423680991209,False,2,2.29999995232,0.838
3e2w SO4 231 B,SO4,SO4,0.436507247741,0.436507247741,0.0,True,1,2.29999995232,0.768
3e2w SO4 231 A,SO4,SO4,0.741668202257,0.741668202257,0.0,True,1,2.29999995232,0.703
3e2r CIT 2502 A,ACT,CIT,0.298671714257,0.000608010905624,0.298063703352,False,38,1.89999997616,0.83
3e2p SO4 307 L,SO4,SO4,0.920467761663,0.920467761663,0.0,True,1,3.0,0.972
3e2p SO4 307 I,SO4,SO4,0.856082242971,0.856082242971,0.0,True,1,3.0,0.962
3e2p SO4 307 D,SO4,SO4,0.781648041303,0.781648041303,0.0,True,1,3.0,0.986
3e2p SO4 307 A,SO4,SO4,0.896350990215,0.896350990215,0.0,True,1,3.0,0.994
3e2d SO4 613 B,SO4,SO4,0.881195562596,0.881195562596,0.0,True,1,1.39999997616,0.928
3e2d SO4 613 A,SO4,SO4,0.875130355055,0.875130355055,0.0,True,1,1.39999997616,0.911
3e2d SO4 611 B,SO4,SO4,0.981892059695,0.981892059695,0.0,True,1,1.39999997616,0.988
3e2d SO4 611 A,SO4,SO4,0.984223077586,0.984223077586,0.0,True,1,1.39999997616,0.988
3e2c SO4 202 A,SO4,SO4,0.856128165411,0.856128165411,0.0,True,1,1.79999995232,0.957
3e2c SO4 201 A,SO4,SO4,0.96672844154,0.96672844154,0.0,True,1,1.79999995232,0.986
3e2a SO4 233 E,SO4,SO4,0.735527522536,0.735527522536,0.0,True,1,2.29999995232,0.94
3e2a SO4 232 E,SO4,SO4,0.869530917022,0.869530917022,0.0,True,1,2.29999995232,0.956
3e2a SO4 232 D,SO4,SO4,0.768491945638,0.768491945638,0.0,True,1,2.29999995232,0.982
3e2a SO4 232 C,SO4,SO4,0.782054062828,0.782054062828,0.0,True,1,2.29999995232,0.959
3e2a SO4 232 B,SO4,SO4,0.687938309425,0.687938309425,0.0,True,1,2.29999995232,0.882
3e2a SO4 232 A,SO4,SO4,0.674955699909,0.674955699909,0.0,True,1,2.29999995232,0.956
3e2a SO4 231 F,EDO,SO4,0.357577274453,0.00602327866708,0.351553995786,False,11,2.29999995232,0.829
3e2a SO4 231 E,SO4,SO4,0.662810078246,0.662810078246,0.0,True,1,2.29999995232,0.98
3e2a SO4 231 D,SO4,SO4,0.830779046378,0.830779046378,0.0,True,1,2.29999995232,0.982
3e2a SO4 231 C,SO4,SO4,0.682550875718,0.682550875718,0.0,True,1,2.29999995232,0.941
3e2a SO4 231 B,SO4,SO4,0.675651287184,0.675651287184,0.0,True,1,2.29999995232,0.97
3e2a SO4 231 A,SO4,SO4,0.916963974951,0.916963974951,0.0,True,1,2.29999995232,0.945
3e28 SO4 234 A,SO4,SO4,0.84848151555,0.84848151555,0.0,True,1,2.5,0.946
3e28 SO4 233 E,SO4,SO4,0.489656648651,0.489656648651,0.0,True,1,2.5,0.812
3e28 SO4 233 C,SO4,SO4,0.624798255394,0.624798255394,0.0,True,1,2.5,0.905
3e28 SO4 232 F,SO4,SO4,0.802253690804,0.802253690804,0.0,True,1,2.5,0.904
3e28 SO4 232 E,SO4,SO4,0.794745402475,0.794745402475,0.0,True,1,2.5,0.974
3e28 SO4 232 D,SO4,SO4,0.905932381024,0.905932381024,0.0,True,1,2.5,0.958
3e28 SO4 232 C,SO4,SO4,0.81908507586,0.81908507586,0.0,True,1,2.5,0.951
3e28 SO4 232 B,ACE,SO4,0.581338790726,0.0555866434189,0.525752147307,False,3,2.5,0.909
3e28 SO4 232 A,SO4,SO4,0.83098561239,0.83098561239,0.0,True,1,2.5,0.951
3e28 SO4 231 F,SO4,SO4,0.438015138346,0.438015138346,0.0,True,1,2.5,0.946
3e28 SO4 231 E,SO4,SO4,0.854378560105,0.854378560105,0.0,True,1,2.5,0.936
3e28 SO4 231 D,SO4,SO4,0.607563225314,0.607563225314,0.0,True,1,2.5,0.943
3e28 SO4 231 C,SO4,SO4,0.8423292883,0.8423292883,0.0,True,1,2.5,0.945
3e28 SO4 231 A,SO4,SO4,0.860060512658,0.860060512658,0.0,True,1,2.5,0.975
3e24 PO4 233 A,SO4,PO4,0.714420033206,0.166835077796,0.54758495541,False,2,2.29999995232,0.93
3e24 PO4 232 A,SO4,PO4,0.530125304156,0.271775040202,0.258350263954,False,2,2.29999995232,0.884
3e23 SO4 225 A,EDO,SO4,0.703804601698,0.0239899183313,0.679814683367,False,3,1.60000002384,0.625
3e23 SO4 224 A,SO4,SO4,0.496256969764,0.496256969764,0.0,True,1,1.60000002384,0.9
3e23 SO4 223 A,SO4,SO4,0.880943433337,0.880943433337,0.0,True,1,1.60000002384,0.97
3e23 SO4 222 A,SO4,SO4,0.803527114528,0.803527114528,0.0,True,1,1.60000002384,0.988
3e23 SAM 221 A,SAH,SAM,0.525229218098,0.384066617785,0.141162600313,False,2,1.60000002384,0.932
3e22 GDP 600 D,ADP,GDP,0.47716383313,0.0819022281868,0.395261604943,False,2,3.79999995232,0.914
3e22 GDP 600 B,ADP,GDP,0.101896760048,0.00148892051955,0.100407839528,False,110,3.79999995232,0.916
3e1z FMT 220 B,EDO,FMT,0.541209343591,0.0105362719067,0.530673071684,False,7,1.89999997616,0.891
3e1z FMT 219 B,FMT,FMT,0.391823231635,0.391823231635,0.0,True,1,1.89999997616,0.842
3e1z FMT 217 B,ACT,FMT,0.2486098553,0.0731871459339,0.175422709366,False,4,1.89999997616,0.829
3e1z FMT 215 B,PEG,FMT,0.288599061983,0.0485681877455,0.240030874237,False,5,1.89999997616,0.872
3e1z FMT 214 B,PEG,FMT,0.372454421449,0.00150012521066,0.370954296238,False,22,1.89999997616,0.908
3e1y ATP 1526 B,CLA,ATP,0.311910882555,0.00271767874278,0.309193203813,False,27,3.59999990463,0.754
3e1y ATP 1526 A,MAN,ATP,0.201526793325,0.00297777182375,0.198549021501,False,32,3.59999990463,0.779
3e1q SO4 302 G,SO4,SO4,0.784964121569,0.784964121569,0.0,True,1,2.59999990463,0.992
3e1q SO4 302 F,SO4,SO4,0.816686279673,0.816686279673,0.0,True,1,2.59999990463,0.993
3e1q SO4 302 B,SO4,SO4,0.719091295436,0.719091295436,0.0,True,1,2.59999990463,0.99
3e1q SO4 302 A,SO4,SO4,0.876823434761,0.876823434761,0.0,True,1,2.59999990463,0.989
3e1q SO4 250 L,SO4,SO4,0.88907325706,0.88907325706,0.0,True,1,2.59999990463,0.948
3e1q SO4 250 K,SO4,SO4,0.778337384935,0.778337384935,0.0,True,1,2.59999990463,0.918
3e1q SO4 250 J,SO4,SO4,0.799943492344,0.799943492344,0.0,True,1,2.59999990463,0.913
3e1q SO4 250 I,SO4,SO4,0.88792257482,0.88792257482,0.0,True,1,2.59999990463,0.932
3e1q SO4 250 H,SO4,SO4,0.929431556613,0.929431556613,0.0,True,1,2.59999990463,0.933
3e1q SO4 250 G,SO4,SO4,0.798463177043,0.798463177043,0.0,True,1,2.59999990463,0.936
3e1q SO4 250 F,SO4,SO4,0.798165548457,0.798165548457,0.0,True,1,2.59999990463,0.942
3e1q SO4 250 E,SO4,SO4,0.894727268755,0.894727268755,0.0,True,1,2.59999990463,0.932
3e1q SO4 250 D,SO4,SO4,0.1632485195,0.1632485195,0.0,True,1,2.59999990463,0.915
3e1q SO4 250 C,SO4,SO4,0.877757307193,0.877757307193,0.0,True,1,2.59999990463,0.896
3e1q SO4 250 B,SO4,SO4,0.924060484,0.924060484,0.0,True,1,2.59999990463,0.9
3e1q SO4 250 A,SO4,SO4,0.813537152155,0.813537152155,0.0,True,1,2.59999990463,0.929
3e1p SO4 303 G,SO4,SO4,0.849329826779,0.849329826779,0.0,True,1,2.40000009537,0.994
3e1p SO4 303 F,SO4,SO4,0.760635955366,0.760635955366,0.0,True,1,2.40000009537,0.994
3e1p SO4 303 B,SO4,SO4,0.85989482188,0.85989482188,0.0,True,1,2.40000009537,0.995
3e1p SO4 303 A,SO4,SO4,0.909811315138,0.909811315138,0.0,True,1,2.40000009537,0.995
3e1p SO4 250 L,SO4,SO4,0.699184340014,0.699184340014,0.0,True,1,2.40000009537,0.969
3e1p SO4 250 K,SO4,SO4,0.732691941346,0.732691941346,0.0,True,1,2.40000009537,0.943
3e1p SO4 250 J,SO4,SO4,0.766079102041,0.766079102041,0.0,True,1,2.40000009537,0.955
3e1p SO4 250 I,SO4,SO4,0.86836631472,0.86836631472,0.0,True,1,2.40000009537,0.946
3e1p SO4 250 H,SO4,SO4,0.878582151739,0.878582151739,0.0,True,1,2.40000009537,0.947
3e1p SO4 250 G,SO4,SO4,0.652471786569,0.652471786569,0.0,True,1,2.40000009537,0.952
3e1p SO4 250 F,SO4,SO4,0.826272055627,0.826272055627,0.0,True,1,2.40000009537,0.971
3e1p SO4 250 E,SO4,SO4,0.69571864675,0.69571864675,0.0,True,1,2.40000009537,0.929
3e1p SO4 250 D,SO4,SO4,0.46187576257,0.46187576257,0.0,True,1,2.40000009537,0.963
3e1p SO4 250 C,SO4,SO4,0.90878145295,0.90878145295,0.0,True,1,2.40000009537,0.922
3e1p SO4 250 B,GOL,SO4,0.205440132858,0.181157022597,0.0242831102608,False,2,2.40000009537,0.915
3e1p SO4 250 A,SO4,SO4,0.724152839329,0.724152839329,0.0,True,1,2.40000009537,0.919
3e1o SO4 302 G,SO4,SO4,0.583121488546,0.583121488546,0.0,True,1,3.0,0.976
3e1o SO4 302 F,SO4,SO4,0.694525599042,0.694525599042,0.0,True,1,3.0,0.985
3e1o SO4 302 C,SO4,SO4,0.672006951642,0.672006951642,0.0,True,1,3.0,0.984
3e1o SO4 302 A,SO4,SO4,0.774373923472,0.774373923472,0.0,True,1,3.0,0.983
3e1o SO4 250 L,SO4,SO4,0.740842064424,0.740842064424,0.0,True,1,3.0,0.939
3e1o SO4 250 K,SO4,SO4,0.84011564586,0.84011564586,0.0,True,1,3.0,0.914
3e1o SO4 250 J,SO4,SO4,0.565762051947,0.565762051947,0.0,True,1,3.0,0.903
3e1o SO4 250 I,SO4,SO4,0.861860042152,0.861860042152,0.0,True,1,3.0,0.926
3e1o SO4 250 H,SO4,SO4,0.67216919445,0.67216919445,0.0,True,1,3.0,0.919
3e1o SO4 250 G,SO4,SO4,0.859724293913,0.859724293913,0.0,True,1,3.0,0.847
3e1o SO4 250 F,SO4,SO4,0.863854780727,0.863854780727,0.0,True,1,3.0,0.919
3e1o SO4 250 E,SO4,SO4,0.425021824411,0.425021824411,0.0,True,1,3.0,0.923
3e1o SO4 250 D,SO4,SO4,0.736764814014,0.736764814014,0.0,True,1,3.0,0.872
3e1o SO4 250 C,SO4,SO4,0.711518231877,0.711518231877,0.0,True,1,3.0,0.807
3e1o SO4 250 B,SO4,SO4,0.804451274671,0.804451274671,0.0,True,1,3.0,0.916
3e1o SO4 250 A,SO4,SO4,0.864076996579,0.864076996579,0.0,True,1,3.0,0.883
3e1n SO4 302 G,SO4,SO4,0.85224128058,0.85224128058,0.0,True,1,2.79999995232,0.99
3e1n SO4 302 F,SO4,SO4,0.970451590737,0.970451590737,0.0,True,1,2.79999995232,0.993
3e1n SO4 302 B,SO4,SO4,0.928970429395,0.928970429395,0.0,True,1,2.79999995232,0.984
3e1n SO4 302 A,SO4,SO4,0.935043594099,0.935043594099,0.0,True,1,2.79999995232,0.99
3e1n SO4 250 L,SO4,SO4,0.803667902992,0.803667902992,0.0,True,1,2.79999995232,0.956
3e1n SO4 250 K,SO4,SO4,0.774700711076,0.774700711076,0.0,True,1,2.79999995232,0.933
3e1n SO4 250 J,SO4,SO4,0.829009302261,0.829009302261,0.0,True,1,2.79999995232,0.921
3e1n SO4 250 I,SO4,SO4,0.780700809743,0.780700809743,0.0,True,1,2.79999995232,0.917
3e1n SO4 250 H,SO4,SO4,0.760550333789,0.760550333789,0.0,True,1,2.79999995232,0.953
3e1n SO4 250 G,SO4,SO4,0.82562390876,0.82562390876,0.0,True,1,2.79999995232,0.933
3e1n SO4 250 F,SO4,SO4,0.904500561116,0.904500561116,0.0,True,1,2.79999995232,0.949
3e1n SO4 250 E,SO4,SO4,0.878272375933,0.878272375933,0.0,True,1,2.79999995232,0.93
3e1n SO4 250 D,SO4,SO4,0.557607806911,0.557607806911,0.0,True,1,2.79999995232,0.938
3e1n SO4 250 C,SO4,SO4,0.564689055222,0.564689055222,0.0,True,1,2.79999995232,0.892
3e1n SO4 250 B,SO4,SO4,0.443752419592,0.443752419592,0.0,True,1,2.79999995232,0.924
3e1n SO4 250 A,SO4,SO4,0.813732390803,0.813732390803,0.0,True,1,2.79999995232,0.901
3e1m SO4 401 G,SO4,SO4,0.599373932527,0.599373932527,0.0,True,1,2.70000004768,0.987
3e1m SO4 401 F,SO4,SO4,0.901469979371,0.901469979371,0.0,True,1,2.70000004768,0.989
3e1m SO4 401 B,SO4,SO4,0.757535609057,0.757535609057,0.0,True,1,2.70000004768,0.978
3e1m SO4 401 A,SO4,SO4,0.738126730586,0.738126730586,0.0,True,1,2.70000004768,0.989
3e1m SO4 250 L,SO4,SO4,0.932811646711,0.932811646711,0.0,True,1,2.70000004768,0.944
3e1m SO4 250 K,SO4,SO4,0.94523097407,0.94523097407,0.0,True,1,2.70000004768,0.928
3e1m SO4 250 J,SO4,SO4,0.886143680528,0.886143680528,0.0,True,1,2.70000004768,0.97
3e1m SO4 250 I,SO4,SO4,0.880984815973,0.880984815973,0.0,True,1,2.70000004768,0.928
3e1m SO4 250 H,SO4,SO4,0.907318817437,0.907318817437,0.0,True,1,2.70000004768,0.949
3e1m SO4 250 G,SO4,SO4,0.960952065963,0.960952065963,0.0,True,1,2.70000004768,0.944
3e1m SO4 250 F,SO4,SO4,0.929897954053,0.929897954053,0.0,True,1,2.70000004768,0.959
3e1m SO4 250 E,SO4,SO4,0.900898837419,0.900898837419,0.0,True,1,2.70000004768,0.942
3e1m SO4 250 D,CSO,SO4,0.383944126,0.0779643026532,0.305979823347,False,3,2.70000004768,0.931
3e1m SO4 250 C,SO4,SO4,0.812326049784,0.812326049784,0.0,True,1,2.70000004768,0.942
3e1m SO4 250 B,SO4,SO4,0.881821318116,0.881821318116,0.0,True,1,2.70000004768,0.94
3e1m SO4 250 A,SO4,SO4,0.801988089202,0.801988089202,0.0,True,1,2.70000004768,0.925
3e1l SO4 251 K,SO4,SO4,0.89618032822,0.89618032822,0.0,True,1,2.5,0.988
3e1l SO4 251 G,SO4,SO4,0.842651713123,0.842651713123,0.0,True,1,2.5,0.992
3e1l SO4 251 B,SO4,SO4,0.82503650346,0.82503650346,0.0,True,1,2.5,0.993
3e1l SO4 251 A,SO4,SO4,0.870241964732,0.870241964732,0.0,True,1,2.5,0.994
3e1l SO4 250 L,SO4,SO4,0.894356960871,0.894356960871,0.0,True,1,2.5,0.941
3e1l SO4 250 K,SO4,SO4,0.832580027164,0.832580027164,0.0,True,1,2.5,0.906
3e1l SO4 250 J,SO4,SO4,0.945808424485,0.945808424485,0.0,True,1,2.5,0.927
3e1l SO4 250 I,SO4,SO4,0.819040518936,0.819040518936,0.0,True,1,2.5,0.925
3e1l SO4 250 H,SO4,SO4,0.89912402473,0.89912402473,0.0,True,1,2.5,0.942
3e1l SO4 250 G,SO4,SO4,0.695323792409,0.695323792409,0.0,True,1,2.5,0.932
3e1l SO4 250 F,SO4,SO4,0.915266706916,0.915266706916,0.0,True,1,2.5,0.926
3e1l SO4 250 E,SO4,SO4,0.474505309025,0.474505309025,0.0,True,1,2.5,0.913
3e1l SO4 250 D,SO4,SO4,0.3597776644,0.3597776644,0.0,True,1,2.5,0.962
3e1l SO4 250 C,SO4,SO4,0.845564124566,0.845564124566,0.0,True,1,2.5,0.901
3e1l SO4 250 B,SO4,SO4,0.449554502589,0.449554502589,0.0,True,1,2.5,0.933
3e1l SO4 250 A,SO4,SO4,0.951436900418,0.951436900418,0.0,True,1,2.5,0.898
3e1j SO4 251 G,SO4,SO4,0.956305022523,0.956305022523,0.0,True,1,2.70000004768,0.984
3e1j SO4 251 F,SO4,SO4,0.864404865469,0.864404865469,0.0,True,1,2.70000004768,0.991
3e1j SO4 251 B,SO4,SO4,0.85238571813,0.85238571813,0.0,True,1,2.70000004768,0.99
3e1j SO4 251 A,SO4,SO4,0.950529972228,0.950529972228,0.0,True,1,2.70000004768,0.988
3e1j SO4 250 L,SO4,SO4,0.925371922683,0.925371922683,0.0,True,1,2.70000004768,0.944
3e1j SO4 250 K,SO4,SO4,0.848985778095,0.848985778095,0.0,True,1,2.70000004768,0.915
3e1j SO4 250 J,SO4,SO4,0.939440600325,0.939440600325,0.0,True,1,2.70000004768,0.929
3e1j SO4 250 I,SO4,SO4,0.842223212365,0.842223212365,0.0,True,1,2.70000004768,0.906
3e1j SO4 250 H,SO4,SO4,0.858901991808,0.858901991808,0.0,True,1,2.70000004768,0.941
3e1j SO4 250 G,SO4,SO4,0.904786651159,0.904786651159,0.0,True,1,2.70000004768,0.911
3e1j SO4 250 F,SO4,SO4,0.942952460854,0.942952460854,0.0,True,1,2.70000004768,0.931
3e1j SO4 250 E,SO4,SO4,0.885112447619,0.885112447619,0.0,True,1,2.70000004768,0.915
3e1j SO4 250 D,SO4,SO4,0.824175575287,0.824175575287,0.0,True,1,2.70000004768,0.905
3e1j SO4 250 C,SO4,SO4,0.529232421889,0.529232421889,0.0,True,1,2.70000004768,0.855
3e1j SO4 250 B,SO4,SO4,0.861429735215,0.861429735215,0.0,True,1,2.70000004768,0.911
3e1j SO4 250 A,SO4,SO4,0.876960756986,0.876960756986,0.0,True,1,2.70000004768,0.906
3e19 PO4 79 A,TLA,PO4,0.219610538845,0.0503607627293,0.169249776116,False,4,2.0,0.883
3e10 EPE 502 B,SO4,EPE,0.797298479463,0.0125655379284,0.784732941534,False,4,1.39999997616,0.976
3e10 EPE 502 A,MES,EPE,0.72719059254,0.122994131732,0.604196460808,False,2,1.39999997616,0.979
3e0z PG4 109 C,PG4,PG4,0.207293176111,0.207293176111,0.0,True,1,1.70000004768,0.797
3e0v SO4 508 F,SO4,SO4,0.499696689482,0.499696689482,0.0,True,1,3.29999995232,0.765
3e0v SO4 508 C,NAG,SO4,0.246354518233,0.165018669882,0.0813358483512,False,2,3.29999995232,0.727
3e0v SO4 508 B,SO4,SO4,0.49955589861,0.49955589861,0.0,True,1,3.29999995232,0.818
3e0v SO4 508 A,SO4,SO4,0.56650797936,0.56650797936,0.0,True,1,3.29999995232,0.818
3e0v SO4 507 F,PO4,SO4,0.278022807218,0.271319777537,0.00670302968104,False,2,3.29999995232,0.967
3e0v SO4 507 E,SO4,SO4,0.609993338258,0.609993338258,0.0,True,1,3.29999995232,0.949
3e0v SO4 507 D,SO4,SO4,0.609075685969,0.609075685969,0.0,True,1,3.29999995232,0.963
3e0v SO4 507 C,SO4,SO4,0.957656822374,0.957656822374,0.0,True,1,3.29999995232,0.953
3e0v SO4 507 B,SO4,SO4,0.699551854691,0.699551854691,0.0,True,1,3.29999995232,0.95
3e0v SO4 507 A,SO4,SO4,0.622647139859,0.622647139859,0.0,True,1,3.29999995232,0.934
3e0v SO4 506 F,SO4,SO4,0.957812207098,0.957812207098,0.0,True,1,3.29999995232,0.778
3e0v SO4 506 E,SO4,SO4,0.647014647147,0.647014647147,0.0,True,1,3.29999995232,0.77
3e0v SO4 506 D,SO4,SO4,0.880639890829,0.880639890829,0.0,True,1,3.29999995232,0.843
3e0v SO4 506 C,SO4,SO4,0.698285586998,0.698285586998,0.0,True,1,3.29999995232,0.869
3e0v SO4 506 B,SO4,SO4,0.620627682736,0.620627682736,0.0,True,1,3.29999995232,0.863
3e0v SO4 506 A,SO4,SO4,0.868649681027,0.868649681027,0.0,True,1,3.29999995232,0.812
3e0v SO4 505 D,SO4,SO4,0.349238338462,0.349238338462,0.0,True,1,3.29999995232,0.783
3e0v SO4 505 C,GOL,SO4,0.224585405939,0.213631322014,0.0109540839241,False,2,3.29999995232,0.788
3e0v SO4 505 B,SO4,SO4,0.254958115142,0.254958115142,0.0,True,1,3.29999995232,0.761
3e0v SO4 503 F,SO4,SO4,0.654131446526,0.654131446526,0.0,True,1,3.29999995232,0.698
3e0v SO4 503 E,SO4,SO4,0.711439833106,0.711439833106,0.0,True,1,3.29999995232,0.804
3e0v SO4 503 D,NAG,SO4,0.438537352688,0.0498653781275,0.38867197456,False,3,3.29999995232,0.834
3e0v SO4 503 C,SO4,SO4,0.694140618183,0.694140618183,0.0,True,1,3.29999995232,0.746
3e0v SO4 503 B,SO4,SO4,0.537490251988,0.537490251988,0.0,True,1,3.29999995232,0.858
3e0v SO4 503 A,SO4,SO4,0.614921604214,0.614921604214,0.0,True,1,3.29999995232,0.802
3e0v SO4 502 F,SO4,SO4,0.940985718024,0.940985718024,0.0,True,1,3.29999995232,0.958
3e0v SO4 502 E,SO4,SO4,0.925462700052,0.925462700052,0.0,True,1,3.29999995232,0.926
3e0v SO4 502 D,SO4,SO4,0.343946598522,0.343946598522,0.0,True,1,3.29999995232,0.966
3e0v SO4 502 C,SO4,SO4,0.934280872769,0.934280872769,0.0,True,1,3.29999995232,0.955
3e0v SO4 502 B,SO4,SO4,0.87910909317,0.87910909317,0.0,True,1,3.29999995232,0.956
3e0v SO4 502 A,SO4,SO4,0.9342115078,0.9342115078,0.0,True,1,3.29999995232,0.96
3e0v SO4 501 F,SO4,SO4,0.848032758247,0.848032758247,0.0,True,1,3.29999995232,0.862
3e0v SO4 501 E,SO4,SO4,0.957338668794,0.957338668794,0.0,True,1,3.29999995232,0.905
3e0v SO4 501 D,SO4,SO4,0.89859494816,0.89859494816,0.0,True,1,3.29999995232,0.896
3e0v SO4 501 C,SO4,SO4,0.69628511838,0.69628511838,0.0,True,1,3.29999995232,0.886
3e0v SO4 501 B,SO4,SO4,0.805260347162,0.805260347162,0.0,True,1,3.29999995232,0.927
3e0v SO4 501 A,SO4,SO4,0.950444559684,0.950444559684,0.0,True,1,3.29999995232,0.901
3e0s SO4 5 A,SO4,SO4,0.907503836577,0.907503836577,0.0,True,1,2.09999990463,0.993
3e0s SO4 4 B,SO4,SO4,0.852691873532,0.852691873532,0.0,True,1,2.09999990463,0.987
3e0s SO4 3 B,DMS,SO4,0.52310961973,0.225177372779,0.297932246951,False,2,2.09999990463,0.934
3e0s SO4 2 A,SO4,SO4,0.803344773776,0.803344773776,0.0,True,1,2.09999990463,0.917
3e0s SO4 1 A,SO4,SO4,0.878650563391,0.878650563391,0.0,True,1,2.09999990463,0.993
3e0n SO4 2 B,SO4,SO4,0.808220807204,0.808220807204,0.0,True,1,1.70000004768,0.932
3e0n SO4 1 B,SO4,SO4,0.973536665853,0.973536665853,0.0,True,1,1.70000004768,0.989
3e0k SO4 501 A,SO4,SO4,0.734418383836,0.734418383836,0.0,True,1,2.5,0.97
3e0i PO4 4269 B,SO4,PO4,0.847320829437,0.128887621639,0.718433207798,False,2,1.70000004768,0.984
3e0i PO4 3269 A,SO4,PO4,0.827159839267,0.0600711693557,0.767088669911,False,2,1.70000004768,0.987
3e0f PO4 305 A,SO4,PO4,0.853507469373,0.0125683308253,0.840939138548,False,2,2.40000009537,0.971
3dzz PG4 393 B,EDO,PG4,0.464076750664,0.000333215295829,0.463743535368,False,192,1.60000002384,0.784
3dzv SO4 274 B,SEP,SO4,0.1929259777,0.0487311929804,0.14419478472,False,5,2.59999990463,0.87
3dzv SO4 274 A,SO4,SO4,0.518523721394,0.518523721394,0.0,True,1,2.59999990463,0.876
3dzt TRS 306 A,TRS,TRS,0.779751984593,0.779751984593,0.0,True,1,1.79999995232,0.932
3dzm C8E 210 B,GOL,C8E,0.516776950524,0.000256463136292,0.516520487388,False,95,2.79999995232,0.617
3dzm C8E 210 A,SO4,C8E,0.131996329338,0.0313668592316,0.100629470106,False,7,2.79999995232,0.627
3dzm C8E 209 C,SO4,C8E,0.322719863945,0.000674089401194,0.322045774544,False,155,2.79999995232,0.628
3dzm C8E 209 B,SO4,C8E,0.444710942846,0.000958396828205,0.443752546018,False,71,2.79999995232,0.738
3dze TRS 176 A,GOL,TRS,0.878143472385,0.047247931185,0.8308955412,False,2,1.20000004768,0.891
3dz8 GDP 201 A,GDP,GDP,0.713391587935,0.713391587935,0.0,True,1,1.89999997616,0.969
3dyt SO4 701 A,ACT,SO4,0.284458392529,0.190166162751,0.094292229778,False,3,2.09999990463,0.903
3dy7 ATP 9000 A,ADP_MG,ATP_MG,0.367433384728,0.195978347563,0.171455037165,False,2,2.70000004768,0.976
3dxz SO4 5 A,SO4,SO4,0.699713520826,0.699713520826,0.0,True,1,1.60000002384,0.921
3dxz SAH 1 A,SAH,SAH,0.98752115016,0.98752115016,0.0,True,1,1.60000002384,0.972
3dxy SO4 4 A,SO4,SO4,0.916104252465,0.916104252465,0.0,True,1,1.5,0.97
3dxy SAM 1 A,SAH,SAM,0.711509980585,0.139347165326,0.572162815259,False,2,1.5,0.913
3dxu SO4 393 A,SO4,SO4,0.919213732098,0.919213732098,0.0,True,1,2.20000004768,0.973
3dxu SO4 392 A,SO4,SO4,0.437158389603,0.437158389603,0.0,True,1,2.20000004768,0.949
3dxu SO4 391 A,SO4,SO4,0.711609566113,0.711609566113,0.0,True,1,2.20000004768,0.955
3dxt SO4 803 A,SO4,SO4,0.674292301882,0.674292301882,0.0,True,1,1.79999995232,0.961
3dxt SO4 802 A,SO4,SO4,0.644552674421,0.644552674421,0.0,True,1,1.79999995232,0.971
3dxt SO4 801 A,SO4,SO4,0.949212085619,0.949212085619,0.0,True,1,1.79999995232,0.961
3dxl TRS 305 A,GOL,TRS,0.974866487048,0.000903882285222,0.973962604763,False,4,1.29999995232,0.872
3dxj PO4 316 A,SO4,PO4,0.543961765914,0.309366964618,0.234594801297,False,2,3.0,0.965
3dxj PO4 1528 D,SO4,PO4,0.567471451353,0.123649076345,0.443822375009,False,3,3.0,0.961
3dx4 MRD 1048 A,GOL,MRD,0.330615188999,0.021787689146,0.308827499853,False,7,1.39999997616,0.933
3dx3 MRD 1049 A,MPD,MRD,0.320538065932,0.202558213295,0.117979852637,False,2,1.39999997616,0.952
3dx2 MRD 1047 A,MPD,MRD,0.687541310303,0.0696991011881,0.617842209115,False,2,1.39999997616,0.927
3dx0 SO4 1048 A,SO4,SO4,0.679248005383,0.679248005383,0.0,True,1,1.70000004768,0.923
3dwz PO4 2 A,PO4,PO4,0.634610475838,0.634610475838,0.0,True,1,1.79999995232,0.975
3dwz PO4 1 A,PO4,PO4,0.940021306512,0.940021306512,0.0,True,1,1.79999995232,0.994
3dwo SO4 452 X,SO4,SO4,0.954769246887,0.954769246887,0.0,True,1,2.09999990463,0.963
3dwo C8E 455 X,GOL,C8E,0.179906466204,0.0268202152452,0.153086250959,False,10,2.09999990463,0.785
3dwo C8E 454 X,PEG,C8E,0.202006211784,0.0380983599456,0.163907851838,False,7,2.09999990463,0.76
3dwo C8E 453 X,PLM,C8E,0.186389219889,0.0709348083847,0.115454411505,False,6,2.09999990463,0.859
3dwk SO4 9 D,SO4,SO4,0.635466865745,0.635466865745,0.0,True,1,3.09999990463,0.945
3dwk SO4 8 B,SO4,SO4,0.550640889104,0.550640889104,0.0,True,1,3.09999990463,0.981
3dwk SO4 7 D,SO4,SO4,0.941819180558,0.941819180558,0.0,True,1,3.09999990463,0.989
3dwk SO4 6 C,SO4,SO4,0.433036838918,0.433036838918,0.0,True,1,3.09999990463,0.977
3dwk SO4 5 D,SO4,SO4,0.708793084429,0.708793084429,0.0,True,1,3.09999990463,0.958
3dwk SO4 46 A,SO4,SO4,0.770455133888,0.770455133888,0.0,True,1,3.09999990463,0.897
3dwk SO4 45 A,SO4,SO4,0.619557225049,0.619557225049,0.0,True,1,3.09999990463,0.956
3dwk SO4 44 B,SO4,SO4,0.462501246436,0.462501246436,0.0,True,1,3.09999990463,0.948
3dwk SO4 43 A,SO4,SO4,0.30956604528,0.30956604528,0.0,True,1,3.09999990463,0.829
3dwk SO4 42 B,SO4,SO4,0.832659024599,0.832659024599,0.0,True,1,3.09999990463,0.949
3dwk SO4 41 A,ACT,SO4,0.488119242844,0.238116232063,0.250003010781,False,2,3.09999990463,0.934
3dwk SO4 40 D,SO4,SO4,0.8162354279,0.8162354279,0.0,True,1,3.09999990463,0.91
3dwk SO4 4 C,GOL,SO4,0.459642725258,0.273540667256,0.186102058002,False,2,3.09999990463,0.925
3dwk SO4 39 D,SO4,SO4,0.385335869005,0.385335869005,0.0,True,1,3.09999990463,0.88
3dwk SO4 38 B,SO4,SO4,0.688939998265,0.688939998265,0.0,True,1,3.09999990463,0.961
3dwk SO4 36 B,SO4,SO4,0.590986352656,0.590986352656,0.0,True,1,3.09999990463,0.932
3dwk SO4 35 B,SO4,SO4,0.729968520892,0.729968520892,0.0,True,1,3.09999990463,0.967
3dwk SO4 34 B,SO4,SO4,0.910323510204,0.910323510204,0.0,True,1,3.09999990463,0.969
3dwk SO4 33 C,SO4,SO4,0.853546839492,0.853546839492,0.0,True,1,3.09999990463,0.933
3dwk SO4 32 B,SO4,SO4,0.49535638184,0.49535638184,0.0,True,1,3.09999990463,0.916
3dwk SO4 31 C,SO4,SO4,0.309754065265,0.309754065265,0.0,True,1,3.09999990463,0.934
3dwk SO4 30 D,SO4,SO4,0.733634580035,0.733634580035,0.0,True,1,3.09999990463,0.962
3dwk SO4 3 A,SO4,SO4,0.887276491027,0.887276491027,0.0,True,1,3.09999990463,0.972
3dwk SO4 29 A,SO4,SO4,0.722515081579,0.722515081579,0.0,True,1,3.09999990463,0.971
3dwk SO4 28 C,SO4,SO4,0.958283220466,0.958283220466,0.0,True,1,3.09999990463,0.888
3dwk SO4 27 A,LDA,SO4,0.691345341567,0.00799841146645,0.6833469301,False,12,3.09999990463,0.876
3dwk SO4 26 A,SO4,SO4,0.205932345307,0.205932345307,0.0,True,1,3.09999990463,0.97
3dwk SO4 25 B,SO4,SO4,0.759058007088,0.759058007088,0.0,True,1,3.09999990463,0.954
3dwk SO4 24 A,SO4,SO4,0.396034732037,0.396034732037,0.0,True,1,3.09999990463,0.943
3dwk SO4 23 B,SO4,SO4,0.810415309098,0.810415309098,0.0,True,1,3.09999990463,0.97
3dwk SO4 22 A,SO4,SO4,0.828037171266,0.828037171266,0.0,True,1,3.09999990463,0.937
3dwk SO4 21 B,SO4,SO4,0.556243713495,0.556243713495,0.0,True,1,3.09999990463,0.956
3dwk SO4 20 B,SO4,SO4,0.302071732379,0.302071732379,0.0,True,1,3.09999990463,0.928
3dwk SO4 2 C,SO4,SO4,0.884701517617,0.884701517617,0.0,True,1,3.09999990463,0.883
3dwk SO4 19 C,SO4,SO4,0.770290659473,0.770290659473,0.0,True,1,3.09999990463,0.973
3dwk SO4 18 C,SO4,SO4,0.773448417483,0.773448417483,0.0,True,1,3.09999990463,0.976
3dwk SO4 17 A,SO4,SO4,0.902649133773,0.902649133773,0.0,True,1,3.09999990463,0.966
3dwk SO4 16 A,SO4,SO4,0.429744823986,0.429744823986,0.0,True,1,3.09999990463,0.896
3dwk SO4 15 A,SO4,SO4,0.775793949706,0.775793949706,0.0,True,1,3.09999990463,0.979
3dwk SO4 14 D,GOL,SO4,0.311408626335,0.136589612938,0.174819013397,False,3,3.09999990463,0.933
3dwk SO4 13 D,SO4,SO4,0.713620146887,0.713620146887,0.0,True,1,3.09999990463,0.926
3dwk SO4 12 A,GOL,SO4,0.271623636656,0.2418573841,0.0297662525554,False,2,3.09999990463,0.92
3dwk SO4 11 A,SO4,SO4,0.71853800909,0.71853800909,0.0,True,1,3.09999990463,0.945
3dwk SO4 10 D,SO4,SO4,0.865272048405,0.865272048405,0.0,True,1,3.09999990463,0.983
3dwk SO4 1 C,SO4,SO4,0.838114002692,0.838114002692,0.0,True,1,3.09999990463,0.967
3dwj SO4 1 A,SO4,SO4,0.892725934842,0.892725934842,0.0,True,1,2.79999995232,0.924
3dwi SO4 325 B,SO4,SO4,0.897878125591,0.897878125591,0.0,True,1,2.79999995232,0.935
3dwi SO4 324 B,SO4,SO4,0.747676711203,0.747676711203,0.0,True,1,2.79999995232,0.866
3dwh SO4 618 A,SO4,SO4,0.792713701407,0.792713701407,0.0,True,1,2.0,0.949
3dwh SO4 1 A,SO4,SO4,0.957136598421,0.957136598421,0.0,True,1,2.0,0.974
3dwf SO4 5 C,SO4,SO4,0.84848687509,0.84848687509,0.0,True,1,2.20000004768,0.974
3dwf SO4 4 D,SO4,SO4,0.873526817314,0.873526817314,0.0,True,1,2.20000004768,0.98
3dwf SO4 3 C,SO4,SO4,0.866901001809,0.866901001809,0.0,True,1,2.20000004768,0.993
3dwf SO4 2 B,SO4,SO4,0.892906317124,0.892906317124,0.0,True,1,2.20000004768,0.991
3dwf SO4 1 A,SO4,SO4,0.860933566541,0.860933566541,0.0,True,1,2.20000004768,0.985
3dwf NAP 301 D,NDP,NAP,0.634684708269,0.314883304427,0.319801403843,False,2,2.20000004768,0.973
3dwf NAP 301 C,POP,NAP,0.0851059691797,0.00361008529785,0.0814958838819,False,41,2.20000004768,0.94
3dwf NAP 301 B,NAP,NAP,0.848393858489,0.848393858489,0.0,True,1,2.20000004768,0.968
3dwf NAP 301 A,ADP,NAP,0.259585914694,0.104699529651,0.154886385043,False,3,2.20000004768,0.957
3dvx SO4 197 B,SO4,SO4,0.432780334425,0.432780334425,0.0,True,1,2.79999995232,0.875
3dvx SO4 197 A,SO4,SO4,0.844995600584,0.844995600584,0.0,True,1,2.79999995232,0.967
3dvx SO4 196 B,SO4,SO4,0.758726815308,0.758726815308,0.0,True,1,2.79999995232,0.942
3dvx SO4 196 A,SO4,SO4,0.529415657744,0.529415657744,0.0,True,1,2.79999995232,0.896
3dvl ATP 903 F,ATP,ATP,0.810000774366,0.810000774366,0.0,True,1,2.79999995232,0.936
3dvl ATP 903 E,ATP,ATP,0.774095164758,0.774095164758,0.0,True,1,2.79999995232,0.956
3dvl ATP 903 D,ATP,ATP,0.509821436985,0.509821436985,0.0,True,1,2.79999995232,0.945
3dvl ATP 903 C,ATP,ATP,0.702518745772,0.702518745772,0.0,True,1,2.79999995232,0.913
3dvl ATP 903 B,ATP,ATP,0.826918497789,0.826918497789,0.0,True,1,2.79999995232,0.874
3dvl ATP 903 A,ATP,ATP,0.778765078342,0.778765078342,0.0,True,1,2.79999995232,0.883
3dvl ATP 901 F,ATP,ATP,0.809680201137,0.809680201137,0.0,True,1,2.79999995232,0.881
3dvl ATP 901 E,ATP_MG,ATP_MG,0.430610840258,0.430610840258,0.0,True,1,2.79999995232,0.89
3dvl ATP 901 D,ATP_MG,ATP_MG,0.461700387721,0.461700387721,0.0,True,1,2.79999995232,0.946
3dvl ATP 901 C,ATP_MG,ATP_MG,0.850262320844,0.850262320844,0.0,True,1,2.79999995232,0.954
3dvl ATP 901 B,ATP,ATP,0.853761379067,0.853761379067,0.0,True,1,2.79999995232,0.919
3dvl ATP 901 A,ATP,ATP,0.849707391775,0.849707391775,0.0,True,1,2.79999995232,0.844
3dv9 PO4 302 A,PCA,MG_PO4,0.215227390936,0.074520746438,0.140706644498,False,5,1.70000004768,0.951
3dv6 PG4 115 B,1PE,PG4,0.795516028485,0.104473967197,0.691042061288,False,2,2.0,0.933
3dv3 ATP 9000 A,ADP_MG,ATP_MG,0.446557535829,0.354611709713,0.0919458261159,False,2,2.29999995232,0.968
3dv2 SO4 203 D,SO4,SO4,0.902546353392,0.902546353392,0.0,True,1,2.29999995232,0.977
3dv2 SO4 203 C,SO4,SO4,0.890405829156,0.890405829156,0.0,True,1,2.29999995232,0.98
3dv2 SO4 203 B,SO4,SO4,0.867235802826,0.867235802826,0.0,True,1,2.29999995232,0.976
3dv2 SO4 203 A,SO4,SO4,0.835598161575,0.835598161575,0.0,True,1,2.29999995232,0.977
3dv2 SO4 202 D,SO4,SO4,0.897528533409,0.897528533409,0.0,True,1,2.29999995232,0.985
3dv2 SO4 202 C,SO4,SO4,0.788013741196,0.788013741196,0.0,True,1,2.29999995232,0.979
3dv2 SO4 202 B,SO4,SO4,0.743029561355,0.743029561355,0.0,True,1,2.29999995232,0.981
3dv2 SO4 202 A,SO4,SO4,0.901145696078,0.901145696078,0.0,True,1,2.29999995232,0.977
3duu PG4 115 D,1PE,PG4,0.309157814922,0.131449146026,0.177708668896,False,3,1.89999997616,0.958
3duu PG4 115 B,NAG,PG4,0.387210172147,0.0221096022297,0.365100569917,False,5,1.89999997616,0.957
3dut PO4 147 B,SO4,PO4,0.76199260664,0.0455737608395,0.716418845801,False,3,1.60000002384,0.931
3dut PO4 142 C,SO4,PO4,0.758461382625,0.0253347456113,0.733126637013,False,4,1.60000002384,0.964
3dup PO4 299 B,SO4,PO4,0.930551273313,0.026453167232,0.904098106081,False,2,1.79999995232,0.981
3dup PO4 299 A,SO4,PO4,0.87223141917,0.104606139296,0.767625279874,False,2,1.79999995232,0.984
3dtz FMT 301 B,EDO,FMT,0.661578053197,0.0249298055735,0.636648247624,False,6,1.79999995232,0.922
3dtv SO4 1009 D,SO4,SO4,0.831176587819,0.831176587819,0.0,True,1,2.0,0.928
3dtv SO4 1008 C,SO4,SO4,0.240449847696,0.240449847696,0.0,True,1,2.0,0.929
3dtv SO4 1007 C,SO4,SO4,0.846139981622,0.846139981622,0.0,True,1,2.0,0.994
3dtv SO4 1005 B,EDO,SO4,0.540537854619,0.0454793408553,0.495058513764,False,4,2.0,0.813
3dtv SO4 1003 A,SO4,SO4,0.87997011265,0.87997011265,0.0,True,1,2.0,0.928
3dtv SO4 1001 A,SO4,SO4,0.813527550426,0.813527550426,0.0,True,1,2.0,0.972
3dtv SO4 1000 A,SO4,SO4,0.928695843838,0.928695843838,0.0,True,1,2.0,0.963
3dtv CME 188 D,CME,CME,0.392251390313,0.392251390313,0.0,True,1,2.0,0.946
3dtv CME 148 C,MLY,CME,0.737768120666,0.0255999058608,0.712168214805,False,3,2.0,0.859
3dtv CME 148 B,NAG,CME,0.211485809066,0.0299704041938,0.181515404872,False,6,2.0,0.774
3dtu PO4 573 C,SO4,PO4,0.196536973211,0.0450957022278,0.151441270983,False,6,2.20000004768,0.845
3dtt NAP 300 B,NAP,NAP,0.227526794154,0.227526794154,0.0,True,1,1.70000004768,0.974
3dtt NAP 300 A,TYD,NAP,0.124659885551,0.0518123871104,0.072847498441,False,5,1.70000004768,0.961
3dtf SO4 370 B,SO4,SO4,0.689191930421,0.689191930421,0.0,True,1,2.20000004768,0.989
3dtf SO4 370 A,SO4,SO4,0.826761059569,0.826761059569,0.0,True,1,2.20000004768,0.992
3dtc SO4 8001 A,SO4,SO4,0.855029556337,0.855029556337,0.0,True,1,2.59999990463,0.942
3dta LDA 703 H,LDA,LDA,0.681809509968,0.681809509968,0.0,True,1,3.20000004768,0.898
3dta LDA 701 M,LDA,LDA,0.258515573145,0.258515573145,0.0,True,1,3.20000004768,0.897
3dsy LDA 704 M,LDA,LDA,0.318870074847,0.318870074847,0.0,True,1,3.0,0.618
3dsy LDA 703 H,LDA,LDA,0.606097493614,0.606097493614,0.0,True,1,3.0,0.882
3dsy LDA 701 M,LDA,LDA,0.673487353913,0.673487353913,0.0,True,1,3.0,0.902
3dso SCN 201 A,SCN,SCN,0.935888447848,0.935888447848,0.0,True,1,1.5,0.981
3dsf BMA 302 H,MAN,BMA,0.218527602667,0.0481961023581,0.170331500309,False,6,2.79999995232,0.804
3dsb SO4 2 A,SO4,SO4,0.919989468228,0.919989468228,0.0,True,1,1.5,0.983
3dsb SO4 1 B,SO4,SO4,0.920584543345,0.920584543345,0.0,True,1,1.5,0.966
3ds8 SO4 258 A,SO4,SO4,0.706186542175,0.706186542175,0.0,True,1,1.79999995232,0.883
3ds8 SO4 257 A,SO4,SO4,0.380103916923,0.380103916923,0.0,True,1,1.79999995232,0.733
3ds8 SO4 255 A,PO4,SO4,0.559902336762,0.358769983293,0.201132353469,False,2,1.79999995232,0.988
3drw AMP 1485 B,ADP,AMP,0.480491025859,0.00496264689379,0.475528378965,False,18,1.89999997616,0.91
3drn CIT 600 B,GOL,CIT,0.347394977673,0.00806556769199,0.339329409981,False,13,2.20000004768,0.764
3drn CIT 500 A,GOL,CIT,0.40795426215,0.0017300094357,0.406224252714,False,40,2.20000004768,0.704
3dr9 SO4 343 B,SO4,SO4,0.987358822947,0.987358822947,0.0,True,1,1.20000004768,0.992
3dr8 ACO 1423 B,NAP,ACO,0.450908828329,0.111191762867,0.339717065462,False,3,2.0,0.97
3dr8 ACO 1423 A,COA,ACO,0.379022321518,0.308593189034,0.0704291324844,False,2,2.0,0.965
3dqy CSO 69 A,ABA,CSO,0.254569309609,0.0569830560396,0.19758625357,False,3,1.20000004768,0.906
3dqx AMP 2 B,BOG,AMP,0.29407494549,0.00669721003831,0.287377735452,False,17,2.29999995232,0.854
3dqx AMP 1 A,NAG,AMP,0.245712528961,0.0206963143473,0.225016214613,False,6,2.29999995232,0.849
3dqw PTR 416 D,GOL,PTR,0.494673746906,0.000541187897014,0.494132559009,False,140,2.0,0.806
3dqw PTR 416 B,DOC,PTR,0.776127298708,0.0921430567008,0.683984242007,False,2,2.0,0.943
3dqt CAC 850 B,SO4,CAC,0.533696677838,0.00191365115169,0.531783026686,False,52,2.5,0.975
3dqt CAC 850 A,SO4,CAC,0.221300052714,0.0272848140643,0.194015238649,False,6,2.5,0.991
3dqm CR2 66 A,CR2,CR2,0.868631504268,0.868631504268,0.0,True,1,1.39999997616,0.941
3dql CR2 66 A,CR2,CR2,0.73017347951,0.73017347951,0.0,True,1,1.5,0.957
3dqk CR2 66 A,CR2,CR2,0.833199778032,0.833199778032,0.0,True,1,1.39999997616,0.945
3dqj CR2 66 A,CR2,CR2,0.879181122675,0.879181122675,0.0,True,1,1.5,0.964
3dqi CR2 66 A,CR2,CR2,0.976669452092,0.976669452092,0.0,True,1,1.39999997616,0.946
3dqh CR2 66 A,CR2,CR2,0.611583468408,0.611583468408,0.0,True,1,1.5,0.961
3dqf CR2 66 A,CR2,CR2,0.595812553975,0.595812553975,0.0,True,1,1.5,0.961
3dqe CR2 66 A,CR2,CR2,0.835764689636,0.835764689636,0.0,True,1,1.39999997616,0.965
3dqd CR2 66 A,CR2,CR2,0.964331561198,0.964331561198,0.0,True,1,1.39999997616,0.964
3dqc CR2 66 A,CR2,CR2,0.628451464214,0.628451464214,0.0,True,1,1.5,0.946
3dqa CR2 66 A,CR2,CR2,0.747031558696,0.747031558696,0.0,True,1,1.39999997616,0.958
3dq9 CR2 66 A,CR2,CR2,0.937227581606,0.937227581606,0.0,True,1,1.39999997616,0.962
3dq8 CR2 66 A,CR2,CR2,0.741908693951,0.741908693951,0.0,True,1,1.5,0.962
3dpp SO4 1001 A,SO4,SO4,0.630986736032,0.630986736032,0.0,True,1,2.5,0.966
3dpo SO4 1006 B,SO4,SO4,0.716505778808,0.716505778808,0.0,True,1,2.09999990463,0.962
3dpo SO4 1005 A,PO4,SO4,0.287533408726,0.267221114224,0.0203122945012,False,2,2.09999990463,0.928
3dpo SO4 1004 B,DMS,SO4,0.711863028216,0.0764327317447,0.635430296472,False,2,2.09999990463,0.926
3dpo SO4 1003 A,SO4,SO4,0.572234131912,0.572234131912,0.0,True,1,2.09999990463,0.891
3dpo SO4 1002 A,DMS,SO4,0.640206068358,0.0887890377127,0.551417030646,False,2,2.09999990463,0.93
3dpo SO4 1001 B,EDO,SO4,0.316148075495,0.233361146875,0.0827869286197,False,2,2.09999990463,0.918
3dpk SO4 3 A,SO4,SO4,0.563944648561,0.563944648561,0.0,True,1,1.79999995232,0.991
3dpk SO4 2 A,SO4,SO4,0.894202776078,0.894202776078,0.0,True,1,1.79999995232,0.979
3dpk SO4 1 A,SO4,SO4,0.597781329339,0.597781329339,0.0,True,1,1.79999995232,0.951
3dpj MES 192 H,GOL,MES,0.140968174159,0.0263999959557,0.114568178203,False,11,1.89999997616,0.942
3dpj MES 192 F,SIA,MES,0.145848729697,0.00375994070923,0.142088788987,False,42,1.89999997616,0.923
3dpj MES 192 D,SUC,MES,0.124637120049,0.0202687598066,0.104368360243,False,9,1.89999997616,0.872
3dpc TRS 457 A,GOL,TRS,0.574703384141,0.00208202249981,0.572621361641,False,15,2.29999995232,0.826
3dp8 SO4 508 A,SO4,SO4,0.599300728726,0.599300728726,0.0,True,1,2.5,0.865
3dp5 SO4 1 A,SO4,SO4,0.756054427802,0.756054427802,0.0,True,1,1.89999997616,0.96
3doz BEN 162 B,SO4,BEN,0.404421626243,0.0728736388394,0.331547987403,False,3,2.5,0.839
3doz BEN 162 A,SO4,BEN,0.442365833052,0.00182881216576,0.440537020886,False,33,2.5,0.939
3doz BEN 161 C,BEN,BEN,0.348689144954,0.348689144954,0.0,True,1,2.5,0.844
3doz BEN 161 B,GOL,BEN,0.329568289951,0.0227735301826,0.306794759768,False,6,2.5,0.855
3doz BEN 161 A,DMS,BEN,0.383585422431,0.00378368446246,0.379801737968,False,15,2.5,0.911
3doy BEN 2009 B,SO4,BEN,0.693165415998,0.0175236760571,0.675641739941,False,5,2.40000009537,0.752
3doy BEN 2008 E,GOL,BEN,0.529989686382,0.0957428915274,0.434246794855,False,3,2.40000009537,0.829
3doy BEN 2007 B,BEN,BEN,0.781388980597,0.781388980597,0.0,True,1,2.40000009537,0.769
3doy BEN 2005 A,GOL,BEN,0.253345070114,0.227017064691,0.0263280054234,False,2,2.40000009537,0.861
3doy BEN 2004 C,BEN,BEN,0.708833087977,0.708833087977,0.0,True,1,2.40000009537,0.888
3doy BEN 2001 A,BEN,BEN,0.901198590274,0.901198590274,0.0,True,1,2.40000009537,0.923
3dou SAM 1 A,SAH,SAM,0.397530846135,0.0794474320132,0.318083414122,False,3,1.39999997616,0.982
3dor SO4 624 A,SO4,SO4,0.583029845852,0.583029845852,0.0,True,1,2.20000004768,0.895
3dor SO4 623 A,SO4,SO4,0.419750712082,0.419750712082,0.0,True,1,2.20000004768,0.912
3dor SO4 622 A,SO4,SO4,0.835465232005,0.835465232005,0.0,True,1,2.20000004768,0.916
3dor SO4 621 B,SO4,SO4,0.759911530844,0.759911530844,0.0,True,1,2.20000004768,0.95
3dor SO4 621 A,SO4,SO4,0.838086937296,0.838086937296,0.0,True,1,2.20000004768,0.938
3dor SO4 620 B,MLY,SO4,0.195323578584,0.122392277538,0.0729313010463,False,2,2.20000004768,0.957
3dor SO4 620 A,SO4,SO4,0.450452902906,0.450452902906,0.0,True,1,2.20000004768,0.822
3dor SO4 619 B,SO4,SO4,0.965312937874,0.965312937874,0.0,True,1,2.20000004768,0.989
3dor SO4 619 A,SO4,SO4,0.939284303251,0.939284303251,0.0,True,1,2.20000004768,0.9
3dor SO4 618 B,SO4,SO4,0.597513632031,0.597513632031,0.0,True,1,2.20000004768,0.918
3dor SO4 618 A,SO4,SO4,0.923036958722,0.923036958722,0.0,True,1,2.20000004768,0.94
3dor SO4 617 B,SO4,SO4,0.939806191822,0.939806191822,0.0,True,1,2.20000004768,0.986
3dor SO4 617 A,SO4,SO4,0.869776701869,0.869776701869,0.0,True,1,2.20000004768,0.985
3dor SO4 616 B,SO4,SO4,0.811183884762,0.811183884762,0.0,True,1,2.20000004768,0.954
3dor SO4 616 A,SO4,SO4,0.902958360499,0.902958360499,0.0,True,1,2.20000004768,0.993
3dop NAP 944 A,NAP,NAP,0.834717451077,0.834717451077,0.0,True,1,2.0,0.946
3dop NAP 943 B,NAP,NAP,0.914737901939,0.914737901939,0.0,True,1,2.0,0.963
3dol PO4 1301 A,SO4,PO4,0.588679205847,0.171744984401,0.416934221446,False,2,2.5,0.881
3dol PO4 1300 A,GOL,PO4,0.436722375174,0.00986355548039,0.426858819693,False,8,2.5,0.785
3dok PO4 1300 A,SO4,PO4,0.694126306524,0.042135156733,0.651991149791,False,3,2.90000009537,0.855
3doh SO4 504 B,SO4,SO4,0.637994583406,0.637994583406,0.0,True,1,2.59999990463,0.969
3doh SO4 503 B,SO4,SO4,0.568959708785,0.568959708785,0.0,True,1,2.59999990463,0.986
3doh SO4 502 A,SO4,SO4,0.617533559673,0.617533559673,0.0,True,1,2.59999990463,0.982
3doh SO4 501 B,SO4,SO4,0.877144910715,0.877144910715,0.0,True,1,2.59999990463,0.972
3doh SO4 500 B,SO4,SO4,0.791827649355,0.791827649355,0.0,True,1,2.59999990463,0.974
3doh SO4 404 A,SO4,SO4,0.878536754683,0.878536754683,0.0,True,1,2.59999990463,0.977
3doh SO4 403 A,SO4,SO4,0.853253120736,0.853253120736,0.0,True,1,2.59999990463,0.979
3doh SO4 402 A,SO4,SO4,0.595121705652,0.595121705652,0.0,True,1,2.59999990463,0.987
3doh SO4 401 A,SO4,SO4,0.797078853211,0.797078853211,0.0,True,1,2.59999990463,0.983
3doh SO4 400 A,SO4,SO4,0.914576928523,0.914576928523,0.0,True,1,2.59999990463,0.984
3do5 PO4 328 A,SO4,PO4,0.820264289083,0.0836146059007,0.736649683182,False,2,2.20000004768,0.842
3dnv SO4 840 B,SO4,SO4,0.693399821193,0.693399821193,0.0,True,1,2.70000004768,0.913
3dnv SO4 839 A,SO4,SO4,0.741088884537,0.741088884537,0.0,True,1,2.70000004768,0.762
3dnv SO4 838 A,NAG,SO4,0.29697019664,0.127495954999,0.169474241641,False,2,2.70000004768,0.835
3dnv SO4 837 A,SO4,SO4,0.729059834957,0.729059834957,0.0,True,1,2.70000004768,0.877
3dnv SO4 836 A,SO4,SO4,0.504951146778,0.504951146778,0.0,True,1,2.70000004768,0.904
3dnv SO4 835 A,SO4,SO4,0.294614501214,0.294614501214,0.0,True,1,2.70000004768,0.884
3dnv SO4 834 A,SO4,SO4,0.476926817234,0.476926817234,0.0,True,1,2.70000004768,0.912
3dnv SO4 833 A,SO4,SO4,0.84765686754,0.84765686754,0.0,True,1,2.70000004768,0.973
3dnu PO4 834 A,SO4,PO4,0.672584969616,0.123420841258,0.549164128358,False,2,1.5,0.955
3dnu PO4 833 A,SO4,PO4,0.850600831404,0.116972218947,0.733628612457,False,2,1.5,0.983
3dnt SO4 834 B,PO4,SO4,0.492297460895,0.471881632701,0.0204158281941,False,2,1.70000004768,0.942
3dnt SO4 833 A,SO4,SO4,0.697332583279,0.697332583279,0.0,True,1,1.70000004768,0.965
3dnm SO4 328 B,EDO,SO4,0.483381650311,0.0569170385349,0.426464611776,False,4,2.79999995232,0.751
3dnm SO4 327 B,GOL,SO4,0.315493651054,0.138132288581,0.177361362473,False,3,2.79999995232,0.856
3dnm SO4 325 D,SO4,SO4,0.48750850551,0.48750850551,0.0,True,1,2.79999995232,0.903
3dnm SO4 325 B,GOL,SO4,0.499931767505,0.26856101389,0.231370753615,False,2,2.79999995232,0.831
3dnm SO4 324 D,SO4,SO4,0.803149534271,0.803149534271,0.0,True,1,2.79999995232,0.929
3dnm SO4 324 C,SO4,SO4,0.676116988034,0.676116988034,0.0,True,1,2.79999995232,0.926
3dnm SO4 324 B,SO4,SO4,0.299535882097,0.299535882097,0.0,True,1,2.79999995232,0.952
3dnm SO4 324 A,GOL,SO4,0.748571875744,0.0529675944857,0.695604281259,False,2,2.79999995232,0.876
3dnm SO4 323 D,SO4,SO4,0.79962993159,0.79962993159,0.0,True,1,2.79999995232,0.955
3dnm SO4 323 C,SO4,SO4,0.887987562829,0.887987562829,0.0,True,1,2.79999995232,0.931
3dnm SO4 323 B,SO4,SO4,0.865231874317,0.865231874317,0.0,True,1,2.79999995232,0.982
3dnm SO4 323 A,SO4,SO4,0.816827456491,0.816827456491,0.0,True,1,2.79999995232,0.96
3dn9 SO4 101 E,SO4,SO4,0.806336374504,0.806336374504,0.0,True,1,2.29999995232,0.959
3dn9 SO4 100 F,PO4,SO4,0.40725389046,0.0756678577161,0.331586032744,False,3,2.29999995232,0.856
3dn9 SO4 100 E,SO4,SO4,0.423800692106,0.423800692106,0.0,True,1,2.29999995232,0.938
3dn9 SO4 100 A,SO4,SO4,0.5515334463,0.5515334463,0.0,True,1,2.29999995232,0.943
3dn6 PO4 902 A,SO4,PO4,0.951233412626,0.0333506049751,0.917882807651,False,2,1.79999995232,0.955
3dn5 NAP 500 A,NAP,NAP,0.845532696796,0.845532696796,0.0,True,1,1.39999997616,0.975
3dn4 PO4 902 A,SO4,PO4,0.880948742465,0.0518953091541,0.829053433311,False,2,1.79999995232,0.976
3dn3 PO4 902 A,SO4,PO4,0.522904275869,0.122130551774,0.400773724095,False,3,1.79999995232,0.95
3dn3 PO4 901 A,PO4,PO4,0.656644020533,0.656644020533,0.0,True,1,1.79999995232,0.901
3dn2 PO4 902 A,SO4,PO4,0.775067207893,0.125431952259,0.649635255634,False,2,1.79999995232,0.959
3dn1 PO4 902 A,SO4,PO4,0.793519403124,0.137785228638,0.655734174486,False,2,1.79999995232,0.951
3dn0 PO4 902 A,SO4,PO4,0.918153902361,0.0323780180338,0.885775884327,False,2,1.79999995232,0.951
3dmz PO4 902 A,SO4,PO4,0.847746591495,0.0390856341029,0.808660957392,False,2,1.79999995232,0.936
3dmx PO4 902 A,SO4,PO4,0.888458935428,0.0921483511884,0.79631058424,False,2,1.79999995232,0.973
3dmu PO4 150 A,GOL,PO4,0.640572650311,0.0209001699601,0.619672480351,False,4,1.79999995232,0.828
3dmq SO4 1001 B,PO4,SO4,0.450063592345,0.43528746245,0.0147761298946,False,2,3.20000004768,0.966
3dmq SO4 1001 A,PO4,SO4,0.596405374914,0.284514653869,0.311890721045,False,2,3.20000004768,0.964
3dmo PO4 132 B,SO4,PO4,0.922101196461,0.0510824619809,0.87101873448,False,2,1.60000002384,0.991
3dmo MRD 133 B,GOL,MRD,0.879063006549,0.000319191934085,0.878743814615,False,53,1.60000002384,0.875
3dmo MRD 132 D,GOL,MRD,0.913628529655,0.000296749488412,0.913331780167,False,36,1.60000002384,0.871
3dmo MRD 132 C,GOL,MRD,0.76083151559,0.000867735608017,0.759963779982,False,30,1.60000002384,0.903
3dmo MRD 132 A,GOL,MRD,0.834254037865,0.00353541233891,0.830718625526,False,8,1.60000002384,0.84
3dmn FMT 771 A,EDO,FMT,0.400434317962,0.383301473188,0.0171328447735,False,2,1.70000004768,0.841
3dmj PO4 1301 A,SO4,PO4,0.58124849269,0.182846166394,0.398402326296,False,2,2.59999990463,0.916
3dmj PO4 1300 B,CIT,PO4,0.412039131123,0.033814619291,0.378224511832,False,3,2.59999990463,0.842
3dmh SO4 382 A,SO4,SO4,0.953712757977,0.953712757977,0.0,True,1,1.60000002384,0.932
3dmh SAM 384 A,SAH,SAM,0.749782071967,0.0413862587883,0.708395813178,False,3,1.60000002384,0.971
3dmg SO4 387 A,SO4,SO4,0.886555777451,0.886555777451,0.0,True,1,1.60000002384,0.927
3dmg SO4 386 A,SO4,SO4,0.942405632012,0.942405632012,0.0,True,1,1.60000002384,0.971
3dmg SO4 385 A,SO4,SO4,0.915453742219,0.915453742219,0.0,True,1,1.60000002384,0.935
3dmg SO4 384 A,SO4,SO4,0.795684893536,0.795684893536,0.0,True,1,1.60000002384,0.952
3dmg SO4 383 A,SO4,SO4,0.883704458252,0.883704458252,0.0,True,1,1.60000002384,0.949
3dmg SO4 382 A,SO4,SO4,0.653310730213,0.653310730213,0.0,True,1,1.60000002384,0.969
3dmg SAH 388 A,SAH,SAH,0.995758139466,0.995758139466,0.0,True,1,1.60000002384,0.98
3dmf SO4 387 A,SO4,SO4,0.723790887968,0.723790887968,0.0,True,1,1.60000002384,0.905
3dmf SO4 386 A,SO4,SO4,0.950796651757,0.950796651757,0.0,True,1,1.60000002384,0.962
3dmf SO4 385 A,SO4,SO4,0.711658522581,0.711658522581,0.0,True,1,1.60000002384,0.905
3dmf SO4 384 A,SO4,SO4,0.885446049192,0.885446049192,0.0,True,1,1.60000002384,0.943
3dmf SO4 383 A,SO4,SO4,0.924604845447,0.924604845447,0.0,True,1,1.60000002384,0.928
3dmf SO4 382 A,SO4,SO4,0.758663987682,0.758663987682,0.0,True,1,1.60000002384,0.983
3dmf SAM 388 A,SAH,SAM,0.89849420141,0.0671389074617,0.831355293949,False,2,1.60000002384,0.97
3dmd SO4 326 A,SO4,SO4,0.670530984651,0.670530984651,0.0,True,1,2.20000004768,0.897
3dmd SO4 325 C,SO4,SO4,0.601120420416,0.601120420416,0.0,True,1,2.20000004768,0.953
3dmd SO4 325 B,SO4,SO4,0.541386313529,0.541386313529,0.0,True,1,2.20000004768,0.951
3dmd SO4 325 A,SO4,SO4,0.650707480752,0.650707480752,0.0,True,1,2.20000004768,0.933
3dmd SO4 324 C,SO4,SO4,0.799763559768,0.799763559768,0.0,True,1,2.20000004768,0.976
3dmd SO4 324 B,PEP,SO4,0.7879641406,0.130728660169,0.657235480431,False,2,2.20000004768,0.977
3dmd SO4 324 A,SO4,SO4,0.818424502486,0.818424502486,0.0,True,1,2.20000004768,0.986
3dmd SO4 323 C,PO4,SO4,0.66959223403,0.273988647988,0.395603586043,False,2,2.20000004768,0.989
3dmd SO4 323 B,SO4,SO4,0.46841112359,0.46841112359,0.0,True,1,2.20000004768,0.98
3dmd SO4 323 A,SO4,SO4,0.731656647686,0.731656647686,0.0,True,1,2.20000004768,0.974
3dm9 PO4 326 B,PO4,PO4,0.202038811079,0.202038811079,0.0,True,1,2.20000004768,0.892
3dm9 PO4 325 B,SO4,PO4,0.814573553927,0.082440416694,0.732133137233,False,2,2.20000004768,0.977
3dm9 PO4 323 B,PO4,PO4,0.587373108354,0.587373108354,0.0,True,1,2.20000004768,0.984
3dm5 SO4 449 A,SO4,SO4,0.818637140355,0.818637140355,0.0,True,1,2.5,0.823
3dm5 SO4 448 B,SO4,SO4,0.350533157017,0.350533157017,0.0,True,1,2.5,0.847
3dm5 SO4 448 A,SO4,SO4,0.919320481895,0.919320481895,0.0,True,1,2.5,0.94
3dm5 SO4 447 B,SO4,SO4,0.794899959556,0.794899959556,0.0,True,1,2.5,0.913
3dm5 SO4 447 A,SO4,SO4,0.910337090224,0.910337090224,0.0,True,1,2.5,0.956
3dm5 SO4 446 B,SO4,SO4,0.624736653755,0.624736653755,0.0,True,1,2.5,0.817
3dm5 SO4 446 A,SO4,SO4,0.567939539354,0.567939539354,0.0,True,1,2.5,0.899
3dm5 SO4 445 B,SO4,SO4,0.866814206498,0.866814206498,0.0,True,1,2.5,0.828
3dm5 SO4 445 A,SO4,SO4,0.772868365713,0.772868365713,0.0,True,1,2.5,0.935
3dm5 SO4 444 B,SO4,SO4,0.704138219512,0.704138219512,0.0,True,1,2.5,0.903
3dm5 SO4 444 A,SO4,SO4,0.739427270501,0.739427270501,0.0,True,1,2.5,0.881
3dm5 GDP 501 B,GDP,GDP,0.848710194665,0.848710194665,0.0,True,1,2.5,0.983
3dm5 GDP 501 A,GDP,GDP,0.956542789969,0.956542789969,0.0,True,1,2.5,0.982
3dm2 PO4 1301 A,SO4,PO4,0.702546548639,0.0282590109721,0.674287537667,False,4,3.0,0.909
3dm2 PO4 1300 B,SO4,PO4,0.608562188257,0.00398852017742,0.60457366808,False,8,3.0,0.753
3dm1 M3L 165 H,NAG,M3L,0.292594960041,0.00128491684577,0.291310043195,False,160,2.40000009537,0.879
3dm1 M3L 165 F,SO4,M3L,0.216691399854,0.00178088520646,0.214910514647,False,28,2.40000009537,0.907
3dm1 M3L 165 D,MLY,M3L,0.33996528381,0.0916996120103,0.2482656718,False,3,2.40000009537,0.959
3dm1 M3L 165 B,MLY,M3L,0.336367558384,0.108611662088,0.227755896297,False,2,2.40000009537,0.957
3dlz AMP 902 A,SAH,AMP,0.291542702552,0.00176548298366,0.289777219569,False,94,1.89999997616,0.973
3dlk SO4 556 A,SO4,SO4,0.730577078424,0.730577078424,0.0,True,1,1.79999995232,0.947
3dlj SO4 2003 A,SO4,SO4,0.927266901256,0.927266901256,0.0,True,1,2.29999995232,0.976
3dlg PO4 1301 A,GOL,PO4,0.810839823096,0.0083981041335,0.802441718962,False,5,2.20000004768,0.859
3dlg PO4 1300 B,SO4,PO4,0.256397119872,0.0500296136645,0.206367506207,False,6,2.20000004768,0.791
3dl6 UMP 619 E,SO4,UMP,0.516828330982,0.0239933130906,0.492835017892,False,3,3.29999995232,0.881
3dl6 UMP 603 A,UMP,UMP,0.943946525859,0.943946525859,0.0,True,1,3.29999995232,0.922
3dl6 NDP 606 A,NDP,NDP,0.925428576236,0.925428576236,0.0,True,1,3.29999995232,0.873
3dl5 UMP 619 E,UMP,UMP,0.367833124433,0.367833124433,0.0,True,1,2.70000004768,0.876
3dl5 UMP 615 D,UMP,UMP,0.674498622501,0.674498622501,0.0,True,1,2.70000004768,0.919
3dl5 UMP 607 B,UMP,UMP,0.706205744701,0.706205744701,0.0,True,1,2.70000004768,0.927
3dl5 NDP 622 E,NDP,NDP,0.342170292686,0.342170292686,0.0,True,1,2.70000004768,0.918
3dl5 NDP 618 D,NDP,NDP,0.720612172284,0.720612172284,0.0,True,1,2.70000004768,0.929
3dl5 NDP 610 B,NDP,NDP,0.515844092706,0.515844092706,0.0,True,1,2.70000004768,0.967
3dl5 NDP 606 A,NAP,NDP,0.612487584388,0.336249759588,0.2762378248,False,2,2.70000004768,0.962
3dl2 PO4 503 B,SO4,PO4,0.57752236147,0.0232369994322,0.554285362037,False,3,2.09999990463,0.861
3dl2 PO4 502 B,SO4,PO4,0.599431114035,0.347204958872,0.252226155163,False,2,2.09999990463,0.972
3dl2 PO4 502 A,SO4,PO4,0.903085541874,0.0658683841831,0.837217157691,False,2,2.09999990463,0.974
3dkk SO4 544 A,SO4,SO4,0.815386357244,0.815386357244,0.0,True,1,2.29999995232,0.975
3dkh SO4 802 A,SO4,SO4,0.818912079935,0.818912079935,0.0,True,1,2.40000009537,0.899
3dkh SO4 801 B,SO4,SO4,0.693338485934,0.693338485934,0.0,True,1,2.40000009537,0.896
3dkh SO4 800 A,SO4,SO4,0.787382387731,0.787382387731,0.0,True,1,2.40000009537,0.903
3dkc ATP 1 A,ADP_MG,ATP_MG,0.4308470701,0.230859465355,0.199987604745,False,2,1.5,0.981
3dk9 SO4 482 A,SO4,SO4,0.931582960692,0.931582960692,0.0,True,1,1.0,0.992
3dk9 SO4 481 A,SO4,SO4,0.925771794667,0.925771794667,0.0,True,1,1.0,0.982
3dk8 SO4 582 A,SO4,SO4,0.949308699126,0.949308699126,0.0,True,1,1.10000002384,0.993
3dk8 GSH 481 A,GSH,GSH,0.233966271947,0.233966271947,0.0,True,1,1.10000002384,0.972
3dk7 SO4 4 B,SO4,SO4,0.931557397623,0.931557397623,0.0,True,1,2.0,0.956
3dk7 SO4 3 B,SO4,SO4,0.302917656363,0.302917656363,0.0,True,1,2.0,0.725
3dk3 SO4 3 B,SO4,SO4,0.858405805471,0.858405805471,0.0,True,1,2.0,0.97
3djy PO4 544 A,SO4,PO4,0.617939386347,0.332149839163,0.285789547184,False,2,2.09999990463,0.974
3djq UDP 201 B,PG4,UDP,0.203741786064,0.00363882742417,0.20010295864,False,54,1.5,0.622
3djh SO4 905 A,SO4,SO4,0.891780055323,0.891780055323,0.0,True,1,1.20000004768,0.943
3djh SO4 904 B,SO4,SO4,0.969602172144,0.969602172144,0.0,True,1,1.20000004768,0.965
3djh SO4 903 C,SO4,SO4,0.873816381879,0.873816381879,0.0,True,1,1.20000004768,0.958
3djh SO4 902 B,SO4,SO4,0.650942342766,0.650942342766,0.0,True,1,1.20000004768,0.948
3djh SO4 901 A,SO4,SO4,0.848619587478,0.848619587478,0.0,True,1,1.20000004768,0.991
3djh IPA 801 A,ACT,IPA,0.607907209874,0.0528651593099,0.555042050564,False,4,1.20000004768,0.923
3djg NDP 483 X,NAP,NDP,0.850921049294,0.127608090599,0.723312958695,False,2,1.79999995232,0.978
3djf SO4 288 C,SO4,SO4,0.840485274148,0.840485274148,0.0,True,1,2.29999995232,0.913
3djf SO4 288 A,SO4,SO4,0.264279598214,0.264279598214,0.0,True,1,2.29999995232,0.873
3dje EPE 600 B,SO4,EPE,0.610376540015,0.0131003005068,0.597276239509,False,5,1.60000002384,0.918
3dis IPA 290 A,GOL,IPA,0.26833584579,0.00276899148742,0.265566854303,False,37,3.09999990463,0.936
3dim IPA 290 A,EDO,IPA,0.254329640845,0.00263578366236,0.251693857183,False,25,2.90000009537,0.812
3dig IPA 290 X,SO4,IPA,0.569313403893,0.00099311715246,0.568320286741,False,41,2.79999995232,0.796
3dic SO4 4770 A,SO4,SO4,0.782511555607,0.782511555607,0.0,True,1,1.5,0.948
3dib SO4 4770 A,SO4,SO4,0.684468368614,0.684468368614,0.0,True,1,1.29999995232,0.964
3di9 SO4 4770 A,SO4,SO4,0.815464145161,0.815464145161,0.0,True,1,1.5,0.925
3di8 SO4 4770 A,SO4,SO4,0.540487295534,0.540487295534,0.0,True,1,1.5,0.936
3dho FMT 508 F,EDO,FMT,0.557478489685,0.00753319559843,0.549945294087,False,10,1.79999995232,0.904
3dho FMT 507 E,EDO,FMT,0.381151483774,0.0030060578694,0.378145425904,False,12,1.79999995232,0.791
3dho FMT 505 D,SO4,FMT,0.400260079981,0.00242703324809,0.397833046733,False,11,1.79999995232,0.759
3dho FMT 504 C,EDO,FMT,0.664543085055,0.00366454257336,0.660878542481,False,9,1.79999995232,0.755
3dho FMT 503 C,DMS,FMT,0.311505899216,0.0444471784635,0.267058720753,False,5,1.79999995232,0.741
3dho FMT 502 B,EDO,FMT,0.301101006167,0.0116009901201,0.289500016047,False,13,1.79999995232,0.902
3dho FMT 501 B,EDO,FMT,0.400904727357,0.0285855577908,0.372319169566,False,5,1.79999995232,0.934
3dhh BTB 509 A,GOL,BTB,0.299424942649,0.0021462026024,0.297278740047,False,23,1.89999997616,0.837
3dh7 POP 503 D,SO4,POP,0.117479974436,0.00308762650669,0.114392347929,False,42,3.0,0.907
3dh7 POP 503 B,NAG,POP,0.198359090034,0.00116155263351,0.1971975374,False,163,3.0,0.906
3dh5 SO4 4770 A,SO4,SO4,0.634116728623,0.634116728623,0.0,True,1,1.5,0.938
3dh2 BGC 99 B,MLI,BGC,0.388311532528,0.000925792905831,0.387385739622,False,114,2.29999995232,0.872
3dh2 BGC 99 A,SO4,BGC,0.318092887006,0.00151083098838,0.316582056017,False,55,2.29999995232,0.792
3dh0 SAM 300 B,SAH,SAM,0.471106998981,0.0490407504475,0.422066248533,False,3,2.70000004768,0.952
3dh0 SAM 220 A,SAH,SAM,0.474637351236,0.177504790675,0.297132560562,False,2,2.70000004768,0.946
3dgy SO4 98 A,SO4,SO4,0.67040090573,0.67040090573,0.0,True,1,1.79999995232,0.991
3dgy SO4 198 C,EDO,SO4,0.456175635519,0.154667526058,0.301508109461,False,2,1.79999995232,0.852
3dgy SO4 100 B,SO4,SO4,0.916637598278,0.916637598278,0.0,True,1,1.79999995232,0.963
3dgo ATP 82 A,ADP,ATP,0.17723743703,0.0223487631582,0.154888673872,False,8,2.5,0.816
3dgh SO4 504 B,SO4,SO4,0.979137633003,0.979137633003,0.0,True,1,1.70000004768,0.986
3dgh SO4 503 A,SO4,SO4,0.872567076731,0.872567076731,0.0,True,1,1.70000004768,0.979
3dgh SO4 502 B,SO4,SO4,0.972504840292,0.972504840292,0.0,True,1,1.70000004768,0.984
3dgh SO4 501 A,SO4,SO4,0.915288452078,0.915288452078,0.0,True,1,1.70000004768,0.975
3dge SO4 160 D,SO4,SO4,0.429872393709,0.429872393709,0.0,True,1,2.70000004768,0.881
3dge SO4 150 C,SO4,SO4,0.453673456796,0.453673456796,0.0,True,1,2.70000004768,0.946
3dgc FUC 231 R,NAG,FUC,0.300631356579,0.00401027017861,0.296621086401,False,26,2.5,0.892
3dga UMP 611 D,UMP,UMP,0.979442875174,0.979442875174,0.0,True,1,2.70000004768,0.962
3dga UMP 611 C,UMP,UMP,0.965789620484,0.965789620484,0.0,True,1,2.70000004768,0.972
3dga NDP 610 B,GLC,NDP,0.211717792596,0.04468969578,0.167028096816,False,4,2.70000004768,0.862
3dga NDP 610 A,NDP,NDP,0.69039510005,0.69039510005,0.0,True,1,2.70000004768,0.969
3dg9 PO4 249 A,SO4,PO4,0.94215104891,0.0196985876068,0.922452461303,False,2,1.5,0.989
3dg8 UMP 611 D,SO4,UMP,0.684213679656,0.00108128675538,0.683132392901,False,7,2.59999990463,0.84
3dg8 UMP 611 C,SO4,UMP,0.669199131009,0.00248733929398,0.666711791715,False,3,2.59999990463,0.868
3dg8 NDP 610 B,TLA,NDP,0.270156982973,0.0481952783785,0.221961704595,False,4,2.59999990463,0.835
3dg8 NDP 610 A,NDP,NDP,0.396853365585,0.396853365585,0.0,True,1,2.59999990463,0.956
3dg7 MUC 1002 B,MLY,MG,0.251437086419,0.0139427655979,0.237494320821,False,9,2.0,0.911
3dfz SO4 207 A,SO4,SO4,0.782426754958,0.782426754958,0.0,True,1,2.29999995232,0.876
3dfz SO4 206 A,SO4,SO4,0.600678766105,0.600678766105,0.0,True,1,2.29999995232,0.979
3dfz SO4 205 A,SO4,SO4,0.720187109342,0.720187109342,0.0,True,1,2.29999995232,0.916
3dfz SO4 204 A,SO4,SO4,0.75652484868,0.75652484868,0.0,True,1,2.29999995232,0.98
3dfz SO4 203 A,SO4,SO4,0.836613527889,0.836613527889,0.0,True,1,2.29999995232,0.982
3dft PO4 3004 D,SO4,PO4,0.791689780235,0.0550924647958,0.736597315439,False,2,1.79999995232,0.967
3dft PO4 3003 C,SO4,PO4,0.774398411751,0.155629037504,0.618769374247,False,2,1.79999995232,0.944
3dft PO4 3002 B,SO4,PO4,0.672495692954,0.169089083929,0.503406609025,False,2,1.79999995232,0.968
3dft PO4 3001 A,SO4,PO4,0.626585949566,0.330778908404,0.295807041162,False,2,1.79999995232,0.981
3dfp PO4 3004 D,SO4,PO4,0.724201911036,0.209698337634,0.514503573402,False,2,1.89999997616,0.936
3dfp PO4 3003 C,SO4,PO4,0.498578184494,0.0356258541389,0.462952330355,False,3,1.89999997616,0.835
3dfp PO4 3002 B,SO4,PO4,0.423539733244,0.0322471690954,0.391292564149,False,3,1.89999997616,0.941
3dfp PO4 3001 A,SO4,PO4,0.614361557426,0.17490319827,0.439458359156,False,2,1.89999997616,0.923
3dfc ANP 296 B,ANP,ANP,0.15727323032,0.15727323032,0.0,True,1,1.89999997616,0.964
3dez SO4 212 B,SO4,SO4,0.54494598358,0.54494598358,0.0,True,1,2.40000009537,0.882
3dez SO4 211 A,SO4,SO4,0.404048979644,0.404048979644,0.0,True,1,2.40000009537,0.953
3dez SO4 210 B,SO4,SO4,0.739140790888,0.739140790888,0.0,True,1,2.40000009537,0.95
3dez SO4 210 A,SO4,SO4,0.678024038915,0.678024038915,0.0,True,1,2.40000009537,0.99
3dev SO4 322 A,SEP,SO4,0.295540274917,0.271647725155,0.0238925497622,False,2,3.09999990463,0.918
3dev SO4 321 B,SO4,SO4,0.314418487083,0.314418487083,0.0,True,1,3.09999990463,0.942
3dev SO4 321 A,NAG,SO4,0.868730303595,0.0243535749794,0.844376728616,False,2,3.09999990463,0.856
3den PO4 295 B,GOL,PO4,0.583341025682,0.0332417885573,0.550099237124,False,5,2.20000004768,0.962
3den PO4 294 B,SO4,PO4,0.806703215385,0.135343849561,0.671359365823,False,2,2.20000004768,0.961
3dek OCS 163 D,GOL,OCS,0.353460171125,0.00292798744236,0.350532183683,False,32,2.40000009537,0.854
3dek OCS 163 B,CAS,OCS,0.290921863149,0.0282786893311,0.262643173818,False,8,2.40000009537,0.914
3dek OCS 163 A,OCS,OCS,0.180591892482,0.180591892482,0.0,True,1,2.40000009537,0.881
3dej OCS 163 D,SO4,OCS,0.324515989538,0.000738881136676,0.323777108401,False,187,2.59999990463,0.915
3dej OCS 163 C,SEP,OCS,0.320760642811,0.0116543763492,0.309106266462,False,7,2.59999990463,0.91
3dej OCS 163 B,CSD,OCS,0.32599336151,0.0411428426837,0.284850518826,False,5,2.59999990463,0.923
3dej OCS 163 A,CAS,OCS,0.236723892636,0.0142074877479,0.222516404888,False,7,2.59999990463,0.924
3dei OCS 163 D,SO4,OCS,0.312174223728,0.000595366011547,0.311578857717,False,170,2.79999995232,0.952
3dei OCS 163 C,CSD,OCS,0.621787149538,0.00521724925431,0.616569900283,False,11,2.79999995232,0.921
3dei OCS 163 B,CSO,OCS,0.140182380692,0.0145904613879,0.125591919304,False,10,2.79999995232,0.952
3dei OCS 163 A,TPO,OCS,0.89100307352,0.00422714182156,0.886775931699,False,4,2.79999995232,0.949
3deh OCS 163 D,CIT,OCS,0.311956440884,0.00168638340873,0.310270057475,False,65,2.5,0.92
3deh OCS 163 C,CAS,OCS,0.625546946271,0.0130663264063,0.612480619865,False,7,2.5,0.889
3deh OCS 163 B,CSD,OCS,0.32316411157,0.189819250376,0.133344861194,False,2,2.5,0.912
3deh OCS 163 A,CAS,OCS,0.295521720904,0.0865658884933,0.208955832411,False,4,2.5,0.89
3deb FMT 508 A,GOL,FMT,0.907051540641,0.00451399696404,0.902537543677,False,6,2.0,0.802
3deb FMT 507 A,EDO,FMT,0.561973063641,0.0657092570785,0.496263806562,False,3,2.0,0.851
3dds PO4 902 A,SO4,PO4,0.891623384795,0.0243815587179,0.867241826077,False,3,1.79999995232,0.896
3ddo PO4 5 C,SO4,PO4,0.918375572658,0.0299708954987,0.888404677159,False,2,1.5,0.916
3ddo PO4 4 A,SO4,PO4,0.695023676746,0.283246107734,0.411777569013,False,2,1.5,0.985
3ddo PO4 3 D,SO4,PO4,0.719919746066,0.25197123927,0.467948506797,False,2,1.5,0.99
3ddo PO4 2 B,PO4,PO4,0.70394282772,0.70394282772,0.0,True,1,1.5,0.988
3ddo PO4 1 F,SO4,PO4,0.574050219264,0.366777368612,0.207272850652,False,2,1.5,0.994
3ddk SO4 924 A,EDO,SO4,0.459285116297,0.169366257752,0.289918858545,False,2,2.29999995232,0.718
3ddk SO4 922 A,GOL,SO4,0.632666868325,0.0234948517871,0.609172016538,False,4,2.29999995232,0.62
3ddk SO4 921 A,SO4,SO4,0.836893768708,0.836893768708,0.0,True,1,2.29999995232,0.927
3ddk SO4 920 A,SO4,SO4,0.63454817876,0.63454817876,0.0,True,1,2.29999995232,0.902
3ddj AMP 278 A,AMP,AMP,0.635482025291,0.635482025291,0.0,True,1,1.79999995232,0.968
3ddg PO4 2002 A,SO4,PO4,0.851356233905,0.0919987673816,0.759357466524,False,2,1.70000004768,0.956
3ddg MRD 4001 A,MPD,MRD,0.686776674496,0.146255801289,0.540520873207,False,2,1.70000004768,0.872
3dde NO3 239 B,GOL,NO3,0.174478447335,0.00788336449406,0.16659508284,False,13,2.29999995232,0.935
3ddb SO4 451 A,SO4,SO4,0.936536178245,0.936536178245,0.0,True,1,1.39999997616,0.934
3dda SO4 451 A,SO4,SO4,0.935737952364,0.935737952364,0.0,True,1,1.5,0.929
3dd6 SO4 306 A,SO4,SO4,0.913028150939,0.913028150939,0.0,True,1,1.70000004768,0.962
3dd6 SO4 305 A,EDO,SO4,0.458424797142,0.0764180644241,0.382006732718,False,3,1.70000004768,0.931
3dd6 SO4 303 A,SO4,SO4,0.763113901571,0.763113901571,0.0,True,1,1.70000004768,0.957
3dd6 SO4 302 A,SO4,SO4,0.959341767259,0.959341767259,0.0,True,1,1.70000004768,0.987
3dd6 SO4 301 A,SO4,SO4,0.926438605834,0.926438605834,0.0,True,1,1.70000004768,0.976
3dd3 GSH 212 A,GSH,GSH,0.97043092986,0.97043092986,0.0,True,1,2.29999995232,0.907
3dd3 GSH 211 B,GSH,GSH,0.520561451573,0.520561451573,0.0,True,1,2.29999995232,0.895
3dcz SO4 2 A,SO4,SO4,0.704695261462,0.704695261462,0.0,True,1,1.70000004768,0.901
3dcz SO4 1 A,SO4,SO4,0.973273917863,0.973273917863,0.0,True,1,1.70000004768,0.982
3dcy PO4 271 A,PO4,PO4,0.941452442663,0.941452442663,0.0,True,1,1.70000004768,0.987
3dcm SAM 5452 X,H4B,SAM,0.129538828637,0.0714571038538,0.0580817247836,False,2,2.0,0.888
3dcl SO4 286 B,SO4,SO4,0.807383063263,0.807383063263,0.0,True,1,2.20000004768,0.877
3dcl SO4 285 D,GOL,SO4,0.340907534106,0.137824520775,0.203083013331,False,3,2.20000004768,0.897
3dcl SO4 285 B,GOL,SO4,0.298973338873,0.0693091051262,0.229664233747,False,4,2.20000004768,0.87
3dcl SO4 285 A,SO4,SO4,0.743561676008,0.743561676008,0.0,True,1,2.20000004768,0.92
3dcl SO4 284 E,SO4,SO4,0.827060518406,0.827060518406,0.0,True,1,2.20000004768,0.919
3dcl SO4 284 D,SO4,SO4,0.842248276975,0.842248276975,0.0,True,1,2.20000004768,0.94
3dcl SO4 284 C,SO4,SO4,0.790784586932,0.790784586932,0.0,True,1,2.20000004768,0.854
3dcl SO4 284 B,SO4,SO4,0.695378316939,0.695378316939,0.0,True,1,2.20000004768,0.87
3dcl SO4 284 A,SO4,SO4,0.837555698717,0.837555698717,0.0,True,1,2.20000004768,0.927
3dcl SO4 283 E,SO4,SO4,0.700159456792,0.700159456792,0.0,True,1,2.20000004768,0.91
3dcl SO4 283 D,SO4,SO4,0.32186792168,0.32186792168,0.0,True,1,2.20000004768,0.794
3dcl SO4 283 C,SO4,SO4,0.828838362885,0.828838362885,0.0,True,1,2.20000004768,0.901
3dcl SO4 283 B,SO4,SO4,0.924593345909,0.924593345909,0.0,True,1,2.20000004768,0.878
3dcl SO4 283 A,SO4,SO4,0.493653527908,0.493653527908,0.0,True,1,2.20000004768,0.86
3dcj NO3 301 B,SO4,NO3,0.367292248527,0.0444641627603,0.322828085767,False,4,2.20000004768,0.981
3dca SO4 144 D,SO4,SO4,0.710593906404,0.710593906404,0.0,True,1,3.40000009537,0.782
3dca SO4 144 A,SO4,SO4,0.553535801131,0.553535801131,0.0,True,1,3.40000009537,0.798
3dca SO4 143 D,SO4,SO4,0.944370005976,0.944370005976,0.0,True,1,3.40000009537,0.817
3dca SO4 143 C,SO4,SO4,0.34022702191,0.34022702191,0.0,True,1,3.40000009537,0.764
3dca SO4 143 B,SO4,SO4,0.724457819323,0.724457819323,0.0,True,1,3.40000009537,0.799
3dc7 SO4 233 A,SO4,SO4,0.652695713703,0.652695713703,0.0,True,1,2.09999990463,0.884
3dc6 SO4 200 A,ACT,SO4,0.449885533603,0.0734108555152,0.376474678088,False,4,1.79999995232,0.914
3dc6 SO4 199 C,SO4,SO4,0.512519443095,0.512519443095,0.0,True,1,1.79999995232,0.884
3dbp SO4 2001 A,SO4,SO4,0.769734851176,0.769734851176,0.0,True,1,1.5,0.966
3dbp SO4 2000 B,DMS,SO4,0.595291284447,0.243503867042,0.351787417405,False,2,1.5,0.95
3dbk SO4 402 A,SO4,SO4,0.414967538509,0.414967538509,0.0,True,1,1.39999997616,0.797
3dbk SO4 401 A,SO4,SO4,0.875849233985,0.875849233985,0.0,True,1,1.39999997616,0.963
3dbi PO4 339 C,SO4,PO4,0.721099706042,0.230921116402,0.49017858964,False,2,2.5,0.995
3dbi PO4 339 B,SO4,PO4,0.786858302561,0.158763862867,0.628094439694,False,2,2.5,0.992
3dbi PO4 339 A,SO4,PO4,0.823191486377,0.129301179502,0.693890306875,False,2,2.5,0.987
3db4 SO4 301 A,SO4,SO4,0.840096497759,0.840096497759,0.0,True,1,2.40000009537,0.981
3db3 M3L 9 B,NAG,M3L,0.544992012213,0.00258548976164,0.542406522451,False,42,2.40000009537,0.826
3db1 PO4 4 D,SO4,PO4,0.755983668177,0.11493279038,0.641050877797,False,2,2.79999995232,0.906
3db1 PO4 3 C,GOL,PO4,0.222002665829,0.0489873071356,0.173015358694,False,4,2.79999995232,0.777
3db1 PO4 1 A,SO4,PO4,0.664077040426,0.175413200962,0.488663839463,False,2,2.79999995232,0.909
3day TRS 607 A,NAG,TRS,0.231334323964,0.0155677382305,0.215766585734,False,9,2.0,0.846
3dau NDP 202 A,NDP,NDP,0.458647810223,0.458647810223,0.0,True,1,1.5,0.981
3dat NDP 202 A,FAD,NDP,0.709496480068,0.129043904451,0.580452575618,False,2,2.29999995232,0.964
3dap NDP 901 B,FAD,NDP,0.818554562739,0.0389904373149,0.779564125424,False,2,1.89999997616,0.969
3dap NDP 401 A,NAP,NDP,0.83623083671,0.113602586518,0.722628250193,False,2,1.89999997616,0.944
3dao CIT 265 B,NAP,CIT,0.287331100435,0.154210609114,0.133120491322,False,2,1.79999995232,0.863
3dak ANP 1 D,ANP,ANP,0.197428485653,0.197428485653,0.0,True,1,2.29999995232,0.897
3dak ANP 1 C,ADP,ANP,0.302150652713,0.141072198353,0.161078454361,False,2,2.29999995232,0.898
3dak ANP 1 A,GOL,ANP,0.421295973885,0.00109664012471,0.42019933376,False,78,2.29999995232,0.712
3dai SO4 2 A,SO4,SO4,0.593823268226,0.593823268226,0.0,True,1,2.0,0.938
3dai SO4 1 A,SO4,SO4,0.913558761529,0.913558761529,0.0,True,1,2.0,0.986
3dah PO4 322 B,SO4,PO4,0.834319638365,0.0455577079846,0.78876193038,False,2,2.29999995232,0.921
3dah PO4 321 B,SO4,PO4,0.912288673772,0.0463025376456,0.865986136127,False,2,2.29999995232,0.949
3dah PO4 320 B,SO4,PO4,0.907817950535,0.0312824350798,0.876535515455,False,2,2.29999995232,0.949
3dah PO4 320 A,SO4,PO4,0.638944934482,0.204839792899,0.434105141582,False,2,2.29999995232,0.892
3dah PO4 319 C,SO4,PO4,0.328794076748,0.167171562815,0.161622513933,False,2,2.29999995232,0.951
3dah PO4 319 B,SO4,PO4,0.66896940857,0.277726760784,0.391242647787,False,2,2.29999995232,0.986
3dah PO4 319 A,SO4,PO4,0.87307663361,0.0945212824595,0.77855535115,False,2,2.29999995232,0.985
3dah AMP 402 B,ADP,AMP,0.177073434004,0.0378962513145,0.139177182689,False,7,2.29999995232,0.871
3dah AMP 401 B,ADP,AMP,0.358540895403,0.0361245945955,0.322416300808,False,5,2.29999995232,0.788
3dah AMP 401 A,H4B,AMP,0.285916365491,0.0211587611615,0.26475760433,False,10,2.29999995232,0.865
3daf PO4 2022 A,GOL,PO4,0.363447855764,0.0328953148196,0.330552540944,False,5,1.79999995232,0.765
3da4 NO3 283 A,NO3,NO3,0.375297031231,0.375297031231,0.0,True,1,1.70000004768,0.796
3da4 NO3 282 A,ACT,NO3,0.619842500238,0.127591269394,0.492251230844,False,2,1.70000004768,0.931
3da4 NO3 281 A,EDO,NO3,0.262176181985,0.0931567857433,0.169019396242,False,5,1.70000004768,0.941
3da4 NO3 280 A,SO4,NO3,0.871882663485,0.0696434171952,0.80223924629,False,2,1.70000004768,0.961
3d9p SO4 151 A,SO4,SO4,0.947132934323,0.947132934323,0.0,True,1,2.09999990463,0.939
3d9p SO4 150 A,SO4,SO4,0.508928387226,0.508928387226,0.0,True,1,2.09999990463,0.898
3d9p SO4 149 B,SO4,SO4,0.827668909777,0.827668909777,0.0,True,1,2.09999990463,0.974
3d9p SO4 149 A,SO4,SO4,0.431781436507,0.431781436507,0.0,True,1,2.09999990463,0.845
3d9p SO4 148 B,SO4,SO4,0.702602236681,0.702602236681,0.0,True,1,2.09999990463,0.952
3d9p SO4 148 A,SO4,SO4,0.774565996734,0.774565996734,0.0,True,1,2.09999990463,0.93
3d9p SO4 147 B,SO4,SO4,0.805674127188,0.805674127188,0.0,True,1,2.09999990463,0.899
3d9p SO4 147 A,SO4,SO4,0.874899473108,0.874899473108,0.0,True,1,2.09999990463,0.965
3d9p SO4 146 B,SO4,SO4,0.844749458158,0.844749458158,0.0,True,1,2.09999990463,0.937
3d9p SO4 146 A,SO4,SO4,0.926003886859,0.926003886859,0.0,True,1,2.09999990463,0.991
3d9o SO4 507 Z,SO4,SO4,0.832065047503,0.832065047503,0.0,True,1,2.0,0.958
3d9o SO4 505 B,SO4,SO4,0.960018777333,0.960018777333,0.0,True,1,2.0,0.957
3d9o SO4 504 B,SO4,SO4,0.957535818612,0.957535818612,0.0,True,1,2.0,0.97
3d9o SO4 502 A,SO4,SO4,0.685198689901,0.685198689901,0.0,True,1,2.0,0.952
3d9o SO4 501 A,MPD,SO4,0.337649164237,0.18039858625,0.157250577987,False,2,2.0,0.823
3d9o SO4 500 A,SO4,SO4,0.726863046853,0.726863046853,0.0,True,1,2.0,0.892
3d9n SO4 1115 A,SO4,SO4,0.956109474156,0.956109474156,0.0,True,1,1.60000002384,0.966
3d9n SO4 1114 A,SO4,SO4,0.910128800682,0.910128800682,0.0,True,1,1.60000002384,0.951
3d9n SO4 1113 A,SO4,SO4,0.930137661727,0.930137661727,0.0,True,1,1.60000002384,0.929
3d9n SO4 1111 B,SO4,SO4,0.284269617946,0.284269617946,0.0,True,1,1.60000002384,0.893
3d9n SO4 1010 A,SO4,SO4,0.37729051344,0.37729051344,0.0,True,1,1.60000002384,0.753
3d9n SO4 1009 B,SO4,SO4,0.663526484508,0.663526484508,0.0,True,1,1.60000002384,0.938
3d9n SO4 1008 B,SO4,SO4,0.89528187267,0.89528187267,0.0,True,1,1.60000002384,0.923
3d9n SO4 1004 A,SO4,SO4,0.894207466869,0.894207466869,0.0,True,1,1.60000002384,0.979
3d9m SO4 509 B,SO4,SO4,0.844718969158,0.844718969158,0.0,True,1,1.79999995232,0.945
3d9m SO4 508 A,SO4,SO4,0.857988444015,0.857988444015,0.0,True,1,1.79999995232,0.947
3d9m SO4 507 A,SO4,SO4,0.781438329464,0.781438329464,0.0,True,1,1.79999995232,0.965
3d9m SO4 506 B,SO4,SO4,0.351535410779,0.351535410779,0.0,True,1,1.79999995232,0.973
3d9m SO4 504 B,SO4,SO4,0.946755185154,0.946755185154,0.0,True,1,1.79999995232,0.934
3d9m SO4 503 A,SO4,SO4,0.529257767474,0.529257767474,0.0,True,1,1.79999995232,0.894
3d9m SO4 501 A,SO4,SO4,0.910856322711,0.910856322711,0.0,True,1,1.79999995232,0.944
3d9k SO4 1012 B,SO4,SO4,0.90241421919,0.90241421919,0.0,True,1,2.20000004768,0.94
3d9k SO4 1008 A,SO4,SO4,0.60211631699,0.60211631699,0.0,True,1,2.20000004768,0.903
3d9k SO4 1006 Z,SO4,SO4,0.432155885347,0.432155885347,0.0,True,1,2.20000004768,0.963
3d9k SO4 1004 A,SO4,SO4,0.908616133498,0.908616133498,0.0,True,1,2.20000004768,0.977
3d9k SO4 1003 A,SO4,SO4,0.847989023532,0.847989023532,0.0,True,1,2.20000004768,0.955
3d9k SO4 1002 B,SO4,SO4,0.6595432477,0.6595432477,0.0,True,1,2.20000004768,0.936
3d9k SO4 1001 A,SO4,SO4,0.94136072258,0.94136072258,0.0,True,1,2.20000004768,0.969
3d9j SO4 2009 B,SO4,SO4,0.80899054963,0.80899054963,0.0,True,1,1.5,0.671
3d9j SO4 2008 B,SO4,SO4,0.771414613397,0.771414613397,0.0,True,1,1.5,0.918
3d9j SO4 2007 B,SO4,SO4,0.493082276732,0.493082276732,0.0,True,1,1.5,0.8
3d9j SO4 2006 B,SO4,SO4,0.84202454801,0.84202454801,0.0,True,1,1.5,0.875
3d9j SO4 2005 A,SO4,SO4,0.407665636283,0.407665636283,0.0,True,1,1.5,0.848
3d9j SO4 2003 A,SO4,SO4,0.964272401537,0.964272401537,0.0,True,1,1.5,0.975
3d9j SO4 2002 A,SO4,SO4,0.910809074025,0.910809074025,0.0,True,1,1.5,0.942
3d9j SO4 2001 A,SO4,SO4,0.82026008086,0.82026008086,0.0,True,1,1.5,0.82
3d9j SO4 2000 A,SO4,SO4,0.570742259227,0.570742259227,0.0,True,1,1.5,0.944
3d9i SO4 151 A,GOL,SO4,0.351123634571,0.0989468581163,0.252176776455,False,3,1.89999997616,0.835
3d9i SO4 150 A,ACY,SO4,0.252999882868,0.16718143761,0.0858184452583,False,2,1.89999997616,0.876
3d9i SO4 149 B,SO4,SO4,0.53292312835,0.53292312835,0.0,True,1,1.89999997616,0.779
3d9i SO4 149 A,SO4,SO4,0.895850809174,0.895850809174,0.0,True,1,1.89999997616,0.977
3d9i SO4 148 B,EDO,SO4,0.188449978427,0.173118788507,0.0153311899202,False,2,1.89999997616,0.895
3d9i SO4 148 A,SO4,SO4,0.964999962465,0.964999962465,0.0,True,1,1.89999997616,0.957
3d9i SO4 147 B,SO4,SO4,0.915977545873,0.915977545873,0.0,True,1,1.89999997616,0.921
3d9i SO4 146 B,DMS,SO4,0.552856788012,0.126067940286,0.426788847726,False,2,1.89999997616,0.831
3d9i SO4 146 A,SO4,SO4,0.447917056866,0.447917056866,0.0,True,1,1.89999997616,0.98
3d8x NDP 481 A,GOL,NDP,0.376783553936,0.00051908049331,0.376264473442,False,187,2.79999995232,0.881
3d8r PO4 257 A,SO4,PO4,0.972725054177,0.0106233565374,0.962101697639,False,2,2.0,0.973
3d8r PO4 256 A,SO4,PO4,0.914869684444,0.0189671902093,0.895902494235,False,2,2.0,0.967
3d8r PO4 255 A,SO4,PO4,0.947858518194,0.0276068584422,0.920251659751,False,2,2.0,0.955
3d8r PO4 254 A,SO4,PO4,0.806782459796,0.119578541744,0.687203918051,False,2,2.0,0.971
3d8k SO4 454 C,SO4,SO4,0.772402569447,0.772402569447,0.0,True,1,2.59999990463,0.945
3d8k SO4 453 C,SO4,SO4,0.491252305375,0.491252305375,0.0,True,1,2.59999990463,0.888
3d8k SO4 453 B,SO4,SO4,0.926964255083,0.926964255083,0.0,True,1,2.59999990463,0.936
3d8k SO4 453 A,SO4,SO4,0.902925478036,0.902925478036,0.0,True,1,2.59999990463,0.969
3d8f PO4 2 C,SO4,PO4,0.850633808577,0.0633811094096,0.787252699168,False,2,2.70000004768,0.901
3d8f PO4 1 A,SO4,PO4,0.782274960633,0.0906618957621,0.691613064871,False,2,2.70000004768,0.948
3d8c SO4 502 A,SO4,SO4,0.774263259939,0.774263259939,0.0,True,1,2.0,0.951
3d8c SO4 501 A,SO4,SO4,0.946373112658,0.946373112658,0.0,True,1,2.0,0.901
3d84 NDP 187 X,NDP,NDP,0.644697786747,0.644697786747,0.0,True,1,1.89999997616,0.973
3d83 CSO 162 A,CSO,CSO,0.307941219185,0.307941219185,0.0,True,1,1.89999997616,0.797
3d83 CSO 119 A,GOL,CSO,0.396162024764,0.010657242813,0.385504781951,False,8,1.89999997616,0.684
3d7z SO4 402 A,EDO,SO4,0.793907781434,0.0280053552972,0.765902426137,False,3,2.09999990463,0.839
3d7z CSO 119 A,GOL,CSO,0.427198342525,0.00111620603595,0.426082136489,False,46,2.09999990463,0.822
3d7w SO4 661 A,SO4,SO4,0.618238881315,0.618238881315,0.0,True,1,2.5,0.935
3d7w SO4 660 A,SO4,SO4,0.813407198713,0.813407198713,0.0,True,1,2.5,0.953
3d7i SO4 106 A,SO4,SO4,0.897651394623,0.897651394623,0.0,True,1,1.79999995232,0.981
3d7i SO4 105 B,SO4,SO4,0.762476680194,0.762476680194,0.0,True,1,1.79999995232,0.965
3d7i SO4 105 A,SO4,SO4,0.93290327741,0.93290327741,0.0,True,1,1.79999995232,0.989
3d7h BMA 1765 A,NAG,BMA,0.107585600802,0.00315416574279,0.104431435059,False,69,1.5,0.824
3d7g BMA 1768 A,NAG,BMA,0.179829394769,0.00772237508615,0.172107019682,False,20,1.70000004768,0.742
3d7f BMA 1768 A,GOL,BMA,0.162919828586,0.0123056483824,0.150614180203,False,14,1.5,0.718
3d71 PGO 602 A,SO4,PGO,0.30458078786,0.000688724888932,0.303892062971,False,31,2.79999995232,0.978
3d71 PGO 600 A,EDO,PGO,0.38476256716,0.00242951174542,0.382333055415,False,20,2.79999995232,0.731
3d6s SO4 225 A,SO4,SO4,0.407934345178,0.407934345178,0.0,True,1,2.0,0.902
3d6k SO4 420 B,SO4,SO4,0.271484430516,0.271484430516,0.0,True,1,2.0,0.936
3d6k SO4 420 A,GOL,SO4,0.506312031619,0.0699809505541,0.436331081064,False,3,2.0,0.897
3d6j PO4 252 A,SO4,PO4,0.769728857181,0.0551636628847,0.714565194296,False,2,2.0,0.955
3d6j PO4 251 A,PO4,PO4,0.42190874634,0.42190874634,0.0,True,1,2.0,0.992
3d6i SO4 617 B,SO4,SO4,0.794601267488,0.794601267488,0.0,True,1,1.5,0.879
3d6i SO4 616 A,SO4,SO4,0.742141365608,0.742141365608,0.0,True,1,1.5,0.88
3d6i CME 143 B,CME,CME,0.447092683935,0.447092683935,0.0,True,1,1.5,0.946
3d6i CME 143 A,CME,CME,0.53125186967,0.53125186967,0.0,True,1,1.5,0.962
3d5q NAP 4 D,NAP,NAP,0.360965298567,0.360965298567,0.0,True,1,2.59999990463,0.959
3d5q NAP 3 C,NAP,NAP,0.621706708404,0.621706708404,0.0,True,1,2.59999990463,0.973
3d5q NAP 2 B,NDP,NAP,0.544979037325,0.343169537611,0.201809499714,False,2,2.59999990463,0.963
3d5q NAP 1 A,NAP,NAP,0.91362631914,0.91362631914,0.0,True,1,2.59999990463,0.97
3d5o SO4 207 E,SO4,SO4,0.94276130622,0.94276130622,0.0,True,1,2.79999995232,0.953
3d5o SO4 207 D,SO4,SO4,0.760699768726,0.760699768726,0.0,True,1,2.79999995232,0.944
3d5o SO4 207 C,SO4,SO4,0.762960161905,0.762960161905,0.0,True,1,2.79999995232,0.955
3d5o SO4 207 B,SO4,SO4,0.898923740377,0.898923740377,0.0,True,1,2.79999995232,0.968
3d5o SO4 207 A,SO4,SO4,0.932045554754,0.932045554754,0.0,True,1,2.79999995232,0.912
3d5o SO4 206 E,SO4,SO4,0.884053889659,0.884053889659,0.0,True,1,2.79999995232,0.856
3d5o SO4 206 D,SO4,SO4,0.748853144321,0.748853144321,0.0,True,1,2.79999995232,0.912
3d5o SO4 206 C,SO4,SO4,0.60195861014,0.60195861014,0.0,True,1,2.79999995232,0.863
3d5o SO4 206 B,SO4,SO4,0.859315566021,0.859315566021,0.0,True,1,2.79999995232,0.966
3d5o SO4 206 A,SO4,SO4,0.923162453988,0.923162453988,0.0,True,1,2.79999995232,0.954
3d5o SO4 205 E,SO4,SO4,0.85681100281,0.85681100281,0.0,True,1,2.79999995232,0.876
3d5o SO4 205 D,SO4,SO4,0.909042019867,0.909042019867,0.0,True,1,2.79999995232,0.832
3d5o SO4 205 C,SO4,SO4,0.416373207682,0.416373207682,0.0,True,1,2.79999995232,0.911
3d5o SO4 205 B,SO4,SO4,0.940712378291,0.940712378291,0.0,True,1,2.79999995232,0.828
3d5o SO4 205 A,SO4,SO4,0.838286987954,0.838286987954,0.0,True,1,2.79999995232,0.925
3d5o SO4 178 F,SO4,SO4,0.91159106511,0.91159106511,0.0,True,1,2.79999995232,0.927
3d5l SO4 301 A,SO4,SO4,0.898793346606,0.898793346606,0.0,True,1,2.20000004768,0.982
3d5j GSH 201 B,GSH,GSH,0.140684539475,0.140684539475,0.0,True,1,1.89999997616,0.929
3d5j GSH 201 A,PTR_PTR,GSH,0.126068436411,0.0153634328189,0.110705003592,False,11,1.89999997616,0.926
3d5i SO4 99 A,SO4,SO4,0.927051099335,0.927051099335,0.0,True,1,2.20000004768,0.973
3d5i SO4 98 C,SO4,SO4,0.711459465517,0.711459465517,0.0,True,1,2.20000004768,0.961
3d5i SO4 98 A,SO4,SO4,0.597657761659,0.597657761659,0.0,True,1,2.20000004768,0.993
3d5g SO4 98 A,SO4,SO4,0.82255439649,0.82255439649,0.0,True,1,1.79999995232,0.995
3d59 SO4 2 B,SO4,SO4,0.877058079498,0.877058079498,0.0,True,1,1.39999997616,0.942
3d59 SO4 1 B,SO4,SO4,0.820951940808,0.820951940808,0.0,True,1,1.39999997616,0.95
3d57 SO4 501 B,SO4,SO4,0.697898462632,0.697898462632,0.0,True,1,2.20000004768,0.974
3d55 SO4 202 D,SO4,SO4,0.438085156502,0.438085156502,0.0,True,1,2.09999990463,0.972
3d55 SO4 201 A,SO4,SO4,0.917849716529,0.917849716529,0.0,True,1,2.09999990463,0.954
3d52 MRD 1047 A,EDO,MRD,0.452523780592,0.00120384228597,0.451319938306,False,24,1.60000002384,0.806
3d51 MRD 1047 A,GOL,MRD,0.426584279739,0.0114289432271,0.415155336512,False,11,1.39999997616,0.857
3d4y MRD 1048 A,MPD,MRD,0.153405851385,0.00619985445052,0.147205996935,False,13,1.5,0.87
3d4w PO4 150 A,SO4,PO4,0.843435871905,0.0643448812131,0.779090990692,False,2,1.89999997616,0.922
3d4n NAP 4 D,NAP,NAP,0.746454012208,0.746454012208,0.0,True,1,2.5,0.977
3d4n NAP 3 C,NDP,NAP,0.509209978405,0.460045452644,0.0491645257607,False,2,2.5,0.976
3d4n NAP 2 B,NAD,NAP,0.97556333975,0.0024664701045,0.973096869645,False,3,2.5,0.971
3d4n NAP 1 A,NAP,NAP,0.901864764368,0.901864764368,0.0,True,1,2.5,0.978
3d4j SO4 402 B,SO4,SO4,0.811707169712,0.811707169712,0.0,True,1,2.40000009537,0.986
3d4j SO4 401 A,SO4,SO4,0.84203593467,0.84203593467,0.0,True,1,2.40000009537,0.993
3d4a SO4 98 B,SO4,SO4,0.911835083607,0.911835083607,0.0,True,1,2.20000004768,0.92
3d4a SO4 98 A,PO4,SO4,0.74129426656,0.22003090643,0.52126336013,False,2,2.20000004768,0.984
3d49 BEN 1900 H,P6G,BEN,0.20678490235,0.0145137262107,0.19227117614,False,10,1.5,0.863
3d3z PO4 251 A,PO4,PO4,0.76845147442,0.76845147442,0.0,True,1,1.70000004768,0.997
3d3x SO4 897 A,SO4,SO4,0.655028149677,0.655028149677,0.0,True,1,2.20000004768,0.948
3d3x SO4 896 A,SO4,SO4,0.33418952804,0.33418952804,0.0,True,1,2.20000004768,0.939
3d3x SO4 895 B,GOL,SO4,0.215644300034,0.0124321078331,0.203212192201,False,9,2.20000004768,0.851
3d3x SO4 894 A,SO4,SO4,0.777567995757,0.777567995757,0.0,True,1,2.20000004768,0.923
3d3x SO4 893 A,SO4,SO4,0.900549124643,0.900549124643,0.0,True,1,2.20000004768,0.959
3d3x SO4 892 A,SO4,SO4,0.558317345239,0.558317345239,0.0,True,1,2.20000004768,0.872
3d3x SO4 891 A,SO4,SO4,0.890407021482,0.890407021482,0.0,True,1,2.20000004768,0.943
3d3x SO4 890 B,SO4,SO4,0.848281027252,0.848281027252,0.0,True,1,2.20000004768,0.944
3d3s SO4 168 B,SO4,SO4,0.408777495291,0.408777495291,0.0,True,1,1.89999997616,0.857
3d3s SO4 167 B,SO4,SO4,0.709865587815,0.709865587815,0.0,True,1,1.89999997616,0.933
3d3s SO4 167 A,SO4,SO4,0.528508558073,0.528508558073,0.0,True,1,1.89999997616,0.97
3d3s SO4 166 D,SO4,SO4,0.759712942187,0.759712942187,0.0,True,1,1.89999997616,0.955
3d3s SO4 166 C,SO4,SO4,0.78721478763,0.78721478763,0.0,True,1,1.89999997616,0.978
3d3s SO4 166 B,SO4,SO4,0.38442014652,0.38442014652,0.0,True,1,1.89999997616,0.9
3d3s SO4 166 A,SO4,SO4,0.778174920389,0.778174920389,0.0,True,1,1.89999997616,0.986
3d3s SO4 165 D,SO4,SO4,0.906745207376,0.906745207376,0.0,True,1,1.89999997616,0.932
3d3s SO4 165 C,SO4,SO4,0.864535491836,0.864535491836,0.0,True,1,1.89999997616,0.978
3d3s SO4 165 B,SO4,SO4,0.664242236026,0.664242236026,0.0,True,1,1.89999997616,0.957
3d3s SO4 165 A,SO4,SO4,0.732049570985,0.732049570985,0.0,True,1,1.89999997616,0.932
3d3o SO4 178 B,GOL,SO4,0.407308876192,0.056578401074,0.350730475118,False,3,2.5,0.727
3d3o SO4 177 B,SO4,SO4,0.318518478817,0.318518478817,0.0,True,1,2.5,0.899
3d3o SO4 177 A,GOL,SO4,0.349342099043,0.117632350375,0.231709748669,False,2,2.5,0.921
3d3o SO4 176 B,SO4,SO4,0.432783705475,0.432783705475,0.0,True,1,2.5,0.936
3d3o SO4 176 A,SO4,SO4,0.38232420256,0.38232420256,0.0,True,1,2.5,0.894
3d3n EPE 286 B,SO4,EPE,0.779039299092,0.000297177279868,0.778742121812,False,191,2.5,0.867
3d3n EPE 285 A,SO4,EPE,0.916119807118,0.003948919103,0.912170888015,False,4,2.5,0.901
3d3f NDP 1 B,NAP,NDP,0.759850359691,0.0581452675806,0.701705092111,False,3,2.29999995232,0.906
3d3f NDP 1 A,NAP,NDP,0.156265655246,0.00625936337107,0.150006291875,False,27,2.29999995232,0.943
3d3e NAP 4 D,NDP,NAP,0.516049638187,0.413037304519,0.103012333668,False,2,2.40000009537,0.972
3d3e NAP 3 C,NAP,NAP,0.905404762593,0.905404762593,0.0,True,1,2.40000009537,0.972
3d3e NAP 2 B,NAP,NAP,0.751562858818,0.751562858818,0.0,True,1,2.40000009537,0.968
3d3e NAP 1 A,NAP,NAP,0.564434671447,0.564434671447,0.0,True,1,2.40000009537,0.966
3d3d SO4 203 A,DMS,SO4,0.419727213372,0.298167636479,0.121559576893,False,2,2.40000009537,0.92
3d3d SO4 202 B,SO4,SO4,0.77999775145,0.77999775145,0.0,True,1,2.40000009537,0.968
3d3d SO4 201 A,SO4,SO4,0.860443168526,0.860443168526,0.0,True,1,2.40000009537,0.974
3d3d SO4 200 A,SO4,SO4,0.642607165514,0.642607165514,0.0,True,1,2.40000009537,0.894
3d38 SO4 815 C,SO4,SO4,0.897181856545,0.897181856545,0.0,True,1,3.20000004768,0.921
3d38 SO4 814 C,SO4,SO4,0.891408897943,0.891408897943,0.0,True,1,3.20000004768,0.921
3d38 SO4 806 H,SO4,SO4,0.662912559878,0.662912559878,0.0,True,1,3.20000004768,0.949
3d38 SO4 805 M,SO4,SO4,0.875459727724,0.875459727724,0.0,True,1,3.20000004768,0.963
3d38 SO4 804 M,SO4,SO4,0.662582384409,0.662582384409,0.0,True,1,3.20000004768,0.953
3d38 SO4 803 H,SO4,SO4,0.814062459378,0.814062459378,0.0,True,1,3.20000004768,0.764
3d38 SO4 802 M,SO4,SO4,0.82587482079,0.82587482079,0.0,True,1,3.20000004768,0.988
3d38 SO4 801 M,SO4,SO4,0.797729204694,0.797729204694,0.0,True,1,3.20000004768,0.962
3d38 LDA 704 M,SO4,LDA,0.316886004856,0.0210792747416,0.295806730115,False,6,3.20000004768,0.905
3d38 LDA 703 H,SO4,LDA,0.605902368604,0.00249828198938,0.603404086615,False,20,3.20000004768,0.936
3d38 LDA 702 L,GOL,LDA,0.318778172883,0.0101816580971,0.308596514786,False,9,3.20000004768,0.952
3d38 LDA 701 H,ACT,LDA,0.478287025547,0.00120757451017,0.477079451037,False,24,3.20000004768,0.957
3d2w PO4 11 B,GOL,PO4,0.326205533302,0.01654499019,0.309660543112,False,6,1.70000004768,0.825
3d2e ATP 1001 C,GTP_MG,ATP_MG,0.246318949077,0.235554405869,0.0107645432072,False,2,2.40000009537,0.99
3d2e ATP 1001 A,ATP_MG,ATP_MG,0.488192287853,0.488192287853,0.0,True,1,2.40000009537,0.988
3d2d MAN 606 A,GOL,MAN,0.323877047973,0.00596981681693,0.317907231156,False,19,2.79999995232,0.9
3d22 PO4 140 A,SO4,PO4,0.923749371675,0.0593093546568,0.864440017018,False,2,1.60000002384,0.965
3d1v SO4 292 A,SO4,SO4,0.790408778341,0.790408778341,0.0,True,1,2.70000004768,0.973
3d1v SO4 291 A,SO4,SO4,0.911845046175,0.911845046175,0.0,True,1,2.70000004768,0.987
3d1v SO4 290 A,SO4,SO4,0.715735342524,0.715735342524,0.0,True,1,2.70000004768,0.994
3d18 TRS 279 A,GOL,TRS,0.818322122696,0.0378256251319,0.780496497564,False,3,1.70000004768,0.811
3d12 SO4 203 B,SO4,SO4,0.595168830172,0.595168830172,0.0,True,1,3.0,0.881
3d12 SO4 202 B,SO4,SO4,0.843792303181,0.843792303181,0.0,True,1,3.0,0.942
3d12 SO4 190 E,SO4,SO4,0.882684621885,0.882684621885,0.0,True,1,3.0,0.891
3d12 SO4 1477 D,SO4,SO4,0.357709985936,0.357709985936,0.0,True,1,3.0,0.744
3d12 SO4 1476 D,SO4,SO4,0.946592197083,0.946592197083,0.0,True,1,3.0,0.958
3d12 SO4 1475 D,SO4,SO4,0.440581086016,0.440581086016,0.0,True,1,3.0,0.937
3d12 SO4 1474 D,SO4,SO4,0.690790778448,0.690790778448,0.0,True,1,3.0,0.847
3d12 SO4 1473 D,SO4,SO4,0.356157866288,0.356157866288,0.0,True,1,3.0,0.835
3d12 SO4 1472 D,SO4,SO4,0.357566312349,0.357566312349,0.0,True,1,3.0,0.85
3d12 SO4 1471 D,SO4,SO4,0.547981112454,0.547981112454,0.0,True,1,3.0,0.818
3d12 SO4 1468 D,SO4,SO4,0.831354844878,0.831354844878,0.0,True,1,3.0,0.938
3d12 SO4 1376 A,SO4,SO4,0.554769407458,0.554769407458,0.0,True,1,3.0,0.96
3d12 SO4 1374 A,SO4,SO4_SO4,0.447690347833,0.00412547449682,0.443564873336,False,22,3.0,0.874
3d12 SO4 1373 A,SO4,SO4,0.810818822869,0.810818822869,0.0,True,1,3.0,0.832
3d12 SO4 1372 A,SO4,SO4,0.607146953163,0.607146953163,0.0,True,1,3.0,0.826
3d12 SO4 1371 A,SO4,SO4,0.357531318423,0.357531318423,0.0,True,1,3.0,0.851
3d12 SO4 1369 A,SO4,SO4,0.974794479134,0.974794479134,0.0,True,1,3.0,0.965
3d12 SO4 1368 A,SO4,SO4,0.633595088707,0.633595088707,0.0,True,1,3.0,0.947
3d0z GSH 215 A,GSH,GSH,0.374012824617,0.374012824617,0.0,True,1,2.5,0.929
3d0l SO4 6577 A,SO4,SO4,0.434889440349,0.434889440349,0.0,True,1,2.40000009537,0.852
3d0l SO4 6576 B,SO4,SO4,0.737131887244,0.737131887244,0.0,True,1,2.40000009537,0.9
3d0k SO4 308 B,SO4,SO4,0.392759479543,0.392759479543,0.0,True,1,1.79999995232,0.922
3d0k SO4 308 A,SO4,SO4,0.837754869145,0.837754869145,0.0,True,1,1.79999995232,0.983
3d0k SO4 307 B,SO4,SO4,0.675224981094,0.675224981094,0.0,True,1,1.79999995232,0.922
3d0k SO4 307 A,SO4,SO4,0.767596486146,0.767596486146,0.0,True,1,1.79999995232,0.86
3d0k SO4 306 B,SO4,SO4,0.925872199205,0.925872199205,0.0,True,1,1.79999995232,0.971
3d0k SO4 306 A,SO4,SO4,0.807410097337,0.807410097337,0.0,True,1,1.79999995232,0.99
3d0k SO4 305 B,PEG,SO4,0.278778292389,0.14826924929,0.130509043099,False,2,1.79999995232,0.925
3d0k SO4 305 A,SO4,SO4,0.61033298584,0.61033298584,0.0,True,1,1.79999995232,0.967
3d0k SO4 304 B,SO4,SO4,0.926658937382,0.926658937382,0.0,True,1,1.79999995232,0.99
3d0k SO4 304 A,SO4,SO4,0.857299130519,0.857299130519,0.0,True,1,1.79999995232,0.98
3d0k SO4 303 B,SO4,SO4,0.300676850537,0.300676850537,0.0,True,1,1.79999995232,0.961
3d0f PO4 501 B,SO4,PO4,0.564554567313,0.101754901893,0.46279966542,False,3,1.60000002384,0.905
3d04 BEN 162 E,EDO,BEN,0.190763529413,0.00949678067089,0.181266748742,False,15,2.40000009537,0.812
3d04 BEN 162 A,GOL,BEN,0.522222970398,0.0938811340479,0.42834183635,False,3,2.40000009537,0.823
3d04 BEN 161 F,EDO,BEN,0.229775060569,0.00888087246069,0.220894188108,False,12,2.40000009537,0.812
3d04 BEN 161 E,BEN,BEN,0.55485021076,0.55485021076,0.0,True,1,2.40000009537,0.728
3d04 BEN 161 C,BEN,BEN,0.54610255484,0.54610255484,0.0,True,1,2.40000009537,0.867
3d04 BEN 161 A,BEN,BEN,0.978521056019,0.978521056019,0.0,True,1,2.40000009537,0.942
3czr NAP 2 B,NDP,NAP,0.497870592035,0.360004522763,0.137866069272,False,2,2.20000004768,0.981
3czk SUC 700 A,SUC,SUC,0.777674981424,0.777674981424,0.0,True,1,2.20000004768,0.853
3czd SO4 700 A,FMN,SO4,0.310621273819,0.0209327311869,0.289688542632,False,9,2.40000009537,0.992
3czb SO4 7 A,SO4,SO4,0.915362184397,0.915362184397,0.0,True,1,2.5,0.931
3czb SO4 5 B,SO4,SO4,0.696681366499,0.696681366499,0.0,True,1,2.5,0.94
3czb SO4 4 B,SO4,SO4,0.547886920771,0.547886920771,0.0,True,1,2.5,0.97
3czb SO4 3 B,SO4,SO4,0.753604076578,0.753604076578,0.0,True,1,2.5,0.939
3czb SO4 2 B,SO4,SO4,0.85607342953,0.85607342953,0.0,True,1,2.5,0.966
3czb SO4 1 A,SO4,SO4,0.826004636868,0.826004636868,0.0,True,1,2.5,0.95
3cz7 ACO 404 A,ACO,ACO,0.624496871831,0.624496871831,0.0,True,1,2.0,0.965
3cz5 PO4 201 C,SO4,PO4,0.741717577653,0.106125367069,0.635592210584,False,2,2.70000004768,0.975
3cz5 PO4 201 B,SO4,PO4,0.797971880815,0.0890398157547,0.70893206506,False,2,2.70000004768,0.971
3cz5 PO4 201 A,SO4,PO4,0.775573753082,0.0962674576136,0.679306295468,False,2,2.70000004768,0.951
3cyx PO4 701 B,SO4,PO4,0.710490579598,0.0112684822989,0.699222097299,False,5,1.20000004768,0.844
3cyn SO4 6 A,SO4,SO4,0.802177124349,0.802177124349,0.0,True,1,2.0,0.965
3cyn SO4 5 B,ACT,SO4,0.376444690049,0.284556458476,0.0918882315732,False,2,2.0,0.956
3cyn SO4 4 B,SO4,SO4,0.940561288453,0.940561288453,0.0,True,1,2.0,0.949
3cyn SO4 3 B,SO4,SO4,0.438871081553,0.438871081553,0.0,True,1,2.0,0.975
3cyn SO4 2 C,SO4,SO4,0.896421448642,0.896421448642,0.0,True,1,2.0,0.949
3cyn SO4 1 B,SO4,SO4,0.883984342604,0.883984342604,0.0,True,1,2.0,0.967
3cyl SO4 309 B,SO4,SO4,0.97257631544,0.97257631544,0.0,True,1,1.89999997616,0.961
3cyl SO4 308 B,SO4,SO4,0.86376370297,0.86376370297,0.0,True,1,1.89999997616,0.946
3cyl SO4 305 A,SO4,SO4,0.774899437641,0.774899437641,0.0,True,1,1.89999997616,0.951
3cyl SO4 303 A,SO4,SO4,0.795771773973,0.795771773973,0.0,True,1,1.89999997616,0.941
3cyl SO4 301 A,SO4,SO4,0.84769622847,0.84769622847,0.0,True,1,1.89999997616,0.991
3cyi ATP 1 A,ATP_MG,ATP_MG,0.301276218013,0.301276218013,0.0,True,1,1.79999995232,0.98
3cy1 SO4 820 A,SO4,SO4,0.91435043761,0.91435043761,0.0,True,1,1.79999995232,0.979
3cy1 SO4 819 A,SO4,SO4,0.333641353777,0.333641353777,0.0,True,1,1.79999995232,0.817
3cy0 SO4 820 A,SO4,SO4,0.927631362196,0.927631362196,0.0,True,1,1.79999995232,0.951
3cxx SO4 820 A,SO4,SO4,0.963675746249,0.963675746249,0.0,True,1,1.70000004768,0.983
3cxv SO4 820 A,SO4,SO4,0.985371900952,0.985371900952,0.0,True,1,1.70000004768,0.984
3cxi SO4 309 B,SO4,SO4,0.934652684085,0.934652684085,0.0,True,1,1.79999995232,0.942
3cxi SO4 308 B,SO4,SO4,0.725957102468,0.725957102468,0.0,True,1,1.79999995232,0.895
3cxi SO4 305 A,SO4,SO4,0.621353626388,0.621353626388,0.0,True,1,1.79999995232,0.893
3cxi SO4 303 A,SO4,SO4,0.778507861994,0.778507861994,0.0,True,1,1.79999995232,0.922
3cxh SUC 4146 O,NAG,SUC,0.327467162714,0.250498651881,0.0769685108329,False,2,2.5,0.796
3cxh M3L 81 W,EDO,M3L,0.373397470729,0.00183289856642,0.371564572162,False,18,2.5,0.889
3cxg SO4 201 B,GOL,SO4,0.504035876539,0.041184200291,0.462851676248,False,3,2.0,0.946
3cwr SO4 209 A,SO4,SO4,0.977012949456,0.977012949456,0.0,True,1,1.5,0.994
3cwr SO4 208 B,SO4,SO4,0.719798727183,0.719798727183,0.0,True,1,1.5,0.915
3cwr SO4 208 A,SO4,SO4,0.965248471028,0.965248471028,0.0,True,1,1.5,0.994
3cwo SO4 501 X,ADP,SO4,0.275933719634,0.0795810025305,0.196352717103,False,2,3.09999990463,0.928
3cwn SO4 322 B,SO4,SO4,0.976966479805,0.976966479805,0.0,True,1,1.39999997616,0.994
3cwn SO4 322 A,SO4,SO4,0.978233184018,0.978233184018,0.0,True,1,1.39999997616,0.998
3cwn SO4 321 B,SO4,SO4,0.92344302264,0.92344302264,0.0,True,1,1.39999997616,0.978
3cwf EPE 201 B,MES,EPE,0.72835754558,0.05462777093,0.67372977465,False,3,2.20000004768,0.892
3cwf EPE 201 A,SO4,EPE,0.533644217916,0.0537869456712,0.479857272244,False,4,2.20000004768,0.94
3cwa 8OG 1 G,CME,8OG,0.228354458888,0.00461913360751,0.22373532528,False,25,2.40000009537,0.913
3cwa 8OG 1 E,SEP,8OG,0.473576845345,0.00428309658253,0.469293748762,False,19,2.40000009537,0.886
3cw9 NO3 1303 A,EDO,NO3,0.486342588643,0.0684668419464,0.417875746697,False,4,2.0,0.899
3cw9 NO3 1302 B,NO3,NO3,0.553198232649,0.553198232649,0.0,True,1,2.0,0.957
3cw9 AMP 999 B,AMP,AMP,0.275992341735,0.275992341735,0.0,True,1,2.0,0.944
3cw9 AMP 997 A,GLC_GLC,AMP,0.254394646324,0.00673116099656,0.247663485328,False,16,2.0,0.946
3cw7 8OG 8 G,AMP,8OG,0.159374440239,0.00507247203105,0.154301968208,False,29,2.29999995232,0.936
3cw7 8OG 8 E,ADP,8OG,0.138284407301,0.00356793649355,0.134716470807,False,52,2.29999995232,0.766
3cvz PO4 274 A,GOL,PO4,0.446604316332,0.00823217641742,0.438372139915,False,9,2.09999990463,0.767
3cvt 8OG 6 G,SAH,8OG,0.100753264736,0.0111575802596,0.0895956844764,False,16,2.5,0.892
3cvt 8OG 6 E,GOL,8OG,0.132251747701,0.00350951086495,0.128742236836,False,51,2.5,0.812
3cvs 8OG 8 G,5CM,8OG,0.732129395972,0.187760542568,0.544368853404,False,2,2.40000009537,0.916
3cvs 8OG 8 E,SAH,8OG,0.16965734252,0.00344965437342,0.166207688147,False,62,2.40000009537,0.848
3cvo SO4 202 B,SO4,SO4,0.967799874021,0.967799874021,0.0,True,1,1.79999995232,0.98
3cvo SO4 202 A,SO4,SO4,0.948102909604,0.948102909604,0.0,True,1,1.79999995232,0.987
3cv7 SO4 361 A,SO4,SO4,0.497679728427,0.497679728427,0.0,True,1,2.40000009537,0.909
3cv7 NAP 370 A,NAP,NAP,0.897632671059,0.897632671059,0.0,True,1,2.40000009537,0.978
3cv6 NAP 350 B,NAP,NAP,0.832902573022,0.832902573022,0.0,True,1,2.09999990463,0.982
3cv6 NAP 350 A,NAP,NAP,0.658592062329,0.658592062329,0.0,True,1,2.09999990463,0.981
3cv5 MPD 1049 A,MRD,MPD,0.261060843951,0.184389406601,0.07667143735,False,2,1.60000002384,0.876
3cv2 CSO 438 B,CSO,CSO,0.468858456374,0.468858456374,0.0,True,1,1.39999997616,0.962
3cv2 CSO 438 A,CSO,CSO,0.489770706261,0.489770706261,0.0,True,1,1.39999997616,0.955
3cus SF4 267 B,SF4,SF4,0.913494836993,0.913494836993,0.0,True,1,2.20000004768,0.96
3cus CSO 543 S,MLY,CSO,0.484977217007,0.0816542203333,0.403322996673,False,3,2.20000004768,0.958
3cus CSO 543 R,MLY,CSO,0.419618756356,0.018658829867,0.400959926489,False,7,2.20000004768,0.963
3cus CSO 543 Q,MLY,CSO,0.556296803178,0.00536084638754,0.550935956791,False,10,2.20000004768,0.96
3cur SF4 267 C,SF4,SF4,0.986432131106,0.986432131106,0.0,True,1,2.40000009537,0.968
3cur SF4 267 B,SF4,SF4,0.991811511957,0.991811511957,0.0,True,1,2.40000009537,0.966
3cur SF4 267 A,SF4,SF4,0.988224716253,0.988224716253,0.0,True,1,2.40000009537,0.978
3cur SF4 265 B,SF4,SF4,0.99522343923,0.99522343923,0.0,True,1,2.40000009537,0.982
3cup EPE 302 A,EPE,EPE,0.0943970357414,0.0943970357414,0.0,True,1,3.09999990463,0.949
3cue PLM 194 W,CLA,PLM,0.0900296611785,0.0232987472775,0.066730913901,False,10,3.70000004768,0.884
3cue PLM 194 Q,CLA,PLM,0.149713233462,0.0160892304673,0.133624002995,False,8,3.70000004768,0.872
3cue PLM 194 K,CLA,PLM,0.425530225104,0.0058658156432,0.419664409461,False,19,3.70000004768,0.899
3cue PLM 194 E,NAG,PLM,0.189412812619,0.00991727783219,0.179495534786,False,13,3.70000004768,0.895
3cu2 MRD 239 B,MPD,MRD,0.696398532882,0.23422270199,0.462175830892,False,2,1.89999997616,0.967
3cu2 MRD 239 A,MPD,MRD,0.928640567081,0.0384844041169,0.890156162964,False,2,1.89999997616,0.959
3cu0 UDP 503 A,MN_UDP,MN_UDP,0.923674083871,0.923674083871,0.0,True,1,1.89999997616,0.951
3cu0 UDP 501 A,MN_UDP,MN_UDP,0.505455912726,0.505455912726,0.0,True,1,1.89999997616,0.953
3ctv SO4 201 A,SO4,SO4,0.909833120996,0.909833120996,0.0,True,1,2.5,0.959
3ctt SO4 4001 A,DMS,SO4,0.601230067378,0.218303818123,0.382926249255,False,2,2.09999990463,0.965
3cto SO4 202 D,SO4,SO4,0.950611006755,0.950611006755,0.0,True,1,2.5,0.972
3cto SO4 201 A,SO4,SO4,0.883367230761,0.883367230761,0.0,True,1,2.5,0.974
3ct7 SO4 602 F,SO4,SO4,0.462125419699,0.462125419699,0.0,True,1,2.5,0.974
3ct7 SO4 502 E,SO4,SO4,0.867886494694,0.867886494694,0.0,True,1,2.5,0.985
3ct7 SO4 402 D,PO4,SO4,0.466758377544,0.40967462887,0.0570837486737,False,2,2.5,0.967
3ct7 SO4 302 C,SO4,SO4,0.810462421035,0.810462421035,0.0,True,1,2.5,0.976
3ct7 SO4 233 B,SO4,SO4,0.753815487566,0.753815487566,0.0,True,1,2.5,0.988
3ct7 SO4 233 A,SO4,SO4,0.67095597643,0.67095597643,0.0,True,1,2.5,0.972
3css PO4 301 A,SO4,PO4,0.656245791269,0.18766768244,0.468578108829,False,2,1.70000004768,0.947
3csi SO4 213 B,SO4,SO4,0.495597514826,0.495597514826,0.0,True,1,1.89999997616,0.957
3csh SO4 211 B,DMS,SO4,0.507483554434,0.287497614656,0.219985939778,False,2,1.60000002384,0.969
3cse NDP 301 B,NDP,NDP,0.730411738903,0.730411738903,0.0,True,1,1.60000002384,0.983
3cse NDP 301 A,NDP,NDP,0.822977156185,0.822977156185,0.0,True,1,1.60000002384,0.983
3csd NDP 301 B,NAP,NDP,0.367768007586,0.0300685741829,0.337699433403,False,4,2.29999995232,0.926
3csd NDP 301 A,NDP,NDP,0.630689319711,0.630689319711,0.0,True,1,2.29999995232,0.984
3cs8 SO4 3 A,SO4,SO4,0.689114100318,0.689114100318,0.0,True,1,2.29999995232,0.981
3cs8 SO4 2 A,SO4,SO4,0.801273313704,0.801273313704,0.0,True,1,2.29999995232,0.986
3cs8 SO4 1 B,GOL,SO4,0.287494852608,0.19072949178,0.0967653608281,False,3,2.29999995232,0.926
3cs8 SO4 1 A,SO4,SO4,0.80552610794,0.80552610794,0.0,True,1,2.29999995232,0.988
3cs3 SO4 405 A,GOL,SO4,0.542972708944,0.24245908663,0.300513622313,False,2,2.29999995232,0.848
3cs3 SO4 404 A,SO4,SO4,0.62726365471,0.62726365471,0.0,True,1,2.29999995232,0.938
3cs3 SO4 403 A,SO4,SO4,0.82856952427,0.82856952427,0.0,True,1,2.29999995232,0.989
3cs3 SO4 402 A,SO4,SO4,0.801203159135,0.801203159135,0.0,True,1,2.29999995232,0.921
3crz NAP 305 A,NAD,NAP,0.298995084775,0.0872652827994,0.211729801975,False,2,1.89999997616,0.903
3crv SF4 600 A,SF4,SF4,0.994017300448,0.994017300448,0.0,True,1,2.0,0.99
3cru GSH 215 A,GSH,GSH,0.760208977281,0.760208977281,0.0,True,1,2.29999995232,0.942
3crt GSH 215 A,GSH,GSH,0.957091263463,0.957091263463,0.0,True,1,1.79999995232,0.915
3crl ANP 1001 B,ADP_MG,ANP_MG,0.129488491103,0.115309006604,0.0141794844984,False,2,2.59999990463,0.942
3crl ANP 1000 A,ANP_MG,ANP_MG,0.835129705971,0.835129705971,0.0,True,1,2.59999990463,0.962
3crc ATP 265 B,NAG,ATP_MG,0.568164528591,0.00302018955821,0.565144339033,False,38,3.0,0.776
3crb SO4 5 A,SO4,SO4,0.78108783807,0.78108783807,0.0,True,1,2.59999990463,0.854
3cr1 SO4 14 A,SO4,SO4,0.567311156722,0.567311156722,0.0,True,1,2.29999995232,0.833
3cqx SCN 404 A,EDO,SCN,0.234113793886,0.0944131353641,0.139700658521,False,3,2.29999995232,0.892
3cqx SCN 403 A,GOL,SCN,0.564315762375,0.000950766767056,0.563364995608,False,31,2.29999995232,0.91
3cqx SCN 402 A,SO4,SCN,0.272973557191,0.000546075039538,0.272427482152,False,193,2.29999995232,0.769
3cqx SCN 401 B,EDO,SCN,0.896218431223,0.000665432732624,0.895552998491,False,15,2.29999995232,0.911
3cqs NCO 1 B,NCO,NCO,0.745906005197,0.745906005197,0.0,True,1,2.79999995232,0.972
3cqo FUC 3295 C,FUC,FUC,0.556644736849,0.556644736849,0.0,True,1,2.29999995232,0.966
3cqo FUC 3294 C,FUC,FUC,0.48961028389,0.48961028389,0.0,True,1,2.29999995232,0.94
3cqo FUC 2295 B,GLC,FUC,0.5783914322,0.136368024737,0.442023407463,False,2,2.29999995232,0.958
3cqo FUC 2294 B,FUC,FUC,0.308272481808,0.308272481808,0.0,True,1,2.29999995232,0.916
3cqo FUC 1295 A,GLC,FUC,0.401362801086,0.0470751634795,0.354287637607,False,2,2.29999995232,0.96
3cqo FUC 1294 A,FUC,FUC,0.122394930876,0.122394930876,0.0,True,1,2.29999995232,0.956
3cql SO4 248 B,SO4,SO4,0.956821670963,0.956821670963,0.0,True,1,1.5,0.977
3cql SO4 247 B,SO4,SO4,0.728751999337,0.728751999337,0.0,True,1,1.5,0.856
3cql SO4 247 A,SO4,SO4,0.512275534972,0.512275534972,0.0,True,1,1.5,0.748
3cqk SO4 287 B,SO4,SO4,0.7746853612,0.7746853612,0.0,True,1,2.29999995232,0.934
3cqk SO4 287 A,SO4,SO4,0.511697361824,0.511697361824,0.0,True,1,2.29999995232,0.935
3cqi SO4 287 A,SO4,SO4,0.457117945515,0.457117945515,0.0,True,1,2.09999990463,0.9
3cqi SO4 286 A,EDO,SO4,0.190638599129,0.1089225553,0.0817160438291,False,4,2.09999990463,0.901
3cqi SO4 285 B,SO4,SO4,0.710953674031,0.710953674031,0.0,True,1,2.09999990463,0.894
3cqi SO4 285 A,SO4,SO4,0.888663699584,0.888663699584,0.0,True,1,2.09999990463,0.97
3cqh SO4 405 A,SO4,SO4,0.743429688142,0.743429688142,0.0,True,1,2.09999990463,0.948
3cqh SO4 404 B,SO4,SO4,0.586199572927,0.586199572927,0.0,True,1,2.09999990463,0.86
3cqh SO4 403 B,SO4,SO4,0.824789209508,0.824789209508,0.0,True,1,2.09999990463,0.969
3cqh SO4 402 A,SO4,SO4,0.945574625059,0.945574625059,0.0,True,1,2.09999990463,0.989
3cqh SO4 401 B,SO4,SO4,0.911745473054,0.911745473054,0.0,True,1,2.09999990463,0.97
3cqd ATP 312 B,SO4,ATP,0.269689053446,0.000902457375317,0.268786596071,False,86,2.0,0.947
3cq9 SO4 304 A,SO4,SO4,0.848978549555,0.848978549555,0.0,True,1,2.20000004768,0.951
3cq9 SO4 303 B,SO4,SO4,0.876459824505,0.876459824505,0.0,True,1,2.20000004768,0.974
3cq9 SO4 302 C,SO4,SO4,0.88165342863,0.88165342863,0.0,True,1,2.20000004768,0.975
3cq9 SO4 301 C,SO4,SO4,0.853156174951,0.853156174951,0.0,True,1,2.20000004768,0.991
3cq6 PO4 405 A,TRS,PO4,0.440755331671,0.00329428841316,0.437461043258,False,11,2.09999990463,0.626
3cq6 PO4 403 C,SO4,PO4,0.566569039261,0.0156978995763,0.550871139685,False,5,2.09999990463,0.793
3cq6 PO4 402 E,SO4,PO4,0.758652566818,0.181687994889,0.576964571929,False,2,2.09999990463,0.99
3cq6 PO4 402 C,SO4,PO4,0.462929837016,0.460447135243,0.00248270177246,False,2,2.09999990463,0.99
3cq6 PO4 402 A,SO4,PO4,0.466709166874,0.428504690374,0.0382044764999,False,2,2.09999990463,0.971
3cq5 SO4 404 A,SO4,SO4,0.717138149914,0.717138149914,0.0,True,1,1.79999995232,0.956
3cq5 SO4 403 C,SO4,SO4,0.275852144529,0.275852144529,0.0,True,1,1.79999995232,0.882
3cq5 SO4 403 A,SO4,SO4,0.697685728116,0.697685728116,0.0,True,1,1.79999995232,0.914
3cq5 SO4 402 C,SO4,SO4,0.69594339689,0.69594339689,0.0,True,1,1.79999995232,0.899
3cq5 SO4 402 B,SO4,SO4,0.759071125917,0.759071125917,0.0,True,1,1.79999995232,0.956
3cq5 SO4 402 A,SO4,SO4,0.864922279742,0.864922279742,0.0,True,1,1.79999995232,0.941
3cpz SO4 401 A,SO4,SO4,0.483214213688,0.483214213688,0.0,True,1,2.79999995232,0.933
3cpm SO4 1 A,SO4,SO4,0.578084245124,0.578084245124,0.0,True,1,2.40000009537,0.966
3cph GDP 302 A,GDP,GDP,0.273379633861,0.273379633861,0.0,True,1,2.90000009537,0.979
3cpe PO4 569 A,SO4,PO4,0.906282745054,0.0536694193554,0.852613325699,False,2,2.79999995232,0.952
3cpe PO4 568 A,SO4,PO4,0.879221812487,0.0530875974065,0.82613421508,False,2,2.79999995232,0.972
3cp5 SO4 201 A,DMS,SO4,0.817350988038,0.150441900023,0.666909088014,False,2,1.20000004768,0.943
3cp2 SO4 630 A,SO4,SO4,0.774521331821,0.774521331821,0.0,True,1,2.90000009537,0.893
3coz SO4 704 A,SO4,SO4,0.627932352263,0.627932352263,0.0,True,1,2.0,0.825
3coz SO4 703 B,SO4,SO4,0.680102155249,0.680102155249,0.0,True,1,2.0,0.832
3coz EOH 714 A,GOL,EOH,0.455723424043,0.000387355132892,0.45533606891,False,47,2.0,0.927
3coy EOH 711 A,GOL,EOH,0.48613597564,0.000412629176927,0.485723346463,False,44,2.0,0.969
3coy EOH 710 A,EDO,EOH,0.457722857947,0.0123007830963,0.445422074851,False,7,2.0,0.827
3cov SO4 703 B,SO4,SO4,0.878231849385,0.878231849385,0.0,True,1,1.5,0.955
3cov SO4 702 B,SO4,SO4,0.746785667476,0.746785667476,0.0,True,1,1.5,0.959
3cov SO4 701 A,SO4,SO4,0.966061871557,0.966061871557,0.0,True,1,1.5,0.984
3cov EOH 712 A,EDO,EOH,0.738715141297,0.0743189277485,0.664396213549,False,2,1.5,0.84
3cot NAP 3902 A,NAP,NAP,0.960953011763,0.960953011763,0.0,True,1,2.0,0.954
3cot NAP 3901 B,NAP,NAP,0.991837353192,0.991837353192,0.0,True,1,2.0,0.972
3coq MPD 100 D,FLC,MPD,0.358056888086,0.00233474640275,0.355722141684,False,54,2.40000009537,0.83
3cok SO4 303 B,SO4,SO4,0.875072819759,0.875072819759,0.0,True,1,2.29999995232,0.964
3cok SO4 302 B,SO4,SO4,0.758242121329,0.758242121329,0.0,True,1,2.29999995232,0.949
3cok SO4 278 A,SO4,SO4,0.817988959184,0.817988959184,0.0,True,1,2.29999995232,0.973
3cok SO4 277 A,SO4,SO4,0.703726894274,0.703726894274,0.0,True,1,2.29999995232,0.94
3cok ANP 301 B,NAD,ANP,0.158845986456,0.0376675070255,0.121178479431,False,5,2.29999995232,0.855
3cok ANP 301 A,ADP,ANP,0.374515966854,0.0455291909195,0.328986775934,False,4,2.29999995232,0.899
3cog NO3 608 A,SO4,NO3,0.659077955362,0.0128694872308,0.646208468131,False,5,2.0,0.979
3cog NO3 607 D,CO3,NO3,0.261399700881,0.18948786135,0.0719118395308,False,2,2.0,0.976
3cog NO3 606 C,NO3,NO3,0.257131266915,0.257131266915,0.0,True,1,2.0,0.967
3cno GDP 501 A,GDP,GDP,0.764894315872,0.764894315872,0.0,True,1,2.29999995232,0.982
3cnk SO4 2833 B,SO4,SO4,0.969677745285,0.969677745285,0.0,True,1,1.60000002384,0.983
3cnk SO4 2832 A,SO4,SO4,0.850614697857,0.850614697857,0.0,True,1,1.60000002384,0.934
3cnh PO4 201 B,SO4,PO4,0.423781289865,0.1683901214,0.255391168466,False,2,1.70000004768,0.971
3cmz PO4 400 A,SO4,PO4,0.352282599967,0.00370175205298,0.348580847914,False,10,1.89999997616,0.753
3cmp SO4 185 C,EDO,SO4,0.265870497981,0.172823754513,0.0930467434682,False,2,2.79999995232,0.906
3cmp SO4 182 A,SO4,SO4,0.461298126797,0.461298126797,0.0,True,1,2.79999995232,0.91
3cmp SO4 181 A,SO4,SO4,0.345478206069,0.345478206069,0.0,True,1,2.79999995232,0.951
3cmf NAP 944 A,NAP,NAP,0.986874185638,0.986874185638,0.0,True,1,1.89999997616,0.953
3cmf NAP 943 B,NAP,NAP,0.863615376812,0.863615376812,0.0,True,1,1.89999997616,0.962
3cmc SO4 406 R,GOL,SO4,0.257382441731,0.228218200838,0.0291642408933,False,2,1.79999995232,0.864
3cmc SO4 405 R,SO4,SO4,0.435099531226,0.435099531226,0.0,True,1,1.79999995232,0.968
3cmc SO4 404 O,SO4,SO4,0.500626170557,0.500626170557,0.0,True,1,1.79999995232,0.951
3cmc SO4 403 Q,SO4,SO4,0.320996283704,0.320996283704,0.0,True,1,1.79999995232,0.884
3cmc SO4 403 O,SO4,SO4,0.810514877531,0.810514877531,0.0,True,1,1.79999995232,0.907
3cmc SO4 402 R,SO4,SO4,0.971483382256,0.971483382256,0.0,True,1,1.79999995232,0.991
3cmc SO4 402 Q,SO4,SO4,0.855952021351,0.855952021351,0.0,True,1,1.79999995232,0.991
3cmc SO4 402 P,SO4,SO4,0.910062164507,0.910062164507,0.0,True,1,1.79999995232,0.995
3cmc SO4 402 O,SO4,SO4,0.846395344536,0.846395344536,0.0,True,1,1.79999995232,0.988
3cmc SO4 401 P,NAG,SO4,0.416020629194,0.0185668046785,0.397453824516,False,5,1.79999995232,0.91
3cm3 PO4 1 A,PO4,PO4,0.516154524249,0.516154524249,0.0,True,1,1.29999995232,0.985
3clv GDP 211 A,GDP,GDP,0.941947695774,0.941947695774,0.0,True,1,1.89999997616,0.983
3clu AMP 1262 C,AMP,AMP,0.717104733166,0.717104733166,0.0,True,1,1.79999995232,0.985
3clt AMP 1262 C,AMP,AMP,0.951546381067,0.951546381067,0.0,True,1,2.0,0.987
3cls AMP 1262 C,AMP,AMP,0.896818898869,0.896818898869,0.0,True,1,1.70000004768,0.982
3clr AMP 1262 C,AMP,AMP,0.738374887853,0.738374887853,0.0,True,1,1.89999997616,0.99
3clp CMP 2 C,CMP,CMP,0.959116756056,0.959116756056,0.0,True,1,2.0,0.972
3clp CMP 1 A,CMP,CMP,0.834160241785,0.834160241785,0.0,True,1,2.0,0.975
3clj SO4 200 A,SO4,SO4,0.663822712942,0.663822712942,0.0,True,1,2.09999990463,0.968
3clb SO4 704 D,SO4,SO4,0.963902676184,0.963902676184,0.0,True,1,3.0,0.955
3clb SO4 703 C,SO4,SO4,0.932405906889,0.932405906889,0.0,True,1,3.0,0.98
3clb SO4 702 C,SO4,SO4,0.888800971379,0.888800971379,0.0,True,1,3.0,0.98
3clb SO4 701 A,SO4,SO4,0.910572159919,0.910572159919,0.0,True,1,3.0,0.979
3clb NAP 604 D,NDP,NAP,0.201478341908,0.0729952523109,0.128483089597,False,3,3.0,0.902
3clb NAP 603 C,NAP,NAP,0.659871027795,0.659871027795,0.0,True,1,3.0,0.896
3clb NAP 602 B,COA,NAP,0.104375566614,0.0740389049401,0.030336661674,False,3,3.0,0.782
3clb NAP 601 A,NAP,NAP,0.840275688105,0.840275688105,0.0,True,1,3.0,0.939
3cl9 UMP 603 A,SO4,UMP,0.310189742395,0.0388450363889,0.271344706006,False,6,3.29999995232,0.899
3cl9 SO4 802 A,SO4,SO4,0.915362601338,0.915362601338,0.0,True,1,3.29999995232,0.918
3cl9 SO4 801 A,SO4,SO4,0.916678369037,0.916678369037,0.0,True,1,3.29999995232,0.899
3cl9 NAP 601 A,SO4,NAP,0.281564520665,0.00114763763023,0.280416883034,False,93,3.29999995232,0.911
3cko SO4 330 A,SO4,SO4,0.808748100619,0.808748100619,0.0,True,1,2.5,0.952
3ckn UDP 332 A,8OG,MN_UDP,0.185249337444,0.0973714283344,0.08787790911,False,3,2.20000004768,0.907
3ckn SO4 331 A,SO4,SO4,0.790955755206,0.790955755206,0.0,True,1,2.20000004768,0.963
3ckm SO4 582 A,SO4,SO4,0.985952691499,0.985952691499,0.0,True,1,1.39999997616,0.998
3ckk SAM 301 A,SAH,SAM,0.616430835338,0.350050236379,0.266380598959,False,2,1.5,0.946
3ckj PO4 330 A,SO4,PO4,0.70616670911,0.260897375928,0.445269333181,False,2,1.79999995232,0.977
3ckj MRD 332 A,SO4,MRD,0.292296704173,0.00111176657091,0.291184937602,False,42,1.79999995232,0.793
3ckj CIT 331 A,SO4,CIT,0.138634170712,0.00237643176301,0.136257738949,False,46,1.79999995232,0.884
3ckd SO4 601 B,SO4,SO4,0.823492609096,0.823492609096,0.0,True,1,2.70000004768,0.964
3ckd SO4 600 C,SO4,SO4,0.937625049354,0.937625049354,0.0,True,1,2.70000004768,0.982
3ckc CSO 322 B,CSD,CSO,0.405181192206,0.0729243825543,0.332256809652,False,4,1.5,0.946
3ckc CSO 322 A,CME,CSO,0.33423609295,0.0578711152912,0.276364977659,False,5,1.5,0.799
3cjx SO4 202 H,SO4,SO4,0.802832798978,0.802832798978,0.0,True,1,2.59999990463,0.956
3cjx SO4 201 H,SO4,SO4,0.881386769801,0.881386769801,0.0,True,1,2.59999990463,0.922
3cjx SO4 201 G,SO4,SO4,0.662422381003,0.662422381003,0.0,True,1,2.59999990463,0.982
3cjx SO4 201 F,SO4,SO4,0.705043732805,0.705043732805,0.0,True,1,2.59999990463,0.901
3cjx SO4 201 E,SO4,SO4,0.690431204974,0.690431204974,0.0,True,1,2.59999990463,0.952
3cjx SO4 201 D,SO4,SO4,0.517899722802,0.517899722802,0.0,True,1,2.59999990463,0.858
3cjx SO4 201 C,SO4,SO4,0.498783952944,0.498783952944,0.0,True,1,2.59999990463,0.85
3cjx SO4 201 B,SO4,SO4,0.846218039291,0.846218039291,0.0,True,1,2.59999990463,0.965
3cjx SO4 201 A,SO4,SO4,0.919692070503,0.919692070503,0.0,True,1,2.59999990463,0.946
3cjt SAM 302 O,NAD,SAM,0.277273622579,0.0719270927379,0.205346529841,False,3,2.29999995232,0.85
3cjt SAM 302 K,SAM,SAM,0.401061755751,0.401061755751,0.0,True,1,2.29999995232,0.917
3cjt SAM 302 G,NAD,SAM,0.312724657341,0.283103784746,0.0296208725951,False,2,2.29999995232,0.884
3cjt SAM 302 C,NAD,SAM,0.488060896653,0.100542330933,0.38751856572,False,3,2.29999995232,0.853
3cjt SAH 259 I,SAM,SAH,0.356158066694,0.0743188122197,0.281839254474,False,3,2.29999995232,0.911
3cjt SAH 258 A,SAM,SAH,0.520337172945,0.176457385683,0.343879787262,False,2,2.29999995232,0.957
3cjt SAH 256 M,SAH,SAH,0.352162768504,0.352162768504,0.0,True,1,2.29999995232,0.937
3cjt SAH 256 E,SAM,SAH,0.267693770598,0.120056646892,0.147637123707,False,2,2.29999995232,0.94
3cjt NO3 256 I,SO4,NO3,0.435246449269,0.0074924242284,0.427754025041,False,9,2.29999995232,0.92
3cjt NO3 255 M,SO4,NO3,0.472353923782,0.00142319859846,0.470930725183,False,11,2.29999995232,0.943
3cjt NO3 255 I,SO4,NO3,0.863790100148,0.0174215171071,0.846368583041,False,3,2.29999995232,0.948
3cjt NO3 255 E,SO4,NO3,0.3358724231,0.0179999948879,0.317872428212,False,7,2.29999995232,0.951
3cjt NO3 255 A,SO4,NO3,0.40437605274,0.0217689958933,0.382607056846,False,7,2.29999995232,0.957
3cjt NO3 148 N,SO4,NO3,0.833580109853,0.000963779106382,0.832616330747,False,10,2.29999995232,0.917
3cjt NO3 148 F,SO4,NO3,0.802215804382,0.00434980457642,0.797865999806,False,6,2.29999995232,0.906
3cjt NO3 148 B,SO4,NO3,0.836087832777,0.00366694762474,0.832420885153,False,7,2.29999995232,0.967
3cjq SAH 303 G,SAH,SAH,0.936897585265,0.936897585265,0.0,True,1,2.70000004768,0.962
3cjq SAH 303 D,SAH,SAH,0.922900053492,0.922900053492,0.0,True,1,2.70000004768,0.973
3cjq SAH 303 A,SAH,SAH,0.953533286433,0.953533286433,0.0,True,1,2.70000004768,0.947
3cjn PO4 201 A,SO4,PO4,0.807247408063,0.153828220494,0.653419187569,False,2,1.89999997616,0.983
3cjj ACT 1 A,ACT_ZN,ACT_ZN,0.985250342861,0.985250342861,0.0,True,1,1.89999997616,0.969
3cjg SO4 2 A,SO4,SO4,0.855498126843,0.855498126843,0.0,True,1,2.29999995232,0.853
3cjg SO4 1 A,SO4,SO4,0.276689653659,0.276689653659,0.0,True,1,2.29999995232,0.948
3cjg CSO 860 A,CAS,CSO,0.302229474358,0.0714522400694,0.230777234289,False,3,2.29999995232,0.803
3cjg CSO 1022 A,CAS,CSO,0.919964537819,0.0187986108526,0.901165926966,False,2,2.29999995232,0.628
3cjf SO4 3 A,SO4,SO4,0.706310460242,0.706310460242,0.0,True,1,2.20000004768,0.939
3cjf SO4 2 A,SO4,SO4,0.367278102212,0.367278102212,0.0,True,1,2.20000004768,0.667
3cjf SO4 1 A,SO4,SO4,0.361734419358,0.361734419358,0.0,True,1,2.20000004768,0.87
3cjf CSO 860 A,H4B,CSO,0.0463656586632,0.0100132471303,0.0363524115328,False,20,2.20000004768,0.851
3cjf CSO 1114 A,EDO,CSO,0.184966000763,0.00660331868686,0.178362682076,False,14,2.20000004768,0.801
3cjf CSO 1043 A,GOL,CSO,0.211452361945,0.0345555085163,0.176896853429,False,4,2.20000004768,0.838
3cjf CSO 1022 A,SO4,CSO,0.117410768142,0.0106237203686,0.106787047774,False,12,2.20000004768,0.8
3cjf CSO 1005 A,CIT,CSO,0.164160462379,0.0206759492449,0.143484513134,False,9,2.20000004768,0.88
3cje PO4 167 A,SO4,PO4,0.469735229714,0.455312690605,0.0144225391083,False,2,1.70000004768,0.969
3cjc SO4 402 A,SO4,SO4,0.73149897733,0.73149897733,0.0,True,1,3.90000009537,0.88
3cjc SO4 275 D,SO4,SO4,0.563540521493,0.563540521493,0.0,True,1,3.90000009537,0.744
3cjc SO4 274 D,NAG,SO4,0.419982015003,0.402422808708,0.0175592062957,False,2,3.90000009537,0.904
3cjc SO4 273 D,SO4,SO4,0.894210103724,0.894210103724,0.0,True,1,3.90000009537,0.934
3cjc SO4 272 D,SO4,SO4,0.790462681454,0.790462681454,0.0,True,1,3.90000009537,0.82
3cjc SO4 126 G,SO4,SO4,0.130628086494,0.130628086494,0.0,True,1,3.90000009537,0.774
3cjc ATP 403 A,ADP,ATP,0.569881464483,0.0244775920129,0.54540387247,False,4,3.90000009537,0.964
3cjb ATP 377 A,ATP,ATP,0.774595538835,0.774595538835,0.0,True,1,3.20000004768,0.97
3ciy MAN 4135 B,BMA,MAN,0.319625091061,0.125621691251,0.19400339981,False,3,3.40000009537,0.647
3cix SF4 2460 A,SF4,SF4,0.958972014934,0.958972014934,0.0,True,1,1.70000004768,0.996
3cix SCN 1712 A,EDO,SCN,0.444987297377,0.264103311637,0.180883985741,False,2,1.70000004768,0.994
3cix SAH 1501 A,SAH,SAH,0.503751830366,0.503751830366,0.0,True,1,1.70000004768,0.967
3cix CSO 183 A,CSO,CSO,0.839170837959,0.839170837959,0.0,True,1,1.70000004768,0.977
3ciw SAH 1501 A,SAH,SAH,0.612276688051,0.612276688051,0.0,True,1,1.29999995232,0.969
3cit SO4 4 B,EDO,SO4,0.608885815841,0.00584465549943,0.603041160341,False,6,1.89999997616,0.626
3cit SO4 3 B,SO4,SO4,0.467343060753,0.467343060753,0.0,True,1,1.89999997616,0.902
3cit SO4 2 B,SO4,SO4,0.439406108346,0.439406108346,0.0,True,1,1.89999997616,0.938
3cit SO4 1 A,SO4,SO4,0.631604366019,0.631604366019,0.0,True,1,1.89999997616,0.906
3cis ATP 2102 H,ADP,ATP_MG,0.371598104342,0.194731739164,0.176866365178,False,2,2.79999995232,0.964
3cis ATP 2102 F,ADP_MG,ATP_MG,0.266148345956,0.206582496318,0.0595658496376,False,2,2.79999995232,0.961
3cis ATP 2102 D,ADP,ATP_MG,0.565273549312,0.0339808117698,0.531292737542,False,3,2.79999995232,0.965
3cis ATP 2102 B,GDP,ATP_MG,0.521374620955,0.00578571696098,0.515588903994,False,6,2.79999995232,0.96
3cis ATP 2101 H,ANP_MG,ATP_MG,0.242403407279,0.112449511348,0.129953895931,False,3,2.79999995232,0.974
3cis ATP 2101 F,GDP,ATP_MG,0.241227788658,0.00322684690585,0.238000941752,False,23,2.79999995232,0.972
3cis ATP 2101 D,GDP,ATP_MG,0.619757513487,0.00239456892785,0.617362944559,False,23,2.79999995232,0.976
3cis ATP 2101 B,ADP,ATP_MG,0.250698296392,0.0423456297543,0.208352666638,False,6,2.79999995232,0.966
3cis ATP 1102 G,ADP,ATP_MG,0.718821018404,0.0889105481314,0.629910470272,False,2,2.79999995232,0.973
3cis ATP 1102 E,ATP_MG,ATP_MG,0.211320958188,0.211320958188,0.0,True,1,2.79999995232,0.956
3cis ATP 1102 C,ADP,ATP_MG,0.528238460835,0.0946985190576,0.433539941778,False,2,2.79999995232,0.966
3cis ATP 1102 A,ADP,ATP_MG,0.328211831545,0.0530504271801,0.275161404365,False,3,2.79999995232,0.962
3cis ATP 1101 G,GDP,ATP_MG,0.210139749276,0.0876147574575,0.122524991818,False,2,2.79999995232,0.976
3cis ATP 1101 E,ATP_MG,ATP_MG,0.248487772615,0.248487772615,0.0,True,1,2.79999995232,0.979
3cis ATP 1101 C,ATP_MG,ATP_MG,0.354684364491,0.354684364491,0.0,True,1,2.79999995232,0.98
3cis ATP 1101 A,ATP_MG,ATP_MG,0.368016589916,0.368016589916,0.0,True,1,2.79999995232,0.978
3cir SF4 246 N,SF4,SF4,0.359632804404,0.359632804404,0.0,True,1,3.59999990463,0.988
3cir SF4 246 B,F3S,SF4,0.499888139049,0.312866388967,0.187021750082,False,2,3.59999990463,0.987
3cip SO4 408 A,SO4,SO4,0.320131000308,0.320131000308,0.0,True,1,1.60000002384,0.828
3cip SO4 407 A,SO4,SO4,0.59019652403,0.59019652403,0.0,True,1,1.60000002384,0.975
3cip SO4 405 A,SO4,SO4,0.947987042399,0.947987042399,0.0,True,1,1.60000002384,0.977
3cip SO4 404 A,SO4,SO4,0.806893605107,0.806893605107,0.0,True,1,1.60000002384,0.969
3cip SO4 403 A,PO4,SO4,0.557412098133,0.1714787602,0.385933337933,False,3,1.60000002384,0.987
3cip SO4 127 G,SO4,SO4,0.53626993696,0.53626993696,0.0,True,1,1.60000002384,0.898
3cip SO4 126 G,SCN,SO4,0.208200887134,0.190707028116,0.0174938590182,False,2,1.60000002384,0.949
3cip ATP 401 A,ANP_MG,ATP,0.107565095878,0.0740386567436,0.0335264391348,False,2,1.60000002384,0.993
3cih TRS 800 A,TRS,TRS,0.876354537194,0.876354537194,0.0,True,1,2.29999995232,0.954
3cib TAR 502 A,ACY,TAR,0.404606893196,0.00737314214157,0.397233751054,False,9,1.70000004768,0.818
3ci8 SO4 10 A,SO4,SO4,0.785992760673,0.785992760673,0.0,True,1,2.40000009537,0.838
3ci7 SO4 6002 D,SO4,SO4,0.612675557835,0.612675557835,0.0,True,1,1.39999997616,0.974
3ci7 SO4 6001 A,SO4,SO4,0.978295703118,0.978295703118,0.0,True,1,1.39999997616,0.987
3ci5 SO4 410 A,SO4,SO4,0.295888426872,0.295888426872,0.0,True,1,1.70000004768,0.929
3ci5 SO4 409 A,SO4,SO4,0.763665752815,0.763665752815,0.0,True,1,1.70000004768,0.914
3ci5 SO4 407 A,SO4,SO4,0.840150203955,0.840150203955,0.0,True,1,1.70000004768,0.981
3ci5 SO4 406 A,SO4,SO4,0.904508763306,0.904508763306,0.0,True,1,1.70000004768,0.99
3ci5 SO4 405 A,PO4,SO4,0.574964127777,0.257524028398,0.317440099379,False,2,1.70000004768,0.995
3ci5 SO4 404 A,SO4,SO4,0.81557491369,0.81557491369,0.0,True,1,1.70000004768,0.983
3ci5 SO4 403 A,SO4,SO4,0.644959396878,0.644959396878,0.0,True,1,1.70000004768,0.698
3ci5 SO4 126 G,SO4,SO4,0.326787384354,0.326787384354,0.0,True,1,1.70000004768,0.97
3ci5 ATP 401 A,ATP_CA,ATP_MG,0.507601999044,0.0838377473372,0.423764251707,False,3,1.70000004768,0.994
3ci4 ATP 999 A,BTB,ATP_MG,0.16690566556,0.0598349820892,0.107070683471,False,4,1.89999997616,0.979
3ci3 B12 800 A,HEC,B12,0.173684826363,0.0783944773801,0.0952903489825,False,4,1.10000002384,0.971
3ci1 B12 800 A,HEC,B12,0.237223549479,0.0591261572154,0.178097392263,False,3,1.79999995232,0.939
3ci1 ATP 999 A,GTP_MG,ATP_MG,0.190363466519,0.118717592379,0.0716458741404,False,3,1.79999995232,0.974
3chy SO4 403 A,SO4,SO4,0.777313727475,0.777313727475,0.0,True,1,1.70000004768,0.918
3chy SO4 402 A,SO4,SO4,0.669833193213,0.669833193213,0.0,True,1,1.70000004768,0.897
3chy SO4 401 A,SO4,SO4,0.890435616687,0.890435616687,0.0,True,1,1.70000004768,0.971
3chf SO4 441 B,SO4,SO4,0.28999463286,0.28999463286,0.0,True,1,1.89999997616,0.864
3chf SO4 440 B,SO4,SO4,0.697396860768,0.697396860768,0.0,True,1,1.89999997616,0.944
3chf SO4 439 B,SO4,SO4,0.94570934129,0.94570934129,0.0,True,1,1.89999997616,0.949
3chf SO4 439 A,SO4,SO4,0.444405982616,0.444405982616,0.0,True,1,1.89999997616,0.832
3chf SO4 438 B,MPD,SO4,0.330740825517,0.125756258115,0.204984567403,False,3,1.89999997616,0.806
3chf SO4 438 A,SO4,SO4,0.209580732939,0.209580732939,0.0,True,1,1.89999997616,0.875
3chf SO4 437 B,SO4,SO4,0.803448472105,0.803448472105,0.0,True,1,1.89999997616,0.953
3chf SO4 437 A,SO4,SO4,0.669867997999,0.669867997999,0.0,True,1,1.89999997616,0.97
3chf SO4 436 B,SO4,SO4,0.398972728994,0.398972728994,0.0,True,1,1.89999997616,0.88
3chf SO4 436 A,SO4,SO4,0.847723183159,0.847723183159,0.0,True,1,1.89999997616,0.951
3chf SO4 435 B,SO4,SO4,0.344788264124,0.344788264124,0.0,True,1,1.89999997616,0.814
3chf SO4 435 A,SO4,SO4,0.684150173898,0.684150173898,0.0,True,1,1.89999997616,0.893
3chf SO4 434 B,SO4,SO4,0.877244187135,0.877244187135,0.0,True,1,1.89999997616,0.96
3chf SO4 434 A,SO4,SO4,0.974621148063,0.974621148063,0.0,True,1,1.89999997616,0.981
3che SO4 443 B,SO4,SO4,0.448465383757,0.448465383757,0.0,True,1,2.0,0.854
3che SO4 442 B,SO4,SO4,0.665676040754,0.665676040754,0.0,True,1,2.0,0.935
3che SO4 441 B,SO4,SO4,0.908265488244,0.908265488244,0.0,True,1,2.0,0.956
3che SO4 441 A,SO4,SO4,0.627610491167,0.627610491167,0.0,True,1,2.0,0.888
3che SO4 440 B,SO4,SO4,0.791756309171,0.791756309171,0.0,True,1,2.0,0.967
3che SO4 440 A,SO4,SO4,0.666215867268,0.666215867268,0.0,True,1,2.0,0.972
3che SO4 439 B,SO4,SO4,0.410045547841,0.410045547841,0.0,True,1,2.0,0.888
3che SO4 439 A,SO4,SO4,0.88909950839,0.88909950839,0.0,True,1,2.0,0.952
3che SO4 438 B,GOL,SO4,0.665335376482,0.237999418428,0.427335958054,False,2,2.0,0.907
3che SO4 438 A,MPD,SO4,0.226118056558,0.15928944957,0.066828606987,False,3,2.0,0.944
3che SO4 437 B,SO4,SO4,0.907500335681,0.907500335681,0.0,True,1,2.0,0.964
3che SO4 437 A,SO4,SO4,0.645570255137,0.645570255137,0.0,True,1,2.0,0.976
3chd SO4 441 B,EDO,SO4,0.374850555132,0.127044756756,0.247805798376,False,3,2.0,0.918
3chd SO4 440 B,SO4,SO4,0.697585357589,0.697585357589,0.0,True,1,2.0,0.899
3chd SO4 439 B,SO4,SO4,0.926094972867,0.926094972867,0.0,True,1,2.0,0.957
3chd SO4 439 A,SO4,SO4,0.386714496549,0.386714496549,0.0,True,1,2.0,0.872
3chd SO4 438 B,GOL,SO4,0.27799780688,0.101854712528,0.176143094352,False,2,2.0,0.832
3chd SO4 438 A,SO4,SO4,0.24708602532,0.24708602532,0.0,True,1,2.0,0.894
3chd SO4 437 B,SO4,SO4,0.835587899929,0.835587899929,0.0,True,1,2.0,0.962
3chd SO4 437 A,SO4,SO4,0.697896469373,0.697896469373,0.0,True,1,2.0,0.968
3chd SO4 436 B,SO4,SO4,0.335755614807,0.335755614807,0.0,True,1,2.0,0.923
3chd SO4 436 A,SO4,SO4,0.835741386513,0.835741386513,0.0,True,1,2.0,0.96
3chd SO4 435 B,SO4,SO4,0.66727869529,0.66727869529,0.0,True,1,2.0,0.877
3chd SO4 435 A,SO4,SO4,0.739470516094,0.739470516094,0.0,True,1,2.0,0.919
3chd SO4 434 B,SO4,SO4,0.922141196068,0.922141196068,0.0,True,1,2.0,0.96
3chd SO4 434 A,SO4,SO4,0.923097021134,0.923097021134,0.0,True,1,2.0,0.984
3chc SO4 439 B,GOL,SO4,0.396266889864,0.043722110644,0.35254477922,False,3,1.89999997616,0.918
3chc SO4 438 B,SO4,SO4,0.943783262627,0.943783262627,0.0,True,1,1.89999997616,0.955
3chc SO4 438 A,PG4,SO4,0.179110206022,0.0829847249683,0.0961254810537,False,4,1.89999997616,0.922
3chc SO4 437 B,GOL,SO4,0.226784084577,0.0847719284856,0.142012156092,False,5,1.89999997616,0.835
3chc SO4 437 A,SO4,SO4,0.883573123857,0.883573123857,0.0,True,1,1.89999997616,0.969
3chc SO4 436 B,SO4,SO4,0.610466590941,0.610466590941,0.0,True,1,1.89999997616,0.964
3chc SO4 436 A,SO4,SO4,0.887539239189,0.887539239189,0.0,True,1,1.89999997616,0.966
3chc SO4 435 B,SO4,SO4,0.681311354264,0.681311354264,0.0,True,1,1.89999997616,0.848
3chc SO4 435 A,SO4,SO4,0.752384476053,0.752384476053,0.0,True,1,1.89999997616,0.942
3chc SO4 434 B,SO4,SO4,0.929637438429,0.929637438429,0.0,True,1,1.89999997616,0.973
3chc SO4 434 A,SO4,SO4,0.889366102645,0.889366102645,0.0,True,1,1.89999997616,0.977
3ch9 SO4 441 B,GOL,SO4,0.358770147196,0.0350923076075,0.323677839588,False,3,2.20000004768,0.935
3ch9 SO4 440 B,GOL,SO4,0.293955348612,0.257302200938,0.0366531476749,False,2,2.20000004768,0.698
3ch9 SO4 439 B,SO4,SO4,0.887530338974,0.887530338974,0.0,True,1,2.20000004768,0.951
3ch9 SO4 438 B,SO4,SO4,0.495238816929,0.495238816929,0.0,True,1,2.20000004768,0.787
3ch9 SO4 438 A,SO4,SO4,0.33445054163,0.33445054163,0.0,True,1,2.20000004768,0.929
3ch9 SO4 437 B,SO4,SO4,0.764011066655,0.764011066655,0.0,True,1,2.20000004768,0.958
3ch9 SO4 437 A,EDO,SO4,0.487937464063,0.114563351775,0.373374112287,False,2,2.20000004768,0.864
3ch9 SO4 436 B,GOL,SO4,0.363155807146,0.288745011648,0.0744107954981,False,2,2.20000004768,0.828
3ch9 SO4 436 A,SO4,SO4,0.587995755183,0.587995755183,0.0,True,1,2.20000004768,0.959
3ch9 SO4 435 B,SO4,SO4,0.862278525405,0.862278525405,0.0,True,1,2.20000004768,0.969
3ch9 SO4 435 A,SO4,SO4,0.816826131427,0.816826131427,0.0,True,1,2.20000004768,0.946
3ch9 SO4 434 B,SO4,SO4,0.526689981906,0.526689981906,0.0,True,1,2.20000004768,0.931
3ch9 SO4 434 A,SO4,SO4,0.771214514033,0.771214514033,0.0,True,1,2.20000004768,0.915
3ch6 NAP 504 E,NAP,NAP,0.586367508047,0.586367508047,0.0,True,1,2.29999995232,0.968
3ch6 NAP 503 D,NAP,NAP,0.610258004481,0.610258004481,0.0,True,1,2.29999995232,0.977
3ch6 NAP 502 B,FAD,NAP,0.306075535674,0.258070140333,0.0480053953407,False,3,2.29999995232,0.973
3ch6 NAP 501 A,NDP,NAP,0.52322312352,0.387474093802,0.135749029718,False,2,2.29999995232,0.974
3ch4 SO4 202 B,SO4,SO4,0.818627169676,0.818627169676,0.0,True,1,1.79999995232,0.976
3ch4 SO4 201 B,SO4,SO4,0.678356937985,0.678356937985,0.0,True,1,1.79999995232,0.993
3ch1 SO4 279 J,SO4,SO4,0.343976782706,0.343976782706,0.0,True,1,2.29999995232,0.964
3ch1 SO4 277 J,SO4,SO4,0.490222965747,0.490222965747,0.0,True,1,2.29999995232,0.934
3ch1 SO4 277 D,SO4,SO4,0.961798869138,0.961798869138,0.0,True,1,2.29999995232,0.977
3ch1 SO4 277 A,SO4,SO4,0.948541987324,0.948541987324,0.0,True,1,2.29999995232,0.971
3ch0 CIT 272 A,FLC,CIT,0.540504929481,0.334371899614,0.206133029868,False,2,1.5,0.974
3cgr SO4 13 A,SO4,SO4,0.774446345607,0.774446345607,0.0,True,1,2.09999990463,0.808
3cgq SO4 13 A,SO4,SO4,0.904736906526,0.904736906526,0.0,True,1,2.59999990463,0.963
3cgp SO4 13 A,SO4,SO4,0.871450423638,0.871450423638,0.0,True,1,1.60000002384,0.921
3cgn SO4 159 A,SO4,SO4,0.933211131265,0.933211131265,0.0,True,1,2.70000004768,0.915
3cgm SCN 165 A,SO4,SCN,0.746464310967,0.000202701251519,0.746261609716,False,43,2.40000009537,0.958
3cgm SCN 163 A,GOL,SCN,0.258977409076,0.00128113289366,0.257696276182,False,55,2.40000009537,0.615
3cgm SCN 162 A,SO4,SCN,0.509826518222,0.000406980562225,0.50941953766,False,144,2.40000009537,0.913
3cgm SCN 161 A,EDO,SCN,0.653957722208,0.00617367183686,0.647784050371,False,9,2.40000009537,0.942
3cgm SCN 160 A,EDO,SCN,0.174642589504,0.119901044167,0.054741545337,False,4,2.40000009537,0.986
3cge NDP 803 A,NAP,NDP,0.425277686924,0.395391972247,0.0298857146772,False,2,2.29999995232,0.937
3cge NDP 802 B,NAP,NDP,0.876490666361,0.0689873018294,0.807503364531,False,2,2.29999995232,0.944
3cg5 PO4 311 A,GOL,PO4,0.473904989629,0.0105021522137,0.463402837415,False,11,1.70000004768,0.751
3cg5 PO4 310 A,PO4,PO4,0.658257681146,0.658257681146,0.0,True,1,1.70000004768,0.971
3cg5 PO4 309 A,DMS,PO4,0.700997651228,0.00981471526177,0.691182935966,False,3,1.70000004768,0.942
3cg5 PO4 308 A,PO4,PO4,0.945589558059,0.945589558059,0.0,True,1,1.70000004768,0.984
3cfw BMA 204 A,SO4,BMA,0.236206423119,0.00367697629468,0.232529446824,False,17,2.20000004768,0.848
3cfo SO4 913 A,SO4,SO4,0.905437486753,0.905437486753,0.0,True,1,2.59999990463,0.973
3cfo SO4 912 A,SO4,SO4,0.6760213351,0.6760213351,0.0,True,1,2.59999990463,0.961
3cfo SO4 911 A,SO4,SO4,0.782455465862,0.782455465862,0.0,True,1,2.59999990463,0.965
3cfo SO4 910 A,SO4,SO4,0.761425641818,0.761425641818,0.0,True,1,2.59999990463,0.926
3cfl SO4 5 A,SO4,SO4,0.640520016833,0.640520016833,0.0,True,1,2.29999995232,0.956
3cfj SO4 603 D,SO4,SO4,0.878615863196,0.878615863196,0.0,True,1,2.59999990463,0.95
3cfj SO4 602 H,SO4,SO4,0.848885599041,0.848885599041,0.0,True,1,2.59999990463,0.988
3cfj SO4 601 D,SO4,SO4,0.834523597005,0.834523597005,0.0,True,1,2.59999990463,0.975
3cfh NRQ 65 H,EPE,NRQ,0.124338484671,0.00615361072322,0.118184873948,False,27,1.70000004768,0.823
3cfh NRQ 65 G,NRQ,NRQ,0.227878801591,0.227878801591,0.0,True,1,1.70000004768,0.875
3cfh NRQ 65 B,EPE,NRQ,0.107853320257,0.00855878433802,0.0992945359187,False,19,1.70000004768,0.865
3cfh NRQ 65 A,NRQ,NRQ,0.403813528175,0.403813528175,0.0,True,1,1.70000004768,0.882
3cfh CME 221 H,CSO,CME,0.240699774319,0.0835165102155,0.157183264103,False,4,1.70000004768,0.929
3cfh CME 221 G,CME,CME,0.508873890834,0.508873890834,0.0,True,1,1.70000004768,0.92
3cfh CME 221 B,CSO,CME,0.443895141121,0.390451098845,0.0534440422761,False,2,1.70000004768,0.928
3cfh CME 221 A,CME,CME,0.950565177434,0.950565177434,0.0,True,1,1.70000004768,0.93
3cfh CME 114 H,GOL,CME,0.408588601318,0.00363736836839,0.40495123295,False,10,1.70000004768,0.866
3cfh CME 114 G,CME,CME,0.731080222888,0.731080222888,0.0,True,1,1.70000004768,0.913
3cfh CME 114 B,PCA,CME,0.366170067114,0.202737624591,0.163432442523,False,2,1.70000004768,0.889
3cfh CME 114 A,CME,CME,0.313292178536,0.313292178536,0.0,True,1,1.70000004768,0.94
3cff NRQ 65 H,PLP,NRQ,0.181065485624,0.134226102735,0.0468393828888,False,2,1.79999995232,0.83
3cff NRQ 65 G,CRQ,NRQ,0.151576331353,0.00853022130722,0.143046110045,False,14,1.79999995232,0.863
3cff NRQ 65 B,NRQ,NRQ,0.108149560246,0.108149560246,0.0,True,1,1.79999995232,0.852
3cff NRQ 65 A,NAG,NRQ,0.38864628755,0.0249133724404,0.36373291511,False,4,1.79999995232,0.86
3cff CME 221 H,CME,CME,0.144296989383,0.144296989383,0.0,True,1,1.79999995232,0.903
3cff CME 221 G,SEP,CME,0.105911597406,0.0737250125576,0.0321865848485,False,2,1.79999995232,0.945
3cff CME 221 B,MLZ,CME,0.085725057635,0.014579632501,0.071145425134,False,10,1.79999995232,0.94
3cff CME 221 A,CME,CME,0.805359039099,0.805359039099,0.0,True,1,1.79999995232,0.921
3cff CME 114 H,OCS,CME,0.240078027521,0.0697899084998,0.170288119022,False,2,1.79999995232,0.941
3cff CME 114 G,CSO,CME,0.45293275778,0.014114663964,0.438818093816,False,8,1.79999995232,0.905
3cff CME 114 B,CSO,CME,0.308341820844,0.0723490908529,0.235992729991,False,4,1.79999995232,0.905
3cff CME 114 A,CSO,CME,0.367599056592,0.0406936744565,0.326905382136,False,6,1.79999995232,0.933
3cfe SO4 305 B,SO4,SO4,0.608134802695,0.608134802695,0.0,True,1,3.0,0.901
3cfe SO4 304 A,SO4,SO4,0.852707868861,0.852707868861,0.0,True,1,3.0,0.963
3cfe SO4 303 L,NAG,SO4,0.313476077354,0.312565126564,0.000910950790498,False,2,3.0,0.908
3cfe SO4 302 L,SO4,SO4,0.629517381903,0.629517381903,0.0,True,1,3.0,0.904
3cfe SO4 301 A,SO4,SO4,0.707754721996,0.707754721996,0.0,True,1,3.0,0.948
3cfa CME 221 H,CSO,CME,0.279843914684,0.0961769567323,0.183666957951,False,2,1.79999995232,0.932
3cfa CME 221 G,CME,CME,0.628077466951,0.628077466951,0.0,True,1,1.79999995232,0.922
3cfa CME 221 B,CSO,CME,0.620083444587,0.102047650407,0.51803579418,False,3,1.79999995232,0.927
3cfa CME 221 A,CME,CME,0.829464243785,0.829464243785,0.0,True,1,1.79999995232,0.888
3cfa CME 114 H,CME,CME,0.611621203487,0.611621203487,0.0,True,1,1.79999995232,0.91
3cfa CME 114 G,CME,CME,0.589653307189,0.589653307189,0.0,True,1,1.79999995232,0.902
3cfa CME 114 B,CSO,CME,0.62514148976,0.142252711822,0.482888777938,False,2,1.79999995232,0.936
3cfa CME 114 A,CSO,CME,0.336200114846,0.25171467056,0.0844854442857,False,3,1.79999995232,0.942
3cf9 BEN 162 B,SO4,BEN,0.672096588174,0.0172364771679,0.654860111006,False,6,2.59999990463,0.805
3cf9 BEN 161 E,BEN,BEN,0.988855506413,0.988855506413,0.0,True,1,2.59999990463,0.958
3cf9 BEN 161 C,BEN,BEN,0.409507905847,0.409507905847,0.0,True,1,2.59999990463,0.887
3cf9 BEN 161 B,GOL,BEN,0.34637177102,0.0178760402617,0.328495730758,False,6,2.59999990463,0.871
3cf8 BEN 163 A,GOL,BEN,0.284558667665,0.0296285120307,0.254930155634,False,5,2.40000009537,0.816
3cf8 BEN 162 B,GOL,BEN,0.516781113573,0.0110120799796,0.505769033594,False,7,2.40000009537,0.84
3cf8 BEN 162 A,GOL,BEN,0.488532192893,0.277121529141,0.211410663752,False,2,2.40000009537,0.847
3cf8 BEN 161 C,BEN,BEN,0.359528278853,0.359528278853,0.0,True,1,2.40000009537,0.866
3cf8 BEN 161 B,SO4,BEN,0.194592294874,0.155673692562,0.0389186023114,False,3,2.40000009537,0.814
3cf8 BEN 161 A,BEN,BEN,0.971993997061,0.971993997061,0.0,True,1,2.40000009537,0.959
3cf6 SO4 168 R,SO4,SO4,0.928621550147,0.928621550147,0.0,True,1,2.20000004768,0.992
3cf4 SF4 814 A,SF4,SF4,0.991401735903,0.991401735903,0.0,True,1,2.0,0.99
3cf4 SF4 813 A,SF4,SF4,0.98909884804,0.98909884804,0.0,True,1,2.0,0.985
3cf4 SF4 810 A,SF4,SF4,0.992257884348,0.992257884348,0.0,True,1,2.0,0.989
3cf0 ADP 900 K,ADP,ADP,0.889332931129,0.889332931129,0.0,True,1,3.0,0.934
3cf0 ADP 900 J,ADP,ADP,0.910834628047,0.910834628047,0.0,True,1,3.0,0.947
3cf0 ADP 900 I,ADP,ADP,0.640862526034,0.640862526034,0.0,True,1,3.0,0.966
3cf0 ADP 900 H,ADP,ADP,0.905928593188,0.905928593188,0.0,True,1,3.0,0.926
3cf0 ADP 900 G,ADP,ADP,0.871648269762,0.871648269762,0.0,True,1,3.0,0.944
3cf0 ADP 900 F,ADP,ADP,0.881189032021,0.881189032021,0.0,True,1,3.0,0.946
3cf0 ADP 900 E,ADP,ADP,0.855952508095,0.855952508095,0.0,True,1,3.0,0.941
3cf0 ADP 900 D,ADP,ADP,0.952419630046,0.952419630046,0.0,True,1,3.0,0.948
3cf0 ADP 900 C,ADP,ADP,0.966744834827,0.966744834827,0.0,True,1,3.0,0.931
3cf0 ADP 900 B,ADP,ADP,0.921814143885,0.921814143885,0.0,True,1,3.0,0.961
3cf0 ADP 900 A,ADP,ADP,0.962254029201,0.962254029201,0.0,True,1,3.0,0.949
3cet SO4 402 B,SO4,SO4,0.794645053027,0.794645053027,0.0,True,1,1.79999995232,0.959
3cet SO4 401 B,SO4,SO4,0.689272901041,0.689272901041,0.0,True,1,1.79999995232,0.989
3cer SO4 346 C,SO4,SO4,0.414825987785,0.414825987785,0.0,True,1,2.40000009537,0.889
3cer SO4 345 B,SO4,SO4,0.812083385106,0.812083385106,0.0,True,1,2.40000009537,0.884
3cer SO4 344 E,BGC,SO4,0.40947627396,0.00659439692465,0.402881877035,False,15,2.40000009537,0.89
3cer SO4 344 B,MES,SO4_SO4,0.527373536174,0.0179777272534,0.509395808921,False,7,2.40000009537,0.954
3cei SO4 700 A,SO4,SO4,0.32259459019,0.32259459019,0.0,True,1,2.40000009537,0.954
3ceh PO4 4 B,SO4,PO4,0.915488559258,0.0563185484949,0.859170010763,False,2,2.79999995232,0.982
3ceh PO4 3 A,SO4,PO4,0.870442361635,0.0948273860419,0.775614975593,False,2,2.79999995232,0.995
3ceb SO4 198 A,SO4,SO4,0.755880060443,0.755880060443,0.0,True,1,2.40000009537,0.877
3ceb SO4 197 A,SO4,SO4,0.304561006082,0.304561006082,0.0,True,1,2.40000009537,0.904
3ceb SO4 196 A,GOL,SO4,0.428259721121,0.112964414375,0.315295306746,False,3,2.40000009537,0.943
3ceb SO4 195 A,SO4,SO4,0.811722813619,0.811722813619,0.0,True,1,2.40000009537,0.967
3ceb SO4 194 A,SO4,SO4,0.808070584882,0.808070584882,0.0,True,1,2.40000009537,0.994
3ce6 ADN 500 D,ADN,ADN,0.985500694655,0.985500694655,0.0,True,1,1.5,0.959
3ce6 ADN 500 C,ADN,ADN,0.981383841627,0.981383841627,0.0,True,1,1.5,0.956
3ce6 ADN 500 B,ADN,ADN,0.906798195626,0.906798195626,0.0,True,1,1.5,0.96
3ce6 ADN 500 A,ADN,ADN,0.978066733678,0.978066733678,0.0,True,1,1.5,0.967
3ce4 SO4 905 C,SO4,SO4,0.860522498645,0.860522498645,0.0,True,1,1.5,0.87
3ce4 SO4 904 A,SO4,SO4,0.520745682694,0.520745682694,0.0,True,1,1.5,0.835
3ce4 SO4 903 C,SO4,SO4,0.877059690041,0.877059690041,0.0,True,1,1.5,0.941
3ce4 SO4 902 B,SO4,SO4,0.528180808671,0.528180808671,0.0,True,1,1.5,0.954
3ce4 SO4 901 A,SO4,SO4,0.920946944664,0.920946944664,0.0,True,1,1.5,0.962
3ce4 IPA 802 C,SO4,IPA,0.620480752427,0.00126061158951,0.619220140838,False,13,1.5,0.87
3ce4 IPA 801 B,ACT,IPA,0.538520885103,0.0309445856984,0.507576299404,False,5,1.5,0.929
3cdu SO4 475 A,SO4,SO4,0.508917266365,0.508917266365,0.0,True,1,2.09999990463,0.902
3cdu POP 482 A,GOL,POP,0.35916324673,0.000917642498424,0.358245604232,False,58,2.09999990463,0.863
3cdo SO4 1906 C,PO4,SO4,0.487026138581,0.427055247723,0.059970890858,False,2,1.89999997616,0.994
3cdo SO4 1905 B,SO4,SO4,0.751726191691,0.751726191691,0.0,True,1,1.89999997616,0.972
3cdo SO4 1904 D,SO4,SO4,0.900717080768,0.900717080768,0.0,True,1,1.89999997616,0.988
3cdo SO4 1903 B,SO4,SO4,0.386215997292,0.386215997292,0.0,True,1,1.89999997616,0.981
3cdo SO4 1902 B,SO4,SO4,0.666592284499,0.666592284499,0.0,True,1,1.89999997616,0.991
3cdo SO4 1901 D,SO4,SO4,0.756049401335,0.756049401335,0.0,True,1,1.89999997616,0.993
3cdo MPD 1914 A,GOL,MPD,0.204259089841,0.0747718457519,0.129487244089,False,2,1.89999997616,0.969
3cdo MPD 1913 D,MPD,MPD,0.267041745036,0.267041745036,0.0,True,1,1.89999997616,0.867
3cdo MPD 1912 D,GOL,MPD,0.152866000726,0.03704717411,0.115818826616,False,5,1.89999997616,0.894
3cdo MPD 1911 A,GOL,MPD,0.498906759893,0.0686639293094,0.430242830583,False,3,1.89999997616,0.925
3cdh SO4 206 A,SO4,SO4,0.576312011332,0.576312011332,0.0,True,1,2.70000004768,0.865
3cdh SO4 205 B,SO4,SO4,0.514073084775,0.514073084775,0.0,True,1,2.70000004768,0.784
3cdh SO4 204 A,SO4,SO4,0.667040418065,0.667040418065,0.0,True,1,2.70000004768,0.937
3cdh SO4 203 A,SO4,SO4,0.828598097282,0.828598097282,0.0,True,1,2.70000004768,0.947
3cdh SO4 202 A,SO4,SO4,0.882787833264,0.882787833264,0.0,True,1,2.70000004768,0.97
3cdh SO4 201 A,SO4,SO4,0.846358657817,0.846358657817,0.0,True,1,2.70000004768,0.889
3cd5 SO4 4 D,SO4,SO4,0.592040106584,0.592040106584,0.0,True,1,2.40000009537,0.97
3cd5 SO4 3 C,GOL,SO4,0.380732138532,0.361013026386,0.0197191121466,False,2,2.40000009537,0.945
3cd5 SO4 2 B,SO4,SO4,0.66133612543,0.66133612543,0.0,True,1,2.40000009537,0.98
3cd5 SO4 1 A,SO4,SO4,0.663674860457,0.663674860457,0.0,True,1,2.40000009537,0.972
3ccz SO4 4 D,SO4,SO4,0.885290981759,0.885290981759,0.0,True,1,1.70000004768,0.749
3ccz SO4 3 C,SO4,SO4,0.815598276165,0.815598276165,0.0,True,1,1.70000004768,0.762
3ccz SO4 2 B,SO4,SO4,0.612269941612,0.612269941612,0.0,True,1,1.70000004768,0.702
3ccz SO4 1 A,SO4,SO4,0.75689248399,0.75689248399,0.0,True,1,1.70000004768,0.657
3cch SO4 278 J,SO4,SO4,0.414780559816,0.414780559816,0.0,True,1,2.59999990463,0.852
3cch SO4 278 D,NAG,SO4,0.207947904817,0.17148874089,0.0364591639274,False,2,2.59999990463,0.905
3cch SO4 277 G,SO4,SO4,0.404180283172,0.404180283172,0.0,True,1,2.59999990463,0.915
3cch SO4 277 D,SO4,SO4,0.559994326439,0.559994326439,0.0,True,1,2.59999990463,0.965
3cch SO4 104 E,GOL,SO4,0.374934249565,0.303294926001,0.0716393235644,False,2,2.59999990463,0.796
3cch SO4 103 H,SO4,SO4,0.30939736583,0.30939736583,0.0,True,1,2.59999990463,0.841
3cch SO4 103 E,SO4,SO4,0.445749272119,0.445749272119,0.0,True,1,2.59999990463,0.931
3cch SO4 103 B,SO4,SO4,0.561664468794,0.561664468794,0.0,True,1,2.59999990463,0.901
3cch SO4 102 K,SO4,SO4,0.296695624155,0.296695624155,0.0,True,1,2.59999990463,0.926
3cch SO4 102 H,GOL,SO4,0.554965348501,0.0340920617109,0.52087328679,False,3,2.59999990463,0.809
3cch SO4 102 E,SO4,SO4,0.464601736079,0.464601736079,0.0,True,1,2.59999990463,0.959
3cch SO4 102 B,SO4,SO4,0.546952169434,0.546952169434,0.0,True,1,2.59999990463,0.928
3cch SO4 101 K,SO4,SO4,0.401298233462,0.401298233462,0.0,True,1,2.59999990463,0.802
3cch SO4 101 H,SO4,SO4,0.28754793879,0.28754793879,0.0,True,1,2.59999990463,0.82
3cch SO4 101 E,SO4,SO4,0.652603065546,0.652603065546,0.0,True,1,2.59999990463,0.906
3cch SO4 101 B,SO4,SO4,0.703813067112,0.703813067112,0.0,True,1,2.59999990463,0.958
3cch SO4 100 K,SO4,SO4,0.711131348732,0.711131348732,0.0,True,1,2.59999990463,0.946
3cch SO4 100 H,SO4,SO4,0.736560121946,0.736560121946,0.0,True,1,2.59999990463,0.947
3cch SO4 100 E,GOL,SO4,0.319120980923,0.259730094672,0.0593908862517,False,2,2.59999990463,0.813
3cch SO4 100 B,GOL,SO4,0.185816180341,0.141895794642,0.0439203856987,False,2,2.59999990463,0.832
3cc5 SO4 278 A,PO4,SO4,0.192047319771,0.186884260499,0.00516305927278,False,2,1.89999997616,0.905
3cc5 SO4 277 A,SO4,SO4,0.300595981783,0.300595981783,0.0,True,1,1.89999997616,0.848
3cc1 SO4 436 A,SO4,SO4,0.483995040911,0.483995040911,0.0,True,1,2.0,0.939
3cc1 SO4 435 A,SO4,SO4,0.82098410855,0.82098410855,0.0,True,1,2.0,0.997
3cc1 SO4 434 B,SO4,SO4,0.90801021227,0.90801021227,0.0,True,1,2.0,0.97
3cc1 SO4 434 A,SO4,SO4,0.745958449216,0.745958449216,0.0,True,1,2.0,0.986
3cc1 SO4 433 A,SO4,SO4,0.804643766197,0.804643766197,0.0,True,1,2.0,0.981
3cbz PO4 2001 A,PO4,PO4,0.494573806071,0.494573806071,0.0,True,1,1.39999997616,0.975
3cbx MPD 2002 A,GOL,MPD,0.575441251089,0.134396585148,0.441044665941,False,2,1.70000004768,0.918
3cbx MPD 2001 A,SO4,MPD,0.319659462569,0.218116186109,0.10154327646,False,2,1.70000004768,0.925
3cbw CIT 3 B,EDO,CIT,0.647078534889,0.000371601748529,0.646706933141,False,168,1.29999995232,0.731
3cbw CIT 1 B,CIT,CIT,0.914153166298,0.914153166298,0.0,True,1,1.29999995232,0.855
3cbu PO4 214 A,SO4,PO4,0.438261493061,0.347853529797,0.0904079632634,False,2,2.0,0.951
3cbo SAH 1 A,SAH,SAH,0.824876873304,0.824876873304,0.0,True,1,1.70000004768,0.921
3cbm SAH 1 A,SAH,SAH,0.907819939847,0.907819939847,0.0,True,1,1.70000004768,0.935
3cbj PO4 263 A,GOL,PO4,0.58365924594,0.0092980726084,0.574361173332,False,7,1.79999995232,0.695
3cbj PO4 262 A,GOL,PO4,0.389275798408,0.0929928285048,0.296282969903,False,3,1.79999995232,0.896
3cbj PO4 261 A,GOL,PO4,0.426911434041,0.0519262450561,0.374985188984,False,4,1.79999995232,0.862
3cbj PO4 111 B,SO4,PO4,0.678146400795,0.131637549149,0.546508851645,False,2,1.79999995232,0.888
3cbg SAH 301 A,SAH,SAH,0.937681388231,0.937681388231,0.0,True,1,2.0,0.97
3cbc SO4 181 C,SO4,SO4,0.663625908906,0.663625908906,0.0,True,1,2.20000004768,0.89
3cbc SO4 180 C,SO4,SO4,0.868536798031,0.868536798031,0.0,True,1,2.20000004768,0.89
3cbc SO4 179 C,SO4,SO4,0.383415147673,0.383415147673,0.0,True,1,2.20000004768,0.802
3cbc SO4 179 A,SO4,SO4,0.252267750629,0.252267750629,0.0,True,1,2.20000004768,0.816
3cb7 IPA 127 A,EDO,IPA,0.257843797487,0.00212887657978,0.255714920908,False,18,1.89999997616,0.737
3cb3 LGT 601 C,MG,MG,0.473096793631,0.473096793631,0.0,True,1,2.0,0.723
3cb2 GDP 501 B,ADP,GDP,0.695712111943,0.0579437143862,0.637768397556,False,3,2.29999995232,0.96
3cb2 GDP 500 A,GDP,GDP,0.594518957731,0.594518957731,0.0,True,1,2.29999995232,0.985
3cav NAP 327 B,NAP,NAP,0.918765708714,0.918765708714,0.0,True,1,1.89999997616,0.966
3cav NAP 327 A,NAP,NAP,0.98050987971,0.98050987971,0.0,True,1,1.89999997616,0.97
3cas NAP 327 B,NAP,NAP,0.945873705707,0.945873705707,0.0,True,1,2.0,0.957
3cas NAP 327 A,NAP,NAP,0.98143791294,0.98143791294,0.0,True,1,2.0,0.958
3caq NDP 327 B,NAP,NDP,0.852752117328,0.0157611213006,0.836990996028,False,3,2.20000004768,0.943
3caq NDP 327 A,NAP,NDP,0.988275342513,0.00331201561173,0.984963326901,False,2,2.20000004768,0.953
3caq MPD 331 A,SO4,MPD,0.194513540651,0.0315464511906,0.16296708946,False,7,2.20000004768,0.798
3cap PLM 902 B,LDA,PLM,0.167021761852,0.0828178035224,0.0842039583295,False,3,2.90000009537,0.765
3cap PLM 901 A,SO4,PLM,0.124845942052,0.0023219342459,0.122524007806,False,56,2.90000009537,0.827
3cak BTB 906 A,BTB,BTB,0.979852868154,0.979852868154,0.0,True,1,1.79999995232,0.936
3cak BTB 905 B,MAN,BTB,0.610040255147,0.120746979348,0.489293275799,False,2,1.79999995232,0.911
3cah SO4 906 A,SO4,SO4,0.705158706312,0.705158706312,0.0,True,1,1.60000002384,0.882
3cah SO4 905 A,SO4,SO4,0.816577809102,0.816577809102,0.0,True,1,1.60000002384,0.903
3cah SO4 904 A,PO4,SO4,0.359709786949,0.0123046945824,0.347405092367,False,10,1.60000002384,0.924
3cah SO4 902 A,SO4,SO4,0.442897865352,0.442897865352,0.0,True,1,1.60000002384,0.956
3ca8 SO4 807 A,SO4,SO4,0.772951874928,0.772951874928,0.0,True,1,1.79999995232,0.919
3ca8 SO4 804 B,SO4,SO4,0.878582516773,0.878582516773,0.0,True,1,1.79999995232,0.977
3ca8 SO4 803 B,DMS,SO4,0.542804877807,0.271408290883,0.271396586924,False,2,1.79999995232,0.926
3ca8 SO4 802 A,SO4,SO4,0.849764307071,0.849764307071,0.0,True,1,1.79999995232,0.977
3ca8 SO4 801 A,SO4,SO4,0.26555342139,0.26555342139,0.0,True,1,1.79999995232,0.922
3ca8 MPD 904 B,MPD,MPD,0.45578928195,0.45578928195,0.0,True,1,1.79999995232,0.948
3ca8 MPD 903 A,EDO,MPD,0.526182009069,0.00139727595214,0.524784733117,False,20,1.79999995232,0.823
3ca8 MPD 902 A,MRD,MPD,0.265553284257,0.0702538095701,0.195299474687,False,5,1.79999995232,0.903
3ca8 MPD 901 A,PCA,MPD,0.712522905705,0.012075499361,0.700447406344,False,5,1.79999995232,0.946
3ca6 SO4 903 A,SO4,SO4,0.119995519489,0.119995519489,0.0,True,1,1.39999997616,0.922
3ca5 SO4 905 A,SO4,SO4,0.954374853292,0.954374853292,0.0,True,1,1.60000002384,0.989
3ca5 SO4 901 A,SO4,SO4,0.817346389953,0.817346389953,0.0,True,1,1.60000002384,0.895
3ca4 SO4 906 A,SO4,SO4,0.700126163929,0.700126163929,0.0,True,1,1.60000002384,0.903
3ca4 SO4 903 A,PO4,SO4,0.850846930833,0.0101248296155,0.840722101218,False,3,1.60000002384,0.945
3ca4 SO4 902 A,SO4,SO4,0.906028632568,0.906028632568,0.0,True,1,1.60000002384,0.988
3ca4 SO4 901 A,SO4,SO4,0.706981721601,0.706981721601,0.0,True,1,1.60000002384,0.939
3ca3 SO4 905 A,SO4,SO4,0.959993396121,0.959993396121,0.0,True,1,1.60000002384,0.914
3ca3 SO4 903 A,PO4,SO4,0.586722474529,0.0277716822169,0.558950792312,False,3,1.60000002384,0.918
3ca3 SO4 901 A,DMS,SO4,0.526173336167,0.332820854736,0.193352481431,False,2,1.60000002384,0.964
3ca1 SO4 907 A,SO4,SO4,0.86268427591,0.86268427591,0.0,True,1,1.60000002384,0.942
3ca1 SO4 904 A,SO4,SO4,0.962268577107,0.962268577107,0.0,True,1,1.60000002384,0.989
3ca1 SO4 902 A,SO4,SO4,0.789516442084,0.789516442084,0.0,True,1,1.60000002384,0.989
3ca1 SO4 901 A,SO4,SO4,0.769922471504,0.769922471504,0.0,True,1,1.60000002384,0.966
3ca0 SO4 907 A,GOL,SO4,0.605366332206,0.207887943248,0.397478388958,False,2,2.0,0.9
3ca0 SO4 906 A,SO4,SO4,0.680388861655,0.680388861655,0.0,True,1,2.0,0.957
3ca0 SO4 905 A,EDO,SO4,0.4201713008,0.131803744526,0.288367556274,False,3,2.0,0.725
3ca0 SO4 904 A,EDO,SO4,0.527853583384,0.13731144895,0.390542134434,False,2,2.0,0.878
3ca0 SO4 903 A,GOL,SO4,0.679920722726,0.10511409194,0.574806630786,False,2,2.0,0.856
3ca0 SO4 902 A,SO4,SO4,0.847480726927,0.847480726927,0.0,True,1,2.0,0.948
3ca0 SO4 901 A,SO4,SO4,0.959684743194,0.959684743194,0.0,True,1,2.0,0.987
3c9z SO4 901 A,SO4,SO4,0.667934098742,0.667934098742,0.0,True,1,1.39999997616,0.941
3c9r ATP 307 B,GTP_MG,ATP,0.0888482751509,0.0722990299306,0.0165492452203,False,4,2.29999995232,0.968
3c9r ATP 307 A,ATP_MG,ATP,0.271763642273,0.0497050746778,0.222058567595,False,5,2.29999995232,0.975
3c9q SO4 210 A,SO4,SO4,0.690299321375,0.690299321375,0.0,True,1,1.5,0.961
3c9q SO4 209 A,SO4,SO4,0.596373606329,0.596373606329,0.0,True,1,1.5,0.957
3c9q SO4 208 A,SO4,SO4,0.837812863256,0.837812863256,0.0,True,1,1.5,0.967
3c9q SO4 207 A,SO4,SO4,0.744205805711,0.744205805711,0.0,True,1,1.5,0.93
3c9q SO4 206 A,SO4,SO4,0.835893757865,0.835893757865,0.0,True,1,1.5,0.993
3c9n EPE 100 B,EPE,EPE,0.194362220559,0.194362220559,0.0,True,1,1.89999997616,0.853
3c9l PLM 1334 A,ACE,PLM,0.448140645146,0.00129725948617,0.44684338566,False,19,2.59999990463,0.859
3c9l LDA 1342 A,LDA,LDA,0.185302832124,0.185302832124,0.0,True,1,2.59999990463,0.875
3c9l C8E 1344 A,C8E,C8E,0.119545002834,0.119545002834,0.0,True,1,2.59999990463,0.919
3c9l C8E 1343 A,EDO,C8E,0.305938882859,0.0038211069687,0.30211777589,False,16,2.59999990463,0.861
3c8z SO4 417 A,SO4,SO4,0.866306904659,0.866306904659,0.0,True,1,1.60000002384,0.926
3c8z SO4 416 A,SO4,SO4,0.79991636553,0.79991636553,0.0,True,1,1.60000002384,0.907
3c8z SO4 415 B,SO4,SO4,0.75916511081,0.75916511081,0.0,True,1,1.60000002384,0.947
3c8z SO4 415 A,SO4,SO4,0.898205916232,0.898205916232,0.0,True,1,1.60000002384,0.972
3c8z SO4 414 B,SO4,SO4,0.979196490478,0.979196490478,0.0,True,1,1.60000002384,0.97
3c8z SO4 414 A,SO4,SO4,0.409124802136,0.409124802136,0.0,True,1,1.60000002384,0.902
3c8z EPE 417 B,MPO,EPE,0.14574524418,0.0842331902779,0.0615120539018,False,2,1.60000002384,0.835
3c8w CIT 255 D,FLC,CIT,0.863019332406,0.0911018582539,0.771917474153,False,2,1.60000002384,0.887
3c8w CIT 255 A,GOL,CIT,0.17627921118,0.0778392361665,0.0984399750139,False,3,1.60000002384,0.925
3c8m SO4 404 A,SO4,SO4,0.769890467843,0.769890467843,0.0,True,1,1.89999997616,0.931
3c8m SO4 403 A,SO4,SO4,0.224353189082,0.224353189082,0.0,True,1,1.89999997616,0.963
3c8m SO4 402 A,SO4,SO4,0.856139649514,0.856139649514,0.0,True,1,1.89999997616,0.96
3c8m SO4 401 A,SO4,SO4,0.670137879226,0.670137879226,0.0,True,1,1.89999997616,0.945
3c8l SO4 122 A,SO4,SO4,0.959953493754,0.959953493754,0.0,True,1,1.20000004768,0.994
3c8e GSH 290 A,GSH,GSH,0.838095897725,0.838095897725,0.0,True,1,1.5,0.956
3c8e GSH 289 A,GSH,GSH,0.748689783107,0.748689783107,0.0,True,1,1.5,0.973
3c8d CIT 501 C,TRS,CIT,0.258363532007,0.255638885912,0.00272464609496,False,2,1.79999995232,0.703
3c8d CIT 501 B,GOL,CIT,0.363656301155,0.00354801234723,0.360108288808,False,24,1.79999995232,0.684
3c8d CIT 501 A,GOL,CIT,0.181951537751,0.121987162111,0.0599643756406,False,3,1.79999995232,0.836
3c8b SO4 453 A,SO4,SO4,0.901475992034,0.901475992034,0.0,True,1,1.5,0.92
3c8b SO4 451 A,SO4,SO4,0.914254577677,0.914254577677,0.0,True,1,1.5,0.873
3c8a SO4 453 A,SO4,SO4,0.650404333342,0.650404333342,0.0,True,1,1.5,0.924
3c8a SO4 452 A,PO4,SO4,0.511095247494,0.293086912262,0.218008335232,False,2,1.5,0.901
3c8a SO4 451 A,SO4,SO4,0.985215568286,0.985215568286,0.0,True,1,1.5,0.928
3c89 SO4 453 A,SO4,SO4,0.89963426201,0.89963426201,0.0,True,1,1.60000002384,0.914
3c89 SO4 452 A,SO4,SO4,0.668330215584,0.668330215584,0.0,True,1,1.60000002384,0.933
3c89 SO4 451 A,SO4,SO4,0.950139387512,0.950139387512,0.0,True,1,1.60000002384,0.917
3c88 SO4 452 A,SO4,SO4,0.895253340755,0.895253340755,0.0,True,1,1.60000002384,0.955
3c88 SO4 451 A,SO4,SO4,0.91225235732,0.91225235732,0.0,True,1,1.60000002384,0.908
3c87 PO4 502 B,SO4,PO4,0.666025738659,0.210656184084,0.455369554575,False,2,2.20000004768,0.941
3c85 SO4 201 B,SO4,SO4,0.563276651293,0.563276651293,0.0,True,1,1.89999997616,0.977
3c85 SO4 201 A,EDO,SO4,0.342105148202,0.256417742174,0.0856874060285,False,2,1.89999997616,0.896
3c84 IPA 407 B,EDO,IPA,0.382299069777,0.00396774343267,0.378331326345,False,17,1.89999997616,0.854
3c84 IPA 406 C,EDO,IPA,0.406417044831,0.0101645463409,0.39625249849,False,7,1.89999997616,0.834
3c84 IPA 405 D,MES,IPA,0.215792610977,0.005695617568,0.210096993409,False,19,1.89999997616,0.919
3c84 IPA 404 A,ACT,IPA,0.261832374318,0.112116592102,0.149715782216,False,3,1.89999997616,0.822
3c84 IPA 402 C,ACT,IPA,0.593088825979,0.00166622965355,0.591422596325,False,16,1.89999997616,0.953
3c84 IPA 401 D,EDO,IPA,0.27361847511,0.00332909071571,0.270289384394,False,12,1.89999997616,0.94
3c7q SO4 6 A,SO4,SO4,0.67801578582,0.67801578582,0.0,True,1,2.09999990463,0.939
3c7q SO4 4 A,SO4,SO4,0.503547955669,0.503547955669,0.0,True,1,2.09999990463,0.963
3c7q SO4 1 A,GOL,SO4,0.412648120272,0.00789241802036,0.404755702252,False,7,2.09999990463,0.863
3c7q CME 862 A,NAG,CME,0.365954297133,0.106731958308,0.259222338825,False,3,2.09999990463,0.845
3c7q CME 1024 A,CSO,CME,0.482951557104,0.119549947681,0.363401609422,False,2,2.09999990463,0.936
3c7q CME 1007 A,CME,CME,0.353157660063,0.353157660063,0.0,True,1,2.09999990463,0.947
3c7n SO4 670 A,NAG,SO4,0.466799434345,0.0526078715076,0.414191562837,False,4,3.09999990463,0.867
3c7n SO4 669 A,SO4,SO4,0.186992229931,0.186992229931,0.0,True,1,3.09999990463,0.913
3c7n SO4 668 A,SO4,SO4,0.85051010889,0.85051010889,0.0,True,1,3.09999990463,0.967
3c7n SO4 559 B,SO4,SO4,0.902179403921,0.902179403921,0.0,True,1,3.09999990463,0.962
3c7n ADP 560 B,ADP,ADP,0.577405814383,0.577405814383,0.0,True,1,3.09999990463,0.928
3c7d NAD 405 B,NAP,NAD,0.812200029307,0.123543371092,0.688656658215,False,2,2.5,0.935
3c7c NAD 405 B,NAD,NAD,0.24216436103,0.24216436103,0.0,True,1,3.09999990463,0.962
3c7a NAD 405 A,NDP,NAD,0.585294435668,0.0182667452684,0.5670276904,False,5,2.09999990463,0.921
3c79 IPA 404 A,EDO,IPA,0.395990361238,0.0021585855455,0.393831775692,False,20,2.5,0.94
3c79 IPA 402 D,SO4,IPA,0.656521565827,0.00217751943882,0.654344046388,False,8,2.5,0.927
3c79 IPA 401 C,SO4,IPA,0.725744154771,0.00853146639871,0.717212688373,False,7,2.5,0.974
3c73 SO4 1 A,GOL,SO4,0.328885162246,0.0840459956648,0.244839166582,False,3,2.5,0.872
3c70 SO4 2003 A,SO4,SO4,0.853945041182,0.853945041182,0.0,True,1,1.0,0.977
3c6z IPA 1001 A,ACT,IPA,0.392795020104,0.166768699452,0.226026320651,False,2,1.10000002384,0.979
3c6v SO4 142 B,SO4,SO4,0.506159374145,0.506159374145,0.0,True,1,1.89999997616,0.937
3c6q XYP 501 D,GLA,XYP,0.355825443508,0.105683640374,0.250141803134,False,3,2.29999995232,0.957
3c6q XYP 500 C,XYP,XYP,0.157361589979,0.157361589979,0.0,True,1,2.29999995232,0.972
3c5y NO3 215 F,NO3,NO3,0.288223001597,0.288223001597,0.0,True,1,1.79999995232,0.956
3c5y NO3 214 G,NO3,NO3,0.409755778952,0.409755778952,0.0,True,1,1.79999995232,0.979
3c5y NO3 214 F,GOL,NO3,0.668780927611,0.000609231018419,0.668171696592,False,36,1.79999995232,0.797
3c5y NO3 213 G,EDO,NO3,0.234152403992,0.00677846689389,0.227373937098,False,13,1.79999995232,0.895
3c5y NO3 213 F,EDO,NO3,0.373403346241,0.00242483414188,0.370978512099,False,20,1.79999995232,0.929
3c5j SO4 192 B,SO4,SO4,0.798966950044,0.798966950044,0.0,True,1,1.79999995232,0.877
3c5h GNP 301 A,GTP_MG,GNP_MG,0.497483737832,0.40372013952,0.0937635983124,False,2,1.79999995232,0.983
3c5e ATP 801 A,GTP_MG,ATP_MG,0.491899927902,0.0315071064324,0.46039282147,False,6,1.60000002384,0.955
3c51 ADP 562 B,ADP,ADP,0.34453592095,0.34453592095,0.0,True,1,3.59999990463,0.929
3c51 ADP 562 A,ADP,ADP,0.483855739513,0.483855739513,0.0,True,1,3.59999990463,0.952
3c4x ATP 562 B,ANP_MG,ATP,0.249246998271,0.0141447375572,0.235102260714,False,6,2.90000009537,0.942
3c4x ATP 562 A,ANP_MG,ATP_MG,0.369251947051,0.244352394374,0.124899552677,False,2,2.90000009537,0.977
3c4w ATP 562 B,ANP_MG,ATP_MG,0.951704323413,0.0138667172616,0.937837606151,False,2,2.70000004768,0.972
3c4w ATP 562 A,ANP_MG,ATP_MG,0.365943200185,0.240199541781,0.125743658403,False,2,2.70000004768,0.985
3c4t OCS 1684 A,SEP,OCS,0.262366594635,0.000939519936979,0.261427074698,False,160,2.5,0.943
3c4q SO4 603 B,SO4,SO4,0.82992551764,0.82992551764,0.0,True,1,2.79999995232,0.913
3c4q SO4 603 A,SO4,SO4,0.561997511147,0.561997511147,0.0,True,1,2.79999995232,0.952
3c4p SO4 496 A,SO4,SO4,0.475868748321,0.475868748321,0.0,True,1,1.70000004768,0.904
3c4p SO4 491 A,SO4,SO4,0.858620709707,0.858620709707,0.0,True,1,1.70000004768,0.993
3c4o SO4 508 A,SO4,SO4,0.775842124635,0.775842124635,0.0,True,1,1.70000004768,0.922
3c4o SO4 507 A,SO4,SO4,0.922683226687,0.922683226687,0.0,True,1,1.70000004768,0.989
3c4n ADP 411 B,ADP_MG,ADP,0.50316683355,0.00342616236332,0.499740671187,False,13,2.40000009537,0.947
3c4n ADP 411 A,GNP_MG,ADP,0.450579558033,0.00584891757057,0.444730640462,False,12,2.40000009537,0.955
3c4b OCS 1684 A,OCS,OCS,0.465856791667,0.465856791667,0.0,True,1,1.70000004768,0.992
3c48 SO4 423 B,SO4,SO4,0.574999106401,0.574999106401,0.0,True,1,2.09999990463,0.917
3c48 SO4 422 B,SO4,SO4,0.303596971353,0.303596971353,0.0,True,1,2.09999990463,0.951
3c48 SO4 421 B,SO4,SO4,0.95023675221,0.95023675221,0.0,True,1,2.09999990463,0.956
3c48 SO4 421 A,SO4,SO4,0.873585157746,0.873585157746,0.0,True,1,2.09999990463,0.975
3c48 SO4 420 B,SO4,SO4,0.970192060182,0.970192060182,0.0,True,1,2.09999990463,0.997
3c48 SO4 420 A,SO4,SO4,0.77067618157,0.77067618157,0.0,True,1,2.09999990463,0.971
3c48 SO4 419 B,SO4,SO4,0.845376082552,0.845376082552,0.0,True,1,2.09999990463,0.967
3c41 ANP 602 K,ATP_MG,ANP_MG,0.219678613365,0.0775381991587,0.142140414206,False,3,2.29999995232,0.936
3c41 ANP 601 J,ATP_MG,ANP_MG,0.435989560336,0.307640325725,0.128349234612,False,2,2.29999995232,0.957
3c3y SAH 465 B,SAH,SAH,0.586207968823,0.586207968823,0.0,True,1,1.39999997616,0.973
3c3y SAH 464 A,SAH,SAH,0.625936417699,0.625936417699,0.0,True,1,1.39999997616,0.98
3c3x NAP 401 B,NDP,NAP,0.507757487778,0.333542779881,0.174214707897,False,2,2.0,0.932
3c3x NAP 401 A,NAP,NAP,0.575329347267,0.575329347267,0.0,True,1,2.0,0.942
3c3w SO4 226 A,SO4,SO4,0.837939839803,0.837939839803,0.0,True,1,2.20000004768,0.992
3c3u NAP 350 A,NAP,NAP,0.9490316914,0.9490316914,0.0,True,1,1.79999995232,0.966
3c3t SO4 502 B,GOL,SO4,0.747540777889,0.0428042055731,0.704736572316,False,3,2.20000004768,0.762
3c3t SO4 501 A,DMS,SO4,0.39802946372,0.240177979604,0.157851484115,False,2,2.20000004768,0.892
3c3s SO4 402 A,SO4,SO4,0.23206821563,0.23206821563,0.0,True,1,2.5,0.744
3c3s SO4 401 B,SO4,SO4,0.732572786207,0.732572786207,0.0,True,1,2.5,0.908
3c3n SO4 600 D,PO4,SO4,0.554287963814,0.0670542508851,0.487233712929,False,2,2.20000004768,0.988
3c3n SO4 600 C,SO4,SO4,0.727347384353,0.727347384353,0.0,True,1,2.20000004768,0.967
3c3n SO4 600 B,PO4,SO4,0.199004458873,0.14005970701,0.0589447518628,False,2,2.20000004768,0.984
3c3n SO4 600 A,SO4,SO4,0.422292012831,0.422292012831,0.0,True,1,2.20000004768,0.964
3c3e GDP 402 D,LLP,GDP,0.386208528517,0.00983654040636,0.376371988111,False,14,3.0,0.938
3c3e GDP 402 C,LLP,GDP,0.476608119626,0.0129082868346,0.463699832792,False,7,3.0,0.898
3c3e GDP 402 B,FMN,GDP,0.211877765943,0.0284340511939,0.18344371475,False,5,3.0,0.924
3c3e GDP 402 A,LLP,GDP,0.456243136443,0.00498679432173,0.451256342121,False,27,3.0,0.938
3c3d PO4 402 D,SO4,PO4,0.815316435637,0.143042039643,0.672274395994,False,2,2.5,0.983
3c3d PO4 402 C,SO4,PO4,0.762779733364,0.113929195499,0.648850537865,False,2,2.5,0.956
3c3d PO4 402 B,SO4,PO4,0.531222991061,0.321937884198,0.209285106864,False,2,2.5,0.962
3c3d PO4 402 A,SO4,PO4,0.640688602473,0.253267955678,0.387420646795,False,2,2.5,0.981
3c3b PO4 417 B,SO4,PO4,0.919265312926,0.0524994651561,0.86676584777,False,2,1.79999995232,0.98
3c3b PO4 417 A,SO4,PO4,0.938560057935,0.0442062158218,0.894353842113,False,2,1.79999995232,0.986
3c31 SO4 307 B,SO4,SO4,0.497176499151,0.497176499151,0.0,True,1,1.5,0.943
3c2x SO4 502 D,SO4,SO4,0.568404357202,0.568404357202,0.0,True,1,1.79999995232,0.897
3c26 NO3 268 A,EDO,NO3,0.537367972924,0.00237114781672,0.534996825107,False,14,2.0,0.931
3c26 NO3 267 A,EDO,NO3,0.375997317515,0.0576170131957,0.318380304319,False,6,2.0,0.939
3c26 NO3 266 A,ACT,NO3,0.886459137611,0.0114879029129,0.874971234698,False,3,2.0,0.965
3c24 SO4 287 B,SO4,SO4,0.660237907936,0.660237907936,0.0,True,1,1.60000002384,0.872
3c24 SO4 287 A,SO4,SO4,0.870998529261,0.870998529261,0.0,True,1,1.60000002384,0.932
3c24 SO4 286 B,SO4,SO4,0.967829108061,0.967829108061,0.0,True,1,1.60000002384,0.982
3c24 SO4 286 A,SO4,SO4,0.877334271663,0.877334271663,0.0,True,1,1.60000002384,0.971
3c1t NAP 340 D,NAP,NAP,0.935639224781,0.935639224781,0.0,True,1,2.29999995232,0.984
3c1t NAP 340 C,NAP,NAP,0.898165597687,0.898165597687,0.0,True,1,2.29999995232,0.981
3c1t NAP 340 B,NAD,NAP,0.607833472266,0.054435163482,0.553398308784,False,4,2.29999995232,0.978
3c1t NAP 340 A,NAP,NAP,0.71894227172,0.71894227172,0.0,True,1,2.29999995232,0.981
3c1s GSH 2001 A,GSH,GSH,0.65158713445,0.65158713445,0.0,True,1,2.5,0.966
3c1o NAP 401 A,NDP,NAP,0.402128002149,0.130724570469,0.271403431679,False,3,1.79999995232,0.957
3c1m ANP 473 D,ATP_MG,ANP_MG,0.405598624058,0.0709903478679,0.33460827619,False,4,2.29999995232,0.987
3c1m ANP 473 C,NAD,ANP_MG,0.618416662972,0.0107437776384,0.607672885334,False,7,2.29999995232,0.972
3c1m ANP 473 B,NAD,ANP_MG,0.217450454437,0.165357708912,0.0520927455247,False,2,2.29999995232,0.974
3c1m ANP 472 A,NAD,ANP_MG,0.229178289374,0.100707261133,0.128471028241,False,3,2.29999995232,0.988
3c1i LDA 426 A,NAD,LDA,0.130499798889,0.0210118639387,0.109487934951,False,14,2.29999995232,0.906
3c1h LDA 426 A,PLM,LDA,0.350941291378,0.0166454796496,0.334295811728,False,9,2.20000004768,0.919
3c1g SO4 426 A,SO4,SO4,0.559865476377,0.559865476377,0.0,True,1,2.29999995232,0.679
3c1g SO4 425 A,SO4,SO4,0.388752969146,0.388752969146,0.0,True,1,2.29999995232,0.919
3c0u SO4 202 B,SO4,SO4,0.89281811808,0.89281811808,0.0,True,1,2.70000004768,0.95
3c0u SO4 201 A,SO4,SO4,0.817130189391,0.817130189391,0.0,True,1,2.70000004768,0.968
3c0q SO4 282 A,SO4,SO4,0.926487481909,0.926487481909,0.0,True,1,2.70000004768,0.965
3c0j PO4 302 B,SO4,PO4,0.69996094931,0.160257443991,0.539703505319,False,2,2.40000009537,0.927
3c0a UMP 317 A,SO4,UMP,0.809342329801,0.00057347851009,0.808768851291,False,7,2.40000009537,0.9
3c08 SO4 225 H,SO4,SO4,0.876934246013,0.876934246013,0.0,True,1,2.09999990463,0.953
3c08 SO4 214 L,SO4,SO4,0.745194511489,0.745194511489,0.0,True,1,2.09999990463,0.971
3c07 SO4 253 A,SO4,SO4,0.389519515122,0.389519515122,0.0,True,1,2.70000004768,0.788
3c07 SO4 252 B,SO4,SO4,0.786550851686,0.786550851686,0.0,True,1,2.70000004768,0.904
3c07 SO4 252 A,SO4,SO4,0.586328257278,0.586328257278,0.0,True,1,2.70000004768,0.931
3c06 UMP 317 A,UMP,UMP,0.757040814077,0.757040814077,0.0,True,1,2.59999990463,0.962
3c05 SO4 66 A,EDO,SO4,0.361063335336,0.180215698754,0.180847636582,False,2,1.70000004768,0.912
3c05 SO4 65 A,SO4,SO4,0.927791940687,0.927791940687,0.0,True,1,1.70000004768,0.987
3c05 SO4 64 A,SO4,SO4,0.974922084668,0.974922084668,0.0,True,1,1.70000004768,0.994
3bzy SO4 1 B,SO4,SO4,0.851124002324,0.851124002324,0.0,True,1,1.20000004768,0.978
3bzx SO4 1 B,SO4,SO4,0.842403564773,0.842403564773,0.0,True,1,1.60000002384,0.945
3bzw SO4 303 D,SO4,SO4,0.745384868162,0.745384868162,0.0,True,1,1.89999997616,0.732
3bzw SO4 302 B,SO4,SO4,0.597664636948,0.597664636948,0.0,True,1,1.89999997616,0.894
3bzu NAP 4 D,NAP,NAP,0.679506426887,0.679506426887,0.0,True,1,2.29999995232,0.965
3bzu NAP 3 C,NAP,NAP,0.691806646961,0.691806646961,0.0,True,1,2.29999995232,0.967
3bzu NAP 2 B,NAP,NAP,0.702231448442,0.702231448442,0.0,True,1,2.29999995232,0.956
3bzu NAP 1 A,NDP,NAP,0.494264388972,0.456413885499,0.0378505034729,False,2,2.29999995232,0.967
3bzo SO4 1 B,SO4,SO4,0.928059612755,0.928059612755,0.0,True,1,1.5,0.979
3bzn SO4 504 A,GOL,SO4,0.344326739542,0.103269985975,0.241056753567,False,3,2.0,0.965
3bzn SO4 503 A,SO4,SO4,0.603188070838,0.603188070838,0.0,True,1,2.0,0.975
3bzm CIT 432 A,CIT,CIT,0.623572841125,0.623572841125,0.0,True,1,1.89999997616,0.776
3bzj SO4 285 A,SO4,SO4,0.901729428968,0.901729428968,0.0,True,1,2.29999995232,0.946
3bzj SO4 284 A,GOL,SO4,0.306445264763,0.0924891218675,0.213956142895,False,3,2.29999995232,0.856
3bzj SO4 282 A,SO4,SO4,0.828006734487,0.828006734487,0.0,True,1,2.29999995232,0.941
3bzd SO4 501 B,SO4,SO4,0.933790451858,0.933790451858,0.0,True,1,2.29999995232,0.97
3bzd SO4 500 B,SO4,SO4,0.653321550403,0.653321550403,0.0,True,1,2.29999995232,0.817
3bz5 SO4 1 A,SO4,SO4,0.70004538279,0.70004538279,0.0,True,1,2.70000004768,0.926
3bz0 UMP 317 A,SO4,UMP,0.696580095804,0.0036326681074,0.692947427696,False,3,2.70000004768,0.929
3byz NDP 504 D,NAP,NDP,0.659092214045,0.278160458716,0.38093175533,False,2,2.70000004768,0.978
3byz NDP 503 C,NAP,NDP,0.911672025113,0.0551002916818,0.856571733431,False,2,2.70000004768,0.985
3byz NDP 502 B,NAP,NDP,0.899501282053,0.087456646879,0.812044635174,False,2,2.70000004768,0.982
3byz NDP 501 A,NAP,NDP,0.625768818068,0.345228713378,0.28054010469,False,2,2.70000004768,0.977
3byy SO4 501 B,SO4,SO4,0.932046063348,0.932046063348,0.0,True,1,2.0,0.992
3byy SO4 500 B,SO4,SO4,0.80427839694,0.80427839694,0.0,True,1,2.0,0.955
3byx UMP 317 A,UMP,UMP,0.388370332531,0.388370332531,0.0,True,1,2.40000009537,0.982
3byp SO4 96 B,SO4,SO4,0.808234385158,0.808234385158,0.0,True,1,1.70000004768,0.926
3byp SO4 95 A,SO4,SO4,0.970302964879,0.970302964879,0.0,True,1,1.70000004768,0.98
3byo SO4 2 A,SO4,SO4,0.824553995917,0.824553995917,0.0,True,1,2.0,0.984
3byd SO4 304 A,SO4,SO4,0.83173569454,0.83173569454,0.0,True,1,1.89999997616,0.932
3byd SO4 303 A,SO4,SO4,0.717393237106,0.717393237106,0.0,True,1,1.89999997616,0.942
3byd SO4 302 A,SO4,SO4,0.681120903894,0.681120903894,0.0,True,1,1.89999997616,0.987
3byd SO4 301 A,PO4,SO4,0.413431908059,0.403414022455,0.0100178856044,False,2,1.89999997616,0.952
3byb SO4 60 A,SO4,SO4,0.917214330927,0.917214330927,0.0,True,1,1.60000002384,0.982
3by5 SO4 201 A,SO4,SO4,0.820213222124,0.820213222124,0.0,True,1,2.5,0.964
3by0 SO4 532 C,SO4,SO4,0.451994244553,0.451994244553,0.0,True,1,2.59999990463,0.875
3by0 SO4 531 A,GOL,SO4,0.254315786569,0.222043651956,0.0322721346124,False,2,2.59999990463,0.898
3bxx NAP 338 F,FMN,NAP,0.297295728502,0.0415492571941,0.255746471308,False,6,2.90000009537,0.927
3bxx NAP 338 E,GDP,NAP,0.15214917137,0.0669230535747,0.0852261177951,False,4,2.90000009537,0.928
3bxx NAP 338 D,NAP,NAP,0.302383841273,0.302383841273,0.0,True,1,2.90000009537,0.937
3bxx NAP 338 C,NDP,NAP,0.496934646792,0.010578109687,0.486356537105,False,8,2.90000009537,0.966
3bxx NAP 338 B,NAP,NAP,0.642465456661,0.642465456661,0.0,True,1,2.90000009537,0.959
3bxx NAP 338 A,NAD,NAP,0.380651845702,0.0116377875807,0.369014058122,False,9,2.90000009537,0.915
3bxs SO4 603 A,SO4,SO4,0.762694090465,0.762694090465,0.0,True,1,1.60000002384,0.904
3bxs SO4 602 A,SO4,SO4,0.885616678254,0.885616678254,0.0,True,1,1.60000002384,0.962
3bxs SO4 601 B,SO4,SO4,0.827046957351,0.827046957351,0.0,True,1,1.60000002384,0.923
3bxr SO4 604 A,SO4,SO4,0.873406350533,0.873406350533,0.0,True,1,1.60000002384,0.917
3bxr SO4 603 A,SO4,SO4,0.897037659065,0.897037659065,0.0,True,1,1.60000002384,0.955
3bxr SO4 602 A,SO4,SO4,0.821757145215,0.821757145215,0.0,True,1,1.60000002384,0.954
3bxr SO4 601 B,SO4,SO4,0.939465991954,0.939465991954,0.0,True,1,1.60000002384,0.953
3bxp PGO 281 A,GOL,PGO,0.613537924542,0.00282170869485,0.610716215847,False,12,1.70000004768,0.876
3bxp PGO 280 A,EDO,PGO,0.293803808446,0.000417092265751,0.29338671618,False,191,1.70000004768,0.841
3bxp PGO 279 A,SO4,PGO,0.41028705147,0.00182865519979,0.40845839627,False,15,1.70000004768,0.834
3bxp EPE 278 B,EPE,EPE,0.918365227046,0.918365227046,0.0,True,1,1.70000004768,0.981
3bxp EPE 277 A,DTT,EPE,0.118214988533,0.0139664338001,0.104248554733,False,13,1.70000004768,0.966
3bxl SO4 154 A,SO4,SO4,0.556274803036,0.556274803036,0.0,True,1,2.29999995232,0.911
3bxl SO4 153 A,SO4,SO4,0.320625618157,0.320625618157,0.0,True,1,2.29999995232,0.96
3bxk SO4 153 C,SO4,SO4,0.5891876001,0.5891876001,0.0,True,1,2.59999990463,0.855
3bxk SO4 153 A,SO4,SO4,0.333925284576,0.333925284576,0.0,True,1,2.59999990463,0.906
3bxi NO3 611 A,SO4,NO3,0.37578733913,0.000717464066638,0.375069875063,False,56,2.29999995232,0.893
3bxi NO3 610 A,ACT,NO3,0.22267936053,0.00896250349787,0.213716857032,False,8,2.29999995232,0.872
3bxi NO3 609 A,EDO,NO3,0.477120119728,0.00331175029533,0.473808369432,False,16,2.29999995232,0.95
3bxi NO3 608 A,NO3,NO3,0.58413989829,0.58413989829,0.0,True,1,2.29999995232,0.98
3bxf FBP 401 A,AMP,FBP,0.408892669357,0.00479129306268,0.404101376294,False,11,1.70000004768,0.939
3bx9 CIT 236 B,CIT,CIT,0.651265827889,0.651265827889,0.0,True,1,1.79999995232,0.922
3bx9 CIT 234 B,EDO,CIT,0.778579645792,0.000254320022223,0.77832532577,False,191,1.79999995232,0.796
3bx9 CIT 234 A,CIT,CIT,0.226326528574,0.226326528574,0.0,True,1,1.79999995232,0.923
3bx4 SO4 138 C,SO4,SO4,0.793875178557,0.793875178557,0.0,True,1,1.70000004768,0.961
3bx4 SO4 138 A,SO4,SO4,0.829201659517,0.829201659517,0.0,True,1,1.70000004768,0.877
3bx4 SO4 137 A,GOL,SO4,0.291688786034,0.284424793574,0.00726399246059,False,2,1.70000004768,0.901
3bx4 SO4 126 D,SO4,SO4,0.804983880514,0.804983880514,0.0,True,1,1.70000004768,0.917
3bx4 SO4 125 D,MES,SO4,0.291903281049,0.203295197033,0.0886080840168,False,3,1.70000004768,0.935
3bx4 SO4 125 B,SO4,SO4,0.70508940115,0.70508940115,0.0,True,1,1.70000004768,0.988
3bx4 SO4 124 D,SO4,SO4,0.964711165433,0.964711165433,0.0,True,1,1.70000004768,0.983
3bx4 SO4 124 B,SO4,SO4,0.951791087883,0.951791087883,0.0,True,1,1.70000004768,0.977
3bx3 SO4 909 B,SO4,SO4,0.559315195673,0.559315195673,0.0,True,1,3.0,0.828
3bx3 SO4 908 B,SO4,SO4,0.638347416257,0.638347416257,0.0,True,1,3.0,0.959
3bx3 SO4 907 B,SO4,SO4,0.506886128006,0.506886128006,0.0,True,1,3.0,0.913
3bx3 SO4 906 A,SO4,SO4,0.662321490056,0.662321490056,0.0,True,1,3.0,0.97
3bx3 SO4 905 A,SO4,SO4,0.732052309555,0.732052309555,0.0,True,1,3.0,0.943
3bx3 SO4 904 A,SO4,SO4,0.520720068469,0.520720068469,0.0,True,1,3.0,0.963
3bx3 SO4 903 B,SO4,SO4,0.727461512757,0.727461512757,0.0,True,1,3.0,0.904
3bx3 SO4 902 A,GOL,SO4,0.270687370385,0.21145900815,0.0592283622347,False,2,3.0,0.948
3bx3 SO4 901 A,GOL,SO4,0.33629452196,0.148865193531,0.187429328428,False,2,3.0,0.902
3bx2 SO4 957 A,GOL,SO4,0.285345695282,0.0149896075175,0.270356087764,False,9,2.79999995232,0.766
3bx2 SO4 956 A,SO4,SO4,0.78854992247,0.78854992247,0.0,True,1,2.79999995232,0.948
3bx2 SO4 955 B,SO4,SO4,0.744824547753,0.744824547753,0.0,True,1,2.79999995232,0.891
3bx2 SO4 954 B,GOL,SO4,0.731297462849,0.037630076413,0.693667386436,False,2,2.79999995232,0.808
3bx2 SO4 953 B,SO4,SO4,0.706359492417,0.706359492417,0.0,True,1,2.79999995232,0.885
3bx2 SO4 952 B,SO4,SO4,0.531255479064,0.531255479064,0.0,True,1,2.79999995232,0.766
3bx2 SO4 951 A,SO4,SO4,0.913305124531,0.913305124531,0.0,True,1,2.79999995232,0.934
3bwz NO3 182 A,ACT,NO3,0.453960062804,0.058809867381,0.395150195423,False,2,1.20000004768,0.946
3bwy MPD 304 A,GOL,MPD,0.321843771121,0.0848914563562,0.236952314765,False,3,1.29999995232,0.94
3bwy MPD 303 A,MPD,MPD,0.512676045275,0.512676045275,0.0,True,1,1.29999995232,0.945
3bws SO4 503 B,SO4,SO4,0.795672833563,0.795672833563,0.0,True,1,2.0,0.925
3bws SO4 502 A,SO4,SO4,0.903479227953,0.903479227953,0.0,True,1,2.0,0.941
3bws SO4 501 A,SO4,SO4,0.898324021878,0.898324021878,0.0,True,1,2.0,0.993
3bwn PO4 1001 E,SO4,PO4,0.275803875686,0.139081548572,0.136722327114,False,3,2.29999995232,0.942
3bwk SO4 302 B,SO4,SO4,0.472836665596,0.472836665596,0.0,True,1,2.40000009537,0.881
3bwk SO4 301 D,SO4,SO4,0.945000342172,0.945000342172,0.0,True,1,2.40000009537,0.957
3bwk SO4 301 C,SO4,SO4,0.567723218956,0.567723218956,0.0,True,1,2.40000009537,0.961
3bwk SO4 301 B,SO4,SO4,0.866679683433,0.866679683433,0.0,True,1,2.40000009537,0.963
3bwk SO4 301 A,SO4,SO4,0.76017845865,0.76017845865,0.0,True,1,2.40000009537,0.966
3bwi SO4 452 A,SO4,SO4,0.886203490697,0.886203490697,0.0,True,1,1.70000004768,0.885
3bwi SO4 451 A,SO4,SO4,0.857667067505,0.857667067505,0.0,True,1,1.70000004768,0.925
3bwi ACT 500 A,ACT_ZN,ACT_ZN,0.905636709866,0.905636709866,0.0,True,1,1.70000004768,0.823
3bwf SO4 314 A,SO4,SO4,0.775621253319,0.775621253319,0.0,True,1,2.29999995232,0.97
3bwe PO4 6 E,SO4,PO4,0.933523974969,0.0454250007518,0.888098974217,False,2,2.40000009537,0.986
3bwe PO4 5 F,SO4,PO4,0.875733529609,0.0931253958328,0.782608133777,False,2,2.40000009537,0.98
3bwe PO4 4 F,SO4,PO4,0.922908723264,0.0465367675681,0.876371955696,False,2,2.40000009537,0.982
3bwe PO4 3 C,SO4,PO4,0.91851294073,0.0580012099853,0.860511730745,False,2,2.40000009537,0.988
3bwe PO4 191 A,SO4,PO4,0.894398848748,0.0861533470702,0.808245501678,False,2,2.40000009537,0.963
3bwe PO4 190 A,SO4,PO4,0.973307737006,0.0144610253453,0.958846711661,False,2,2.40000009537,0.974
3bwe PO4 1 D,SO4,PO4,0.963024249956,0.0219578163461,0.94106643361,False,2,2.40000009537,0.985
3bw8 SO4 206 A,SO4,SO4,0.745680523699,0.745680523699,0.0,True,1,1.79999995232,0.917
3bw6 SO4 4000 A,SO4,SO4,0.952111370561,0.952111370561,0.0,True,1,2.5,0.989
3bw3 MPD 372 A,GOL,MPD,0.372700768049,0.00439830493029,0.368302463119,False,12,2.0,0.744
3bw1 SO4 90 B,GOL,SO4,0.330312517268,0.223315150803,0.106997366465,False,2,2.5,0.915
3bw1 MPD 92 A,GOL,MPD,0.427673264353,0.0996666660714,0.328006598281,False,3,2.5,0.957
3bw1 MPD 91 B,MPD,MPD,0.351736588662,0.351736588662,0.0,True,1,2.5,0.966
3bw1 MPD 91 A,GOL,MPD,0.48372395417,0.040211924638,0.443512029532,False,5,2.5,0.978
3bw1 MPD 90 A,SO4,MPD,0.214019679007,0.187423305801,0.0265963732062,False,2,2.5,0.958
3bvv PO4 1046 A,GOL,PO4,0.328631524801,0.02784814221,0.300783382591,False,6,1.29999995232,0.951
3bvv MRD 1048 A,MPD,MRD,0.607713396523,0.100577758403,0.50713563812,False,2,1.29999995232,0.916
3bvt MRD 1049 A,MPD,MRD,0.51393333343,0.0448004187835,0.469132914647,False,3,1.29999995232,0.903
3bvq SO4 802 B,SO4,SO4,0.534698548555,0.534698548555,0.0,True,1,2.79999995232,0.905
3bvq SO4 801 A,SO4,SO4,0.431598990416,0.431598990416,0.0,True,1,2.79999995232,0.852
3bvj SO4 4001 B,SO4,SO4,0.740352729121,0.740352729121,0.0,True,1,1.79999995232,0.97
3bvj SO4 4000 A,SO4,SO4,0.815720859374,0.815720859374,0.0,True,1,1.79999995232,0.942
3bvh NAG 3 E,NAG,FUC,0.273149191653,0.0041261514081,0.269023040245,False,38,2.40000009537,0.833
3bvh NAG 3 B,FUC_NAG,FUC_NAG,0.5701497405,0.5701497405,0.0,True,1,2.40000009537,0.912
3bvf IPA 1011 E,ACT,IPA,0.649626547744,0.0505333979665,0.599093149778,False,2,1.5,0.676
3bvf IPA 1011 D,ACT,IPA,0.444670582455,0.0154306367343,0.429239945721,False,8,1.5,0.683
3bvf IPA 1011 A,ACT,IPA,0.835783356697,0.00665596816316,0.829127388534,False,6,1.5,0.832
3bvf IPA 1010 F,ACT,IPA,0.671969748758,0.00663763143508,0.665332117323,False,6,1.5,0.856
3bvf IPA 1010 A,EDO,IPA,0.599664839303,0.00313585485725,0.596528984446,False,15,1.5,0.822
3bvf IPA 1009 C,ACT,IPA,0.309746154618,0.036812552678,0.27293360194,False,5,1.5,0.855
3bvf IPA 1009 A,EDO,IPA,0.382298012088,0.00822435184353,0.374073660245,False,9,1.5,0.834
3bvf IPA 1008 C,EDO,IPA,0.750302096607,0.0422566625886,0.708045434019,False,3,1.5,0.842
3bvf IPA 1008 B,ACT,IPA,0.578968332721,0.0277078200766,0.551260512645,False,6,1.5,0.694
3bv7 NAP 3902 B,NAP,NAP,0.949160418424,0.949160418424,0.0,True,1,1.79999995232,0.955
3bv7 NAP 3901 A,NAP,NAP,0.988813278867,0.988813278867,0.0,True,1,1.79999995232,0.958
3bv4 SO4 347 A,DMS,SO4,0.369376382194,0.0710608010835,0.29831558111,False,3,1.70000004768,0.809
3bv4 SO4 345 A,SO4,SO4,0.456221774762,0.456221774762,0.0,True,1,1.70000004768,0.77
3bv4 SO4 3 A,SO4,SO4,0.934533835625,0.934533835625,0.0,True,1,1.70000004768,0.962
3bv4 SO4 2 A,SO4,SO4,0.632914463415,0.632914463415,0.0,True,1,1.70000004768,0.856
3buv NAP 3902 A,NAP,NAP,0.870259026347,0.870259026347,0.0,True,1,1.29999995232,0.951
3buv NAP 3901 B,NAP,NAP,0.70718041906,0.70718041906,0.0,True,1,1.29999995232,0.959
3buv EPE 3999 A,DMS,EPE,0.402369739134,0.00356038578873,0.398809353345,False,15,1.29999995232,0.891
3bus SAH 275 B,SAH,SAH,0.255536398649,0.255536398649,0.0,True,1,2.59999990463,0.845
3bus SAH 274 A,NAG_NAG,SAH,0.409561827617,0.0322484461022,0.377313381514,False,4,2.59999990463,0.891
3bur NAP 328 A,GDP,NAP,0.243017422565,0.164938352376,0.0780790701891,False,2,1.60000002384,0.968
3bur NAP 327 B,NAP,NAP,0.979539554771,0.979539554771,0.0,True,1,1.60000002384,0.971
3buq MPD 1049 A,SO4,MPD,0.314374154049,0.00144905992138,0.312925094127,False,29,2.0,0.873
3bup MPD 1049 A,GOL,MPD,0.371946625224,0.010469282524,0.3614773427,False,9,2.0,0.814
3bud PO4 1047 A,GOL,PO4,0.386503797843,0.0133755969963,0.373128200847,False,6,1.79999995232,0.96
3bud MPD 1049 A,GOL,MPD,0.641600787328,0.0537591444499,0.587841642878,False,2,1.79999995232,0.906
3bub MPD 1048 A,MPD,MPD,0.204615674942,0.204615674942,0.0,True,1,1.39999997616,0.876
3btw SO4 604 I,SO4,SO4,0.765463866529,0.765463866529,0.0,True,1,2.0,0.93
3btw SO4 602 I,DMS,SO4,0.409776854991,0.364440299726,0.0453365552647,False,2,2.0,0.931
3btw SO4 601 I,SO4,SO4,0.907414674839,0.907414674839,0.0,True,1,2.0,0.977
3btt SO4 602 I,PO4,SO4,0.636899132715,0.179840341163,0.457058791552,False,2,1.89999997616,0.905
3btt SO4 601 I,SO4,SO4,0.798739951816,0.798739951816,0.0,True,1,1.89999997616,0.973
3bts NAD 436 B,NAD,NAD,0.643860006284,0.643860006284,0.0,True,1,2.70000004768,0.92
3bts NAD 436 A,NAP,NAD,0.402564308429,0.0908471117574,0.311717196671,False,3,2.70000004768,0.966
3btq SO4 604 I,SO4,SO4,0.843934791873,0.843934791873,0.0,True,1,1.89999997616,0.951
3btq SO4 602 I,EDO,SO4,0.574668765805,0.0206230910376,0.554045674768,False,4,1.89999997616,0.818
3btq SO4 601 I,SO4,SO4,0.880485390003,0.880485390003,0.0,True,1,1.89999997616,0.964
3bto NAD 377 D,NAD,NAD,0.64191842926,0.64191842926,0.0,True,1,1.70000004768,0.98
3bto NAD 377 C,NAD,NAD,0.75217165484,0.75217165484,0.0,True,1,1.70000004768,0.965
3bto NAD 377 B,NAI,NAD,0.521947261479,0.230637977552,0.291309283927,False,2,1.70000004768,0.98
3bto NAD 377 A,NAD,NAD,0.816875505585,0.816875505585,0.0,True,1,1.70000004768,0.971
3btm SO4 604 I,SO4,SO4,0.843935760501,0.843935760501,0.0,True,1,1.79999995232,0.933
3btm SO4 603 E,SO4,SO4,0.702064095694,0.702064095694,0.0,True,1,1.79999995232,0.851
3btm SO4 602 I,SO4,SO4,0.59023172367,0.59023172367,0.0,True,1,1.79999995232,0.928
3btm SO4 601 I,SO4,SO4,0.93265522885,0.93265522885,0.0,True,1,1.79999995232,0.967
3btl SO4 999 D,GOL,SO4,0.33173767403,0.326930917366,0.00480675666435,False,2,2.90000009537,0.727
3btl SO4 900 E,SO4,SO4,0.919596398584,0.919596398584,0.0,True,1,2.90000009537,0.836
3btl SO4 801 A,SO4,SO4,0.525735401487,0.525735401487,0.0,True,1,2.90000009537,0.763
3btl SO4 799 E,SO4,SO4,0.434314537041,0.434314537041,0.0,True,1,2.90000009537,0.941
3btl SO4 699 A,SO4,SO4,0.918085117394,0.918085117394,0.0,True,1,2.90000009537,0.91
3btl SO4 432 D,SO4,SO4,0.537867380602,0.537867380602,0.0,True,1,2.90000009537,0.808
3btl SO4 431 A,SO4,SO4,0.378471614713,0.378471614713,0.0,True,1,2.90000009537,0.822
3btl SO4 399 E,SO4,SO4,0.831240870902,0.831240870902,0.0,True,1,2.90000009537,0.885
3btl SO4 299 A,SO4,SO4,0.902157926755,0.902157926755,0.0,True,1,2.90000009537,0.833
3btl SO4 279 A,SO4,SO4,0.704884529951,0.704884529951,0.0,True,1,2.90000009537,0.899
3btl SO4 270 D,SO4,SO4,0.399510534382,0.399510534382,0.0,True,1,2.90000009537,0.641
3btl SO4 249 E,SO4,SO4,0.590693248706,0.590693248706,0.0,True,1,2.90000009537,0.715
3btl SO4 239 E,SO4,SO4,0.695543976327,0.695543976327,0.0,True,1,2.90000009537,0.699
3btk SO4 604 I,SO4,SO4,0.756721660669,0.756721660669,0.0,True,1,1.89999997616,0.93
3btk SO4 602 I,SO4,SO4,0.603941495076,0.603941495076,0.0,True,1,1.89999997616,0.933
3btk SO4 601 I,SO4,SO4,0.90832711284,0.90832711284,0.0,True,1,1.89999997616,0.958
3btj SO4 999 D,SO4,SO4,0.478456005209,0.478456005209,0.0,True,1,3.0,0.816
3btj SO4 900 E,SO4,SO4,0.937129272557,0.937129272557,0.0,True,1,3.0,0.879
3btj SO4 801 A,SO4,SO4,0.631365714317,0.631365714317,0.0,True,1,3.0,0.851
3btj SO4 799 E,SO4,SO4,0.855148309805,0.855148309805,0.0,True,1,3.0,0.869
3btj SO4 699 A,SO4,SO4,0.909087421429,0.909087421429,0.0,True,1,3.0,0.84
3btj SO4 595 A,SO4,SO4,0.597533119312,0.597533119312,0.0,True,1,3.0,0.889
3btj SO4 399 E,SO4,SO4,0.794506188177,0.794506188177,0.0,True,1,3.0,0.903
3btj SO4 299 A,SO4,SO4,0.840119033632,0.840119033632,0.0,True,1,3.0,0.818
3btj SO4 280 D,EDO,SO4,0.276092969632,0.236521020681,0.0395719489512,False,2,3.0,0.695
3btj SO4 279 A,SO4,SO4,0.971200339093,0.971200339093,0.0,True,1,3.0,0.88
3btj SO4 249 E,SO4,SO4,0.64115671699,0.64115671699,0.0,True,1,3.0,0.697
3btj SO4 239 E,SO4,SO4,0.357547443184,0.357547443184,0.0,True,1,3.0,0.67
3bti SO4 999 D,SO4,SO4,0.354807807289,0.354807807289,0.0,True,1,2.79999995232,0.64
3bti SO4 900 E,SO4,SO4,0.843969464023,0.843969464023,0.0,True,1,2.79999995232,0.888
3bti SO4 801 A,SO4,SO4,0.553038255421,0.553038255421,0.0,True,1,2.79999995232,0.617
3bti SO4 799 E,SO4,SO4,0.912045972394,0.912045972394,0.0,True,1,2.79999995232,0.885
3bti SO4 699 A,SO4,SO4,0.945534631539,0.945534631539,0.0,True,1,2.79999995232,0.861
3bti SO4 600 B,EDO,SO4,0.430538887614,0.136862015564,0.29367687205,False,3,2.79999995232,0.737
3bti SO4 599 A,SO4,SO4,0.679107572709,0.679107572709,0.0,True,1,2.79999995232,0.741
3bti SO4 399 E,SO4,SO4,0.879204986444,0.879204986444,0.0,True,1,2.79999995232,0.779
3bti SO4 299 A,SO4,SO4,0.956026016248,0.956026016248,0.0,True,1,2.79999995232,0.762
3bti SO4 279 A,SO4,SO4,0.881887111326,0.881887111326,0.0,True,1,2.79999995232,0.864
3bti SO4 1000 B,SO4,SO4,0.319138843084,0.319138843084,0.0,True,1,2.79999995232,0.68
3bth SO4 604 I,SO4,SO4,0.87167014079,0.87167014079,0.0,True,1,1.79999995232,0.938
3bth SO4 603 E,SO4,SO4,0.610279511355,0.610279511355,0.0,True,1,1.79999995232,0.864
3bth SO4 602 I,GOL,SO4,0.313600643617,0.283457622069,0.0301430215489,False,2,1.79999995232,0.956
3bth SO4 601 I,SO4,SO4,0.927237389678,0.927237389678,0.0,True,1,1.79999995232,0.965
3btg SO4 604 I,SO4,SO4,0.926439774466,0.926439774466,0.0,True,1,1.89999997616,0.958
3btg SO4 603 E,SO4,SO4,0.795278779743,0.795278779743,0.0,True,1,1.89999997616,0.893
3btg SO4 602 I,SO4,SO4,0.66368072672,0.66368072672,0.0,True,1,1.89999997616,0.96
3btg SO4 601 I,SO4,SO4,0.956864099582,0.956864099582,0.0,True,1,1.89999997616,0.981
3btf SO4 604 I,SO4,SO4,0.904436569195,0.904436569195,0.0,True,1,1.79999995232,0.948
3btf SO4 603 E,SO4,SO4,0.424751708545,0.424751708545,0.0,True,1,1.79999995232,0.819
3btf SO4 602 I,EDO,SO4,0.736430620968,0.00952951661675,0.726901104352,False,6,1.79999995232,0.801
3btf SO4 601 I,SO4,SO4,0.926603879964,0.926603879964,0.0,True,1,1.79999995232,0.96
3btd SO4 604 I,SO4,SO4,0.890961371347,0.890961371347,0.0,True,1,1.89999997616,0.947
3btd SO4 602 I,DMS,SO4,0.558469425451,0.216511776197,0.341957649254,False,2,1.89999997616,0.94
3btd SO4 601 I,SO4,SO4,0.873578481818,0.873578481818,0.0,True,1,1.89999997616,0.972
3btc SO4 900 E,SO4,SO4_SO4,0.461977957816,0.00203070921901,0.459947248597,False,50,2.79999995232,0.869
3btc SO4 801 A,BOG,SO4,0.25919383061,0.0646222906084,0.194571540001,False,5,2.79999995232,0.798
3btc SO4 799 E,SO4,SO4,0.67693396505,0.67693396505,0.0,True,1,2.79999995232,0.872
3btc SO4 699 A,SO4,SO4,0.842953781255,0.842953781255,0.0,True,1,2.79999995232,0.892
3btc SO4 599 A,SO4,SO4,0.375264028237,0.375264028237,0.0,True,1,2.79999995232,0.877
3btc SO4 399 E,SO4,SO4,0.563240869897,0.563240869897,0.0,True,1,2.79999995232,0.906
3btc SO4 299 A,SO4,SO4,0.963813053233,0.963813053233,0.0,True,1,2.79999995232,0.942
3btc SO4 280 D,GOL,SO4,0.34473456785,0.193834171533,0.150900396317,False,2,2.79999995232,0.784
3btc SO4 279 A,SO4,SO4,0.925172844814,0.925172844814,0.0,True,1,2.79999995232,0.883
3btc SO4 270 D,SO4,SO4,0.398238458632,0.398238458632,0.0,True,1,2.79999995232,0.714
3btc SO4 239 E,SO4,SO4,0.393744834665,0.393744834665,0.0,True,1,2.79999995232,0.737
3bt9 SO4 999 D,SO4,SO4,0.226606197925,0.226606197925,0.0,True,1,2.70000004768,0.688
3bt9 SO4 900 E,SO4,SO4,0.855067715814,0.855067715814,0.0,True,1,2.70000004768,0.931
3bt9 SO4 810 A,SO4,SO4,0.428772382831,0.428772382831,0.0,True,1,2.70000004768,0.695
3bt9 SO4 801 A,GOL,SO4,0.315353420305,0.0997083012706,0.215645119034,False,3,2.70000004768,0.797
3bt9 SO4 800 A,SO4,SO4,0.235119783313,0.235119783313,0.0,True,1,2.70000004768,0.656
3bt9 SO4 799 E,SO4,SO4,0.313695862929,0.313695862929,0.0,True,1,2.70000004768,0.906
3bt9 SO4 602 A,SO4,SO4,0.777683354417,0.777683354417,0.0,True,1,2.70000004768,0.823
3bt9 SO4 599 A,SO4,SO4,0.272451392247,0.272451392247,0.0,True,1,2.70000004768,0.946
3bt9 SO4 399 E,GOL,SO4,0.29907418276,0.208464239762,0.0906099429977,False,2,2.70000004768,0.913
3bt9 SO4 299 A,SO4,SO4,0.972340800497,0.972340800497,0.0,True,1,2.70000004768,0.956
3bt9 SO4 280 D,EDO,SO4,0.319815813701,0.0267731460327,0.293042667668,False,6,2.70000004768,0.893
3bt9 SO4 279 A,SO4,SO4,0.70107514887,0.70107514887,0.0,True,1,2.70000004768,0.968
3bt9 SO4 239 E,SO4,SO4,0.303430031452,0.303430031452,0.0,True,1,2.70000004768,0.634
3bsy ACO 403 B,COA,ACO,0.927957170767,0.00925445451592,0.918702716251,False,3,1.79999995232,0.924
3bsy ACO 402 C,COA,ACO,0.991762753874,0.0046969736517,0.987065780222,False,2,1.79999995232,0.885
3bsy ACO 401 A,COA,ACO,0.941889747735,0.00721407485664,0.934675672879,False,3,1.79999995232,0.872
3bsw CIT 201 A,CIT,CIT,0.935878073725,0.935878073725,0.0,True,1,1.79999995232,0.944
3bsq SO4 9 A,SO4,SO4,0.663013110309,0.663013110309,0.0,True,1,2.79999995232,0.932
3bsq SO4 8 A,SO4,SO4,0.53829052077,0.53829052077,0.0,True,1,2.79999995232,0.912
3bsq SO4 7 A,SO4,SO4,0.304679502233,0.304679502233,0.0,True,1,2.79999995232,0.942
3bsq SO4 6 C,SO4,SO4,0.708842027278,0.708842027278,0.0,True,1,2.79999995232,0.961
3bsq SO4 5 A,SO4,SO4,0.784910859363,0.784910859363,0.0,True,1,2.79999995232,0.97
3bsq SO4 4 C,SO4,SO4,0.846035344373,0.846035344373,0.0,True,1,2.79999995232,0.961
3bsq SO4 3 C,SO4,SO4,0.889885820748,0.889885820748,0.0,True,1,2.79999995232,0.982
3bsq SO4 239 C,SO4,SO4,0.408362835816,0.408362835816,0.0,True,1,2.79999995232,0.85
3bsq SO4 2 B,SO4,SO4,0.850760770735,0.850760770735,0.0,True,1,2.79999995232,0.966
3bsq SO4 14 B,ACT,SO4,0.390500453479,0.180255322928,0.210245130551,False,2,2.79999995232,0.878
3bsq SO4 13 A,SO4,SO4,0.290666217187,0.290666217187,0.0,True,1,2.79999995232,0.932
3bsq SO4 12 B,SO4,SO4,0.722644782782,0.722644782782,0.0,True,1,2.79999995232,0.913
3bsq SO4 11 B,SO4,SO4,0.785173200183,0.785173200183,0.0,True,1,2.79999995232,0.959
3bsq SO4 10 B,SO4,SO4,0.45961989753,0.45961989753,0.0,True,1,2.79999995232,0.963
3bsq SO4 1 A,SO4,SO4,0.888774326277,0.888774326277,0.0,True,1,2.79999995232,0.983
3bsh BGC 4000 A,TRS,BGC,0.254945489808,0.00834122463302,0.246604265175,False,17,3.0,0.919
3bs3 SO4 101 A,PO4,SO4,0.359647993808,0.295450660881,0.0641973329271,False,2,1.70000004768,0.933
3bs0 C8E 502 B,PLM,C8E,0.257812792133,0.0308399350306,0.226972857103,False,5,2.5,0.863
3bs0 C8E 501 A,LDA,C8E,0.212964137316,0.0514034861631,0.161560651153,False,5,2.5,0.821
3brx PO4 326 A,EDO,PO4,0.355510509809,0.00812645910047,0.347384050708,False,12,2.5,0.68
3brx PO4 325 A,SO4,PO4,0.536677469676,0.0955805631036,0.441096906572,False,3,2.5,0.864
3brx PO4 324 A,GOL,PO4,0.766436842206,0.0179012489716,0.748535593234,False,4,2.5,0.9
3brx PO4 322 A,SO4,PO4,0.725595350828,0.0982958092013,0.627299541626,False,2,2.5,0.991
3brq SO4 802 A,SO4,SO4,0.738293711127,0.738293711127,0.0,True,1,2.0,0.964
3brq SO4 801 B,SO4,SO4,0.83139779263,0.83139779263,0.0,True,1,2.0,0.994
3brk SO4 602 X,SO4,SO4,0.56397395392,0.56397395392,0.0,True,1,2.09999990463,0.847
3brk SO4 601 X,SO4,SO4,0.951460021468,0.951460021468,0.0,True,1,2.09999990463,0.982
3brk SO4 600 X,SO4,SO4,0.719245910888,0.719245910888,0.0,True,1,2.09999990463,0.985
3brc PO4 157 B,SO4,PO4,0.55717018209,0.15742757214,0.39974260995,False,2,1.60000002384,0.946
3br8 PO4 92 A,PO4,PO4,0.478256930691,0.478256930691,0.0,True,1,1.29999995232,0.977
3br6 SO4 515 E,SO4,SO4,0.286406203359,0.286406203359,0.0,True,1,3.20000004768,0.601
3br6 SO4 513 D,SO4,SO4,0.328819271298,0.328819271298,0.0,True,1,3.20000004768,0.673
3br6 SO4 513 A,SO4,SO4,0.402527696152,0.402527696152,0.0,True,1,3.20000004768,0.656
3br6 SO4 511 D,SO4,SO4,0.729002878168,0.729002878168,0.0,True,1,3.20000004768,0.805
3br6 SO4 508 D,SO4,SO4,0.699565209534,0.699565209534,0.0,True,1,3.20000004768,0.685
3br6 SO4 506 E,SO4,SO4,0.975739168595,0.975739168595,0.0,True,1,3.20000004768,0.802
3br6 SO4 505 E,NAG,SO4,0.558604178799,0.0163413769639,0.542262801835,False,4,3.20000004768,0.624
3br6 SO4 504 A,SO4,SO4,0.806382945132,0.806382945132,0.0,True,1,3.20000004768,0.699
3br6 SO4 501 A,SO4,SO4,0.792390781678,0.792390781678,0.0,True,1,3.20000004768,0.667
3br6 SO4 500 E,SO4,SO4,0.693940246133,0.693940246133,0.0,True,1,3.20000004768,0.631
3br5 SO4 517 E,NAG,SO4,0.512441377823,0.266684985814,0.245756392008,False,2,2.90000009537,0.706
3br5 SO4 517 A,SO4,SO4,0.806917827852,0.806917827852,0.0,True,1,2.90000009537,0.735
3br5 SO4 516 E,SO4,SO4,0.441136301836,0.441136301836,0.0,True,1,2.90000009537,0.845
3br5 SO4 516 A,SO4,SO4,0.696259802788,0.696259802788,0.0,True,1,2.90000009537,0.825
3br5 SO4 515 E,SO4,SO4,0.69234880856,0.69234880856,0.0,True,1,2.90000009537,0.663
3br5 SO4 515 A,SO4,SO4,0.450261379134,0.450261379134,0.0,True,1,2.90000009537,0.771
3br5 SO4 514 A,SO4,SO4,0.720722442967,0.720722442967,0.0,True,1,2.90000009537,0.796
3br5 SO4 513 E,SO4,SO4,0.673334653295,0.673334653295,0.0,True,1,2.90000009537,0.826
3br5 SO4 513 A,GOL,SO4,0.485606086861,0.357997977582,0.127608109279,False,2,2.90000009537,0.855
3br5 SO4 512 E,SO4_SO4,SO4_SO4,0.527734218269,0.527734218269,0.0,True,1,2.90000009537,0.926
3br5 SO4 512 A,SO4,SO4,0.543689626712,0.543689626712,0.0,True,1,2.90000009537,0.844
3br5 SO4 509 D,PO4,SO4,0.21335142647,0.123790676013,0.0895607504574,False,3,2.90000009537,0.888
3br5 SO4 508 D,SO4,SO4,0.400328671667,0.400328671667,0.0,True,1,2.90000009537,0.916
3br5 SO4 508 B,SO4,SO4,0.732103724905,0.732103724905,0.0,True,1,2.90000009537,0.786
3br5 SO4 507 B,SO4,SO4,0.525439662238,0.525439662238,0.0,True,1,2.90000009537,0.806
3br5 SO4 507 A,SO4,SO4,0.614634698176,0.614634698176,0.0,True,1,2.90000009537,0.855
3br5 SO4 506 B,GOL,SO4,0.446696940892,0.158968620048,0.287728320844,False,2,2.90000009537,0.702
3br5 SO4 506 A,SO4,SO4,0.793890960626,0.793890960626,0.0,True,1,2.90000009537,0.877
3br5 SO4 503 A,SO4,SO4_SO4,0.130630889046,0.0839890485299,0.0466418405163,False,2,2.90000009537,0.789
3br5 SO4 502 D,SO4,SO4,0.491565911341,0.491565911341,0.0,True,1,2.90000009537,0.826
3br5 SO4 501 A,SO4,SO4,0.866723270732,0.866723270732,0.0,True,1,2.90000009537,0.819
3br3 SO4 507 B,SO4,SO4,0.918398831621,0.918398831621,0.0,True,1,2.79999995232,0.886
3br3 SO4 506 B,GOL,SO4,0.314156152547,0.125205175877,0.188950976669,False,2,2.79999995232,0.795
3br3 SO4 504 A,SO4,SO4,0.744713935801,0.744713935801,0.0,True,1,2.79999995232,0.904
3br3 SO4 503 A,SO4,SO4,0.290035763482,0.290035763482,0.0,True,1,2.79999995232,0.889
3br3 SO4 502 B,GOL,SO4,0.326879850863,0.178748624054,0.14813122681,False,2,2.79999995232,0.838
3br3 SO4 501 B,NAG,SO4,0.749135599056,0.0019731491558,0.7471624499,False,20,2.79999995232,0.868
3br3 SO4 500 B,SO4,SO4,0.62283152249,0.62283152249,0.0,True,1,2.79999995232,0.901
3br2 SO4 535 D,SO4,SO4,0.227834308852,0.227834308852,0.0,True,1,2.90000009537,0.73
3br2 SO4 534 E,SO4,SO4,0.567954105441,0.567954105441,0.0,True,1,2.90000009537,0.76
3br2 SO4 533 D,GOL,SO4,0.469304280793,0.0612115020631,0.40809277873,False,4,2.90000009537,0.842
3br2 SO4 532 E,SO4,SO4,0.761471080931,0.761471080931,0.0,True,1,2.90000009537,0.701
3br2 SO4 531 B,SO4,SO4,0.186464583854,0.186464583854,0.0,True,1,2.90000009537,0.776
3br2 SO4 521 B,SO4,SO4,0.43326098453,0.43326098453,0.0,True,1,2.90000009537,0.653
3br2 SO4 520 A,SO4,SO4,0.412459914132,0.412459914132,0.0,True,1,2.90000009537,0.928
3br2 SO4 519 E,SO4,SO4,0.489599275438,0.489599275438,0.0,True,1,2.90000009537,0.796
3br2 SO4 516 D,SO4,SO4,0.316945688756,0.316945688756,0.0,True,1,2.90000009537,0.832
3br2 SO4 515 D,SO4,SO4,0.468845856551,0.468845856551,0.0,True,1,2.90000009537,0.788
3br2 SO4 513 D,PO4,SO4,0.368469698297,0.339847250371,0.0286224479262,False,2,2.90000009537,0.858
3br2 SO4 512 D,SO4,SO4,0.39417465194,0.39417465194,0.0,True,1,2.90000009537,0.664
3br2 SO4 511 B,SO4,SO4,0.728006611197,0.728006611197,0.0,True,1,2.90000009537,0.768
3br2 SO4 509 E,SO4,SO4,0.942614709597,0.942614709597,0.0,True,1,2.90000009537,0.888
3br2 SO4 508 A,SO4,SO4,0.788389357211,0.788389357211,0.0,True,1,2.90000009537,0.9
3br2 SO4 506 A,SO4,SO4,0.678104339837,0.678104339837,0.0,True,1,2.90000009537,0.715
3br2 SO4 505 A,SO4,SO4,0.393719967492,0.393719967492,0.0,True,1,2.90000009537,0.746
3br2 SO4 504 A,SO4,SO4,0.61606835571,0.61606835571,0.0,True,1,2.90000009537,0.891
3br2 SO4 503 E,SO4,SO4,0.755755660069,0.755755660069,0.0,True,1,2.90000009537,0.919
3br2 SO4 501 A,SO4,SO4,0.434419506044,0.434419506044,0.0,True,1,2.90000009537,0.6
3br2 SO4 500 A,NAG,SO4,0.268334413694,0.169455446389,0.0988789673044,False,2,2.90000009537,0.684
3br1 SO4 327 A,NAG,SO4,0.454966494076,0.115091675163,0.339874818913,False,2,3.29999995232,0.717
3br1 SO4 325 A,SO4,SO4,0.602204208748,0.602204208748,0.0,True,1,3.29999995232,0.752
3br1 SO4 322 E,SO4,SO4,0.922316231561,0.922316231561,0.0,True,1,3.29999995232,0.779
3br1 SO4 322 D,SO4,SO4,0.66661003816,0.66661003816,0.0,True,1,3.29999995232,0.812
3br1 SO4 321 D,SO4,SO4,0.959385114726,0.959385114726,0.0,True,1,3.29999995232,0.783
3br1 SO4 320 A,SO4,SO4,0.40646589251,0.40646589251,0.0,True,1,3.29999995232,0.679
3br1 SO4 319 E,NAG,SO4,0.470296207627,0.329130632839,0.141165574788,False,2,3.29999995232,0.836
3br1 SO4 318 D,EDO,SO4,0.319114826836,0.261742226533,0.0573726003033,False,2,3.29999995232,0.62
3br1 SO4 316 B,SO4,SO4,0.796821731252,0.796821731252,0.0,True,1,3.29999995232,0.766
3br1 SO4 315 E,SO4,SO4,0.938944916327,0.938944916327,0.0,True,1,3.29999995232,0.822
3br1 SO4 313 E,SO4,SO4,0.622998259104,0.622998259104,0.0,True,1,3.29999995232,0.773
3br1 SO4 312 E,SO4,SO4,0.507558962925,0.507558962925,0.0,True,1,3.29999995232,0.633
3br1 SO4 311 E,NAG,SO4,0.749263402892,0.0082231124257,0.741040290466,False,8,3.29999995232,0.785
3br1 SO4 308 A,SO4,SO4,0.29130245235,0.29130245235,0.0,True,1,3.29999995232,0.82
3br1 SO4 306 A,SO4,SO4,0.791371965032,0.791371965032,0.0,True,1,3.29999995232,0.779
3br1 SO4 305 A,SO4,SO4,0.325223483867,0.325223483867,0.0,True,1,3.29999995232,0.77
3br1 SO4 300 A,SO4,SO4,0.63340780225,0.63340780225,0.0,True,1,3.29999995232,0.76
3br0 SO4 511 A,EDO,SO4,0.514007230245,0.0957148695227,0.418292360722,False,3,2.40000009537,0.833
3br0 SO4 510 B,SO4,SO4,0.405860323135,0.405860323135,0.0,True,1,2.40000009537,0.939
3br0 SO4 508 A,SO4,SO4,0.446640940348,0.446640940348,0.0,True,1,2.40000009537,0.925
3br0 SO4 507 A,SO4,SO4,0.330741596404,0.330741596404,0.0,True,1,2.40000009537,0.824
3br0 SO4 505 A,SO4,SO4,0.432316643927,0.432316643927,0.0,True,1,2.40000009537,0.898
3br0 SO4 504 B,SO4,SO4,0.46508111967,0.46508111967,0.0,True,1,2.40000009537,0.779
3br0 SO4 502 B,SO4,SO4,0.536592277758,0.536592277758,0.0,True,1,2.40000009537,0.901
3br0 SO4 501 B,PO4,SO4,0.130746477965,0.104237627337,0.026508850628,False,2,2.40000009537,0.902
3br0 SO4 500 B,SO4,SO4,0.782732035299,0.782732035299,0.0,True,1,2.40000009537,0.93
3bqz SO4 506 B,SO4,SO4,0.315936615576,0.315936615576,0.0,True,1,2.20000004768,0.945
3bqz SO4 505 A,GOL,SO4,0.306546465239,0.198391145311,0.108155319928,False,2,2.20000004768,0.877
3bqz SO4 504 A,SO4,SO4,0.756083967791,0.756083967791,0.0,True,1,2.20000004768,0.933
3bqz SO4 503 B,GOL,SO4,0.394520962863,0.0559698415042,0.338551121358,False,3,2.20000004768,0.779
3bqz SO4 502 B,SO4,SO4,0.681281361126,0.681281361126,0.0,True,1,2.20000004768,0.886
3bqy PO4 303 A,GOL,PO4,0.483379388501,0.016120615584,0.467258772917,False,6,1.89999997616,0.857
3bqy PO4 302 A,SO4,PO4,0.750969680864,0.0754657814641,0.6755038994,False,2,1.89999997616,0.838
3bqu SO4 225 D,SO4,SO4,0.792820998951,0.792820998951,0.0,True,1,3.0,0.966
3bqr PGO 502 A,SO4,PGO,0.636752147533,0.0013295182337,0.635422629299,False,20,1.79999995232,0.894
3bqr PGO 501 A,ACT,PGO,0.384010500523,0.00491275310087,0.379097747422,False,12,1.79999995232,0.676
3bqk SO4 1 A,SO4,SO4,0.955650233925,0.955650233925,0.0,True,1,1.79999995232,0.925
3bqa SO4 1 A,SO4,SO4,0.881906745496,0.881906745496,0.0,True,1,2.0,0.97
3bq9 SO4 460 B,PO4,SO4,0.85206621058,0.0680653404966,0.784000870083,False,2,1.70000004768,0.992
3bq9 SO4 460 A,SO4,SO4,0.692623946009,0.692623946009,0.0,True,1,1.70000004768,0.992
3bpz CMP 641 D,CMP,CMP,0.928768434143,0.928768434143,0.0,True,1,1.70000004768,0.983
3bpz CMP 641 C,CMP,CMP,0.837205331616,0.837205331616,0.0,True,1,1.70000004768,0.984
3bpz CMP 641 B,CMP,CMP,0.847501695272,0.847501695272,0.0,True,1,1.70000004768,0.987
3bpz CMP 641 A,CMP,CMP,0.832290210101,0.832290210101,0.0,True,1,1.70000004768,0.984
3bpw PO4 3000 B,GOL,PO4,0.463412415513,0.048965918657,0.414446496856,False,4,1.70000004768,0.836
3bpm SO4 303 A,SO4,SO4,0.585554604167,0.585554604167,0.0,True,1,2.5,0.847
3bpm SO4 302 B,SO4,SO4,0.882339358114,0.882339358114,0.0,True,1,2.5,0.947
3bpm SO4 302 A,SO4,SO4,0.681547201953,0.681547201953,0.0,True,1,2.5,0.835
3bpm SO4 301 B,SO4,SO4,0.866504198462,0.866504198462,0.0,True,1,2.5,0.963
3bpm SO4 301 A,SO4,SO4,0.827977159022,0.827977159022,0.0,True,1,2.5,0.936
3bpl FUC 913 B,NAG,FUC,0.914211749769,0.000310919682498,0.913900830086,False,47,2.90000009537,0.605
3bpk SO4 601 B,SO4,SO4,0.963162504332,0.963162504332,0.0,True,1,1.60000002384,0.959
3bp9 IPA 142 K,SO4,IPA,0.566954899467,0.000324416701131,0.566630482766,False,193,2.59999990463,0.981
3bp9 IPA 142 F,SO4,IPA,0.679926127437,0.00258916199567,0.677336965441,False,12,2.59999990463,0.987
3bp9 IPA 142 E,GOL,IPA,0.310722755236,0.000403626595735,0.310319128641,False,197,2.59999990463,0.986
3bp9 IPA 141 K,GOL,IPA,0.784849566835,0.000228859157982,0.784620707677,False,194,2.59999990463,0.944
3bp9 IPA 141 J,GOL,IPA,0.683100417339,0.000771539633547,0.682328877705,False,62,2.59999990463,0.984
3bp9 IPA 141 I,SO4,IPA,0.550119145047,0.000322283769711,0.549796861277,False,199,2.59999990463,0.98
3bp9 IPA 141 G,SO4,IPA,0.352480344586,0.00151094312143,0.350969401464,False,22,2.59999990463,0.982
3bp9 IPA 141 E,GOL,IPA,0.663958691551,0.000473909233506,0.663484782318,False,168,2.59999990463,0.976
3bp9 IPA 141 D,GOL,IPA,0.515838590643,0.0043404002172,0.511498190426,False,11,2.59999990463,0.983
3bp9 IPA 141 C,SO4,IPA,0.406487176279,0.00335429862861,0.403132877651,False,12,2.59999990463,0.98
3bp9 IPA 141 B,SO4,IPA,0.727350459474,0.000973397199015,0.726377062275,False,16,2.59999990463,0.967
3bp3 SO4 2 B,SO4,SO4,0.344487226489,0.344487226489,0.0,True,1,1.60000002384,0.949
3bp3 SO4 1 A,SO4,SO4,0.111771111855,0.111771111855,0.0,True,1,1.60000002384,0.944
3bp1 POP 291 C,GOL,POP,0.43837810021,0.00114992679875,0.437228173412,False,66,1.5,0.835
3bp1 POP 291 B,SO4,POP,0.48330681419,0.000902005688468,0.482404808502,False,44,1.5,0.879
3bp1 PO4 289 C,SO4,PO4,0.955827335181,0.0216680716203,0.93415926356,False,2,1.5,0.971
3bp1 PO4 289 B,SO4,PO4,0.876556632502,0.106584597147,0.769972035355,False,2,1.5,0.967
3bp1 PO4 288 D,SO4,PO4,0.975992833015,0.00977145820334,0.966221374812,False,2,1.5,0.992
3bp1 PO4 288 A,SO4,PO4,0.971260046895,0.0086490640121,0.962610982883,False,2,1.5,0.991
3bog DAL 17 D,PCA,DAL,0.533678353606,0.0284604488279,0.505217904778,False,3,1.20000004768,0.985
3bo9 SO4 319 A,GOL,SO4,0.372642285494,0.215127998368,0.157514287126,False,2,2.70000004768,0.89
3bo9 SO4 317 B,SO4,SO4,0.708421080958,0.708421080958,0.0,True,1,2.70000004768,0.958
3bo9 SO4 317 A,SO4,SO4,0.78863480392,0.78863480392,0.0,True,1,2.70000004768,0.953
3bo9 SO4 316 B,SO4,SO4,0.946737416977,0.946737416977,0.0,True,1,2.70000004768,0.932
3bo9 SO4 316 A,SO4,SO4,0.907456264283,0.907456264283,0.0,True,1,2.70000004768,0.933
3bo9 PO4 315 B,SO4,PO4,0.800232589571,0.156818664502,0.643413925069,False,2,2.70000004768,0.983
3bo9 PO4 315 A,SO4,PO4,0.8487160559,0.111311354739,0.737404701161,False,2,2.70000004768,0.99
3bo7 SO4 208 C,SO4,SO4,0.54575425295,0.54575425295,0.0,True,1,2.40000009537,0.923
3bo7 SO4 207 D,PEG,SO4,0.406030276533,0.0115458230071,0.394484453526,False,11,2.40000009537,0.748
3bo7 SO4 207 C,GOL,SO4,0.32239723562,0.223448614315,0.0989486213044,False,2,2.40000009537,0.896
3bo7 SO4 206 C,SO4,SO4,0.749918396488,0.749918396488,0.0,True,1,2.40000009537,0.936
3bo7 SO4 206 A,DMF,SO4,0.291420682549,0.0999917300622,0.191428952487,False,4,2.40000009537,0.902
3bo7 SO4 205 D,SO4,SO4,0.847320784142,0.847320784142,0.0,True,1,2.40000009537,0.978
3bo7 SO4 205 C,EDO,SO4,0.482824359362,0.0150015453535,0.467822814008,False,9,2.40000009537,0.853
3bo7 SO4 205 B,SO4,SO4,0.876370166991,0.876370166991,0.0,True,1,2.40000009537,0.965
3bo7 SO4 205 A,SO4,SO4,0.801415829639,0.801415829639,0.0,True,1,2.40000009537,0.941
3bo7 SO4 204 D,SO4,SO4,0.599517593351,0.599517593351,0.0,True,1,2.40000009537,0.956
3bo7 SO4 204 C,SO4,SO4,0.461102529116,0.461102529116,0.0,True,1,2.40000009537,0.916
3bo7 SO4 204 B,GOL,SO4,0.404147642222,0.0844320232022,0.31971561902,False,3,2.40000009537,0.903
3bo7 SO4 204 A,SO4,SO4,0.273298109723,0.273298109723,0.0,True,1,2.40000009537,0.9
3bo7 SO4 203 D,SO4,SO4,0.778507531943,0.778507531943,0.0,True,1,2.40000009537,0.934
3bo7 SO4 203 C,SO4,SO4,0.901907974508,0.901907974508,0.0,True,1,2.40000009537,0.971
3bo7 SO4 203 B,SO4,SO4,0.812282190193,0.812282190193,0.0,True,1,2.40000009537,0.961
3bo7 SO4 203 A,SO4,SO4,0.749993051677,0.749993051677,0.0,True,1,2.40000009537,0.941
3bo7 SO4 202 D,SO4,SO4,0.610221876417,0.610221876417,0.0,True,1,2.40000009537,0.955
3bo7 SO4 202 C,SO4,SO4,0.500569899576,0.500569899576,0.0,True,1,2.40000009537,0.926
3bo7 SO4 202 B,SO4,SO4,0.936044359627,0.936044359627,0.0,True,1,2.40000009537,0.975
3bo7 SO4 202 A,SO4,SO4,0.923323029232,0.923323029232,0.0,True,1,2.40000009537,0.985
3bo6 SO4 2 B,SO4,SO4,0.672549346653,0.672549346653,0.0,True,1,1.39999997616,0.992
3bo6 SO4 1 A,SO4,SO4,0.956600349984,0.956600349984,0.0,True,1,1.39999997616,0.996
3bo5 SAH 305 A,SAM,SAH,0.641767965221,0.31565164248,0.326116322741,False,2,1.60000002384,0.984
3bnz UMP 317 A,UMP,UMP,0.740093017242,0.740093017242,0.0,True,1,2.59999990463,0.951
3bnz PO4 319 A,SO4,PO4,0.705809857752,0.188213675162,0.51759618259,False,2,2.59999990463,0.951
3bnt NCO 24 A,PO4,NCO,0.31879457114,0.0029001637012,0.315894407439,False,15,2.29999995232,0.968
3bng SO4 2 A,SO4,SO4,0.895740552847,0.895740552847,0.0,True,1,1.39999997616,0.851
3bn9 SO4 215 E,SO4,SO4,0.943077938094,0.943077938094,0.0,True,1,2.20000004768,0.974
3bn9 SO4 215 C,SO4,SO4,0.951782210314,0.951782210314,0.0,True,1,2.20000004768,0.975
3bn4 SO4 123 E,SO4,SO4,0.94431356474,0.94431356474,0.0,True,1,2.0,0.983
3bn4 SO4 123 C,SO4,SO4,0.914378496894,0.914378496894,0.0,True,1,2.0,0.957
3bn4 SO4 123 B,SO4,SO4,0.291077334393,0.291077334393,0.0,True,1,2.0,0.871
3bn4 SO4 123 A,SO4,SO4,0.819625348976,0.819625348976,0.0,True,1,2.0,0.879
3bmw SO4 703 A,SO4,SO4,0.447727275195,0.447727275195,0.0,True,1,1.60000002384,0.892
3bmw SO4 701 A,SO4,SO4,0.535599965309,0.535599965309,0.0,True,1,1.60000002384,0.916
3bmv SO4 688 A,SO4,SO4,0.447652567524,0.447652567524,0.0,True,1,1.60000002384,0.784
3bmv SO4 686 A,SO4,SO4,0.768589164779,0.768589164779,0.0,True,1,1.60000002384,0.943
3bmq NAP 270 C,NAP,NAP,0.987413750581,0.987413750581,0.0,True,1,1.70000004768,0.99
3bmq NAP 270 B,NAP,NAP,0.989076744183,0.989076744183,0.0,True,1,1.70000004768,0.991
3bmq NAP 269 D,NAP,NAP,0.993365933667,0.993365933667,0.0,True,1,1.70000004768,0.99
3bmq NAP 269 A,NAP,NAP,0.995995349211,0.995995349211,0.0,True,1,1.70000004768,0.989
3bmp MPD 600 A,SO4,MPD,0.536794255236,0.0143623328477,0.522431922388,False,6,2.59999990463,0.922
3bmo NAP 273 A,NAP,NAP,0.979510421926,0.979510421926,0.0,True,1,1.60000002384,0.979
3bmo NAP 271 C,NAP,NAP,0.972552931629,0.972552931629,0.0,True,1,1.60000002384,0.984
3bmo NAP 270 D,NAP,NAP,0.990056658691,0.990056658691,0.0,True,1,1.60000002384,0.978
3bmo NAP 270 B,NAP,NAP,0.969635390719,0.969635390719,0.0,True,1,1.60000002384,0.986
3bmn NAP 270 D,NAP,NAP,0.937258385789,0.937258385789,0.0,True,1,2.0,0.963
3bmn NAP 269 C,NAP,NAP,0.446361164816,0.446361164816,0.0,True,1,2.0,0.959
3bmn NAP 269 B,NAP,NAP,0.974096473242,0.974096473242,0.0,True,1,2.0,0.953
3bmn NAP 269 A,NAP,NAP,0.938260341398,0.938260341398,0.0,True,1,2.0,0.96
3bmb SO4 140 A,SO4,SO4,0.951900700177,0.951900700177,0.0,True,1,1.89999997616,0.939
3bmb SO4 139 B,GOL,SO4,0.264738881535,0.202559000202,0.0621798813333,False,3,1.89999997616,0.636
3bmb SO4 139 A,SO4,SO4,0.888799856352,0.888799856352,0.0,True,1,1.89999997616,0.901
3bmb SO4 137 A,SO4,SO4,0.737874857107,0.737874857107,0.0,True,1,1.89999997616,0.784
3bma SO4 9 D,SO4,SO4,0.834729012194,0.834729012194,0.0,True,1,2.20000004768,0.93
3bma SO4 8 D,SO4,SO4,0.424848822869,0.424848822869,0.0,True,1,2.20000004768,0.879
3bma SO4 7 D,SO4,SO4,0.492621828913,0.492621828913,0.0,True,1,2.20000004768,0.971
3bma SO4 6 B,SO4,SO4,0.537733628094,0.537733628094,0.0,True,1,2.20000004768,0.955
3bma SO4 5 B,SO4,SO4,0.552674470716,0.552674470716,0.0,True,1,2.20000004768,0.952
3bma SO4 4 B,SO4,SO4,0.596464580082,0.596464580082,0.0,True,1,2.20000004768,0.935
3bma SO4 3 A,SO4,SO4,0.28925615915,0.28925615915,0.0,True,1,2.20000004768,0.961
3bma SO4 2 B,SO4,SO4,0.940595365329,0.940595365329,0.0,True,1,2.20000004768,0.967
3bma SO4 15 A,SO4,SO4,0.50020028114,0.50020028114,0.0,True,1,2.20000004768,0.918
3bma SO4 14 F,SO4,SO4,0.502861619113,0.502861619113,0.0,True,1,2.20000004768,0.929
3bma SO4 13 E,SO4,SO4,0.658220082753,0.658220082753,0.0,True,1,2.20000004768,0.932
3bma SO4 11 D,SO4,SO4,0.540393026999,0.540393026999,0.0,True,1,2.20000004768,0.92
3bma SO4 10 B,NO3,SO4,0.272441237148,0.143350358686,0.129090878461,False,3,2.20000004768,0.91
3bm5 SO4 342 B,SO4,SO4,0.880875254828,0.880875254828,0.0,True,1,2.40000009537,0.956
3bm5 SO4 341 B,GOL,SO4,0.344970050924,0.0771362487568,0.267833802168,False,4,2.40000009537,0.929
3bm5 SO4 341 A,GOL,SO4,0.428520893534,0.0962976037326,0.332223289802,False,3,2.40000009537,0.872
3bm5 SO4 340 B,GOL,SO4,0.605459570624,0.0119144446618,0.593545125962,False,5,2.40000009537,0.794
3bm5 SO4 340 A,SO4,SO4,0.292530408469,0.292530408469,0.0,True,1,2.40000009537,0.847
3bm5 SO4 1 A,SO4,SO4,0.406012589391,0.406012589391,0.0,True,1,2.40000009537,0.903
3blr PO4 331 A,SO4,PO4,0.370646472237,0.0752802187323,0.295366253505,False,4,2.79999995232,0.937
3blr PO4 261 B,SO4,PO4,0.871210080654,0.0386241373162,0.832585943338,False,2,2.79999995232,0.914
3blr PO4 260 B,SO4,PO4,0.92520114763,0.0196539597057,0.905547187925,False,2,2.79999995232,0.962
3blq TRS 260 B,SO4,TRS,0.552505802864,0.000312598284852,0.552193204579,False,191,2.90000009537,0.881
3blq ATP 332 A,ANP_MG,ATP,0.481509793658,0.0170242876612,0.464485505997,False,7,2.90000009537,0.924
3bln MRD 145 A,SO4,MRD,0.305629580289,0.184872835859,0.12075674443,False,3,1.29999995232,0.689
3blh TRS 260 B,SO4,TRS,0.249366529194,0.00170180776049,0.247664721434,False,64,2.5,0.897
3blb MRD 1049 A,MPD,MRD,0.598986835025,0.25451638624,0.344470448785,False,2,1.29999995232,0.94
3bl5 PO4 500 F,SO4,MG_PO4,0.366384640661,0.00958642016964,0.356798220491,False,10,2.90000009537,0.901
3bl5 PO4 500 E,SO4,MG_PO4,0.711405996425,0.00457526551022,0.706830730915,False,10,2.90000009537,0.937
3bl5 PO4 500 A,SO4,PO4,0.884948581384,0.0513967715886,0.833551809795,False,2,2.90000009537,0.946
3bl4 SO4 126 B,DMS,SO4,0.398770019456,0.379362554043,0.0194074654139,False,2,2.20000004768,0.944
3bl4 SO4 125 B,SO4,SO4,0.759796258077,0.759796258077,0.0,True,1,2.20000004768,0.936
3bl4 SO4 125 A,SO4,SO4,0.870065070081,0.870065070081,0.0,True,1,2.20000004768,0.959
3bl4 SO4 124 B,SO4,SO4,0.914215413256,0.914215413256,0.0,True,1,2.20000004768,0.955
3bl4 SO4 124 A,SO4,SO4,0.864424401969,0.864424401969,0.0,True,1,2.20000004768,0.973
3bkv SO4 602 A,SO4,SO4,0.870113759074,0.870113759074,0.0,True,1,2.59999990463,0.898
3bks PLM 400 A,PLM,PLM,0.427535804275,0.427535804275,0.0,True,1,2.09999990463,0.922
3bkr PLM 300 A,PLM,PLM,0.555587397377,0.555587397377,0.0,True,1,1.39999997616,0.839
3bkn EPE 502 D,CYC,EPE,0.241439029148,0.00556760802645,0.235871421122,False,26,2.70000004768,0.833
3bkn EPE 501 J,GOL,EPE,0.757571588647,0.00678800678838,0.750783581859,False,9,2.70000004768,0.783
3bkh SO4 502 A,SO4,SO4,0.812624022253,0.812624022253,0.0,True,1,2.5,0.941
3bkb SO4 3 A,SO4,SO4,0.905775269527,0.905775269527,0.0,True,1,1.79999995232,0.99
3bkb SO4 2 A,SO4,SO4,0.869355437328,0.869355437328,0.0,True,1,1.79999995232,0.99
3bk7 SF4 597 A,SF4,SF4,0.994148566623,0.994148566623,0.0,True,1,2.79999995232,0.984
3bk7 SF4 596 A,SF4,SF4,0.994363088637,0.994363088637,0.0,True,1,2.79999995232,0.983
3bk7 ADP 599 A,ADP_MG,ADP,0.564074480558,0.00666327834083,0.557411202217,False,11,2.79999995232,0.971
3bk2 SO4 947 A,SO4,SO4,0.67470983676,0.67470983676,0.0,True,1,2.09999990463,0.929
3bk1 SO4 947 A,SO4,SO4,0.722655399574,0.722655399574,0.0,True,1,2.29999995232,0.908
3bk1 SO4 945 A,SO4,SO4,0.356491627048,0.356491627048,0.0,True,1,2.29999995232,0.944
3bk0 SO4 3001 A,SO4,SO4,0.285309930122,0.285309930122,0.0,True,1,1.60000002384,0.792
3bk0 SO4 3000 A,SO4,SO4,0.754215319065,0.754215319065,0.0,True,1,1.60000002384,0.868
3bjz SO4 198 D,GOL,SO4,0.361066658837,0.104261286528,0.256805372309,False,2,2.40000009537,0.891
3bjz SO4 198 C,GOL,SO4,0.567661877138,0.0153629945946,0.552298882544,False,6,2.40000009537,0.875
3bjz SO4 198 B,GOL,SO4,0.381128633126,0.170548559744,0.210580073382,False,2,2.40000009537,0.889
3bjx SO4 301 D,SO4,SO4,0.41364211124,0.41364211124,0.0,True,1,2.29999995232,0.912
3bjx SO4 300 D,SO4,SO4,0.922579997258,0.922579997258,0.0,True,1,2.29999995232,0.961
3bjx SO4 300 C,SO4,SO4,0.575381002076,0.575381002076,0.0,True,1,2.29999995232,0.949
3bjx SO4 300 A,SO4,SO4,0.691102029555,0.691102029555,0.0,True,1,2.29999995232,0.898
3bjx SO4 299 D,SO4,SO4,0.73166035469,0.73166035469,0.0,True,1,2.29999995232,0.975
3bjx SO4 299 C,DMS,SO4,0.428438046366,0.312749049636,0.115688996731,False,2,2.29999995232,0.964
3bjx SO4 299 B,SO4,SO4,0.630904368131,0.630904368131,0.0,True,1,2.29999995232,0.928
3bjx SO4 299 A,SO4,SO4,0.441721002575,0.441721002575,0.0,True,1,2.29999995232,0.926
3bjx SO4 298 D,SO4,SO4,0.81781568623,0.81781568623,0.0,True,1,2.29999995232,0.942
3bjx SO4 298 C,SO4,SO4,0.837345379316,0.837345379316,0.0,True,1,2.29999995232,0.995
3bjx SO4 298 B,SO4,SO4,0.828897193013,0.828897193013,0.0,True,1,2.29999995232,0.992
3bjx SO4 298 A,SO4,SO4,0.795153564672,0.795153564672,0.0,True,1,2.29999995232,0.957
3bjx SO4 297 D,SO4,SO4,0.613380760334,0.613380760334,0.0,True,1,2.29999995232,0.987
3bjx SO4 297 C,SO4,SO4,0.907889510101,0.907889510101,0.0,True,1,2.29999995232,0.989
3bjx SO4 297 B,SO4,SO4,0.801197406832,0.801197406832,0.0,True,1,2.29999995232,0.99
3bjx SO4 297 A,SO4,SO4,0.639586423888,0.639586423888,0.0,True,1,2.29999995232,0.981
3bjk CIT 155 D,MPD,CIT,0.109512434678,0.0720997735728,0.0374126611049,False,4,1.89999997616,0.894
3bjk CIT 155 A,CIT,CIT,0.18140872918,0.18140872918,0.0,True,1,1.89999997616,0.849
3bjk CIT 1 A,CIT,CIT,0.524962523029,0.524962523029,0.0,True,1,1.89999997616,0.903
3bjg SO4 1 A,SO4,SO4,0.810599272258,0.810599272258,0.0,True,1,2.09999990463,0.985
3bjb SO4 320 A,SO4,SO4,0.481154795416,0.481154795416,0.0,True,1,2.5,0.912
3bjb SO4 319 A,SO4,SO4,0.65656715887,0.65656715887,0.0,True,1,2.5,0.849
3bjb SO4 318 C,SO4,SO4,0.23606864007,0.23606864007,0.0,True,1,2.5,0.759
3bjb SO4 316 C,NAG,SO4,0.573397100286,0.0298319837957,0.54356511649,False,3,2.5,0.883
3bjb SO4 315 C,SO4,SO4,0.881685354187,0.881685354187,0.0,True,1,2.5,0.892
3bjb SO4 314 B,EDO,SO4,0.143282809869,0.0804140132629,0.0628687966063,False,5,2.5,0.824
3bjb SO4 311 B,GOL,SO4,0.22166294602,0.0443186037478,0.177344342272,False,4,2.5,0.865
3bjb SO4 310 F,SO4,SO4,0.638161554989,0.638161554989,0.0,True,1,2.5,0.811
3bjb SO4 309 C,SO4,SO4,0.351854939634,0.351854939634,0.0,True,1,2.5,0.879
3bjb SO4 308 B,SO4,SO4,0.933115689716,0.933115689716,0.0,True,1,2.5,0.922
3bjb SO4 307 C,SO4,SO4_SO4,0.234824558637,0.00863789516821,0.226186663469,False,17,2.5,0.956
3bjb SO4 305 E,SO4,SO4,0.549060462741,0.549060462741,0.0,True,1,2.5,0.828
3bjb SO4 304 F,SO4,SO4,0.860749968382,0.860749968382,0.0,True,1,2.5,0.938
3bjb SO4 303 F,SO4,SO4,0.792198702595,0.792198702595,0.0,True,1,2.5,0.897
3bjb SO4 302 E,SO4,SO4,0.657509096279,0.657509096279,0.0,True,1,2.5,0.899
3bjb SO4 301 C,SO4,SO4,0.781762790695,0.781762790695,0.0,True,1,2.5,0.969
3bj6 EOH 153 B,EDO,EOH,0.695726453466,0.0219403106828,0.673786142783,False,4,2.0,0.953
3bj6 EOH 152 B,FMT,EOH,0.62388951353,0.0904717009244,0.533417812606,False,3,2.0,0.898
3bj6 EOH 151 B,FMT,EOH,0.434857049677,0.0186244075673,0.41623264211,False,6,2.0,0.952
3bj6 EOH 151 A,EDO,EOH,0.548274735845,0.00376306861567,0.544511667229,False,11,2.0,0.979
3bj6 EOH 150 A,EDO,EOH,0.541218878204,0.00307143177827,0.538147446426,False,14,2.0,0.872
3bj5 SO4 1 A,SO4,SO4,0.815666834143,0.815666834143,0.0,True,1,2.20000004768,0.875
3biv TYS 63 I,TYS,TYS,0.264463339517,0.264463339517,0.0,True,1,1.79999995232,0.937
3biu TYS 63 I,PLP,TYS,0.0464364431276,0.0383340225468,0.00810242058081,False,2,2.29999995232,0.911
3bio EPE 1001 B,EPE,EPE,0.970888893921,0.970888893921,0.0,True,1,1.70000004768,0.975
3bio EPE 1001 A,EPE,EPE,0.867266451733,0.867266451733,0.0,True,1,1.70000004768,0.973
3big PO4 401 A,SO4,PO4,0.762933002322,0.182590281941,0.580342720381,False,2,1.79999995232,0.921
3bif PO4 520 A,GOL,PO4,0.253569229532,0.0592205564648,0.194348673068,False,4,2.29999995232,0.998
3bif PO4 515 A,GOL,PO4,0.208982813968,0.0239053100421,0.185077503925,False,7,2.29999995232,0.992
3bi7 SO4 5 A,SO4,SO4,0.890178712483,0.890178712483,0.0,True,1,1.70000004768,0.986
3bhr PO4 268 A,SO4,PO4,0.568919065404,0.0292563621506,0.539662703253,False,4,1.89999997616,0.835
3bhr PO4 267 A,SO4,PO4,0.843475112301,0.129757320174,0.713717792127,False,2,1.89999997616,0.859
3bhm SO4 404 A,EDO,SO4,0.451367092922,0.0741356547935,0.377231438129,False,3,1.79999995232,0.914
3bhm SO4 403 A,SO4,SO4,0.521897973703,0.521897973703,0.0,True,1,1.79999995232,0.902
3bhm SO4 402 A,SO4,SO4,0.767510177256,0.767510177256,0.0,True,1,1.79999995232,0.891
3bhm SO4 401 A,SO4,SO4,0.552095665063,0.552095665063,0.0,True,1,1.79999995232,0.921
3bhm NAP 309 A,NDP,NAP,0.697276511995,0.232603805875,0.46467270612,False,2,1.79999995232,0.978
3bhl SO4 268 A,SO4,SO4,0.977769712694,0.977769712694,0.0,True,1,1.39999997616,0.96
3bhl SO4 267 B,SO4,SO4,0.980972500948,0.980972500948,0.0,True,1,1.39999997616,0.977
3bhj SO4 313 A,SO4,SO4,0.486141443349,0.486141443349,0.0,True,1,1.79999995232,0.931
3bhj SO4 311 A,SO4,SO4,0.57139167549,0.57139167549,0.0,True,1,1.79999995232,0.972
3bhj SO4 310 A,DMS,SO4,0.267949557752,0.170670098851,0.0972794589008,False,2,1.79999995232,0.96
3bhj NAP 309 A,NAD,NAP,0.43973347192,0.030722108332,0.409011363588,False,4,1.79999995232,0.987
3bhj GSH 315 A,NAD,GSH,0.105896624099,0.0881315710025,0.0177650530963,False,2,1.79999995232,0.955
3bhi NAP 309 A,NAP,NAP,0.73757280195,0.73757280195,0.0,True,1,2.29999995232,0.981
3bhg SO4 502 A,SO4,SO4,0.918017730079,0.918017730079,0.0,True,1,1.89999997616,0.95
3bhg SO4 501 A,SO4,SO4,0.741287290962,0.741287290962,0.0,True,1,1.89999997616,0.979
3bhd SO4 216 A,SO4,SO4,0.926095819967,0.926095819967,0.0,True,1,1.5,0.964
3bhd CIT 219 A,CIT,CIT,0.218010930371,0.218010930371,0.0,True,1,1.5,0.875
3bh6 GNP 1 A,GNP_MG,GNP_MG,0.56318420018,0.56318420018,0.0,True,1,2.59999990463,0.982
3bgx SO4 267 A,SO4,SO4,0.728794018706,0.728794018706,0.0,True,1,1.89999997616,0.858
3bgv SAH 316 C,SAH,SAH,0.570268202729,0.570268202729,0.0,True,1,2.29999995232,0.968
3bgv SAH 315 C,SAH,SAH,0.906713390115,0.906713390115,0.0,True,1,2.29999995232,0.957
3bgv SAH 314 C,SAH,SAH,0.587433192715,0.587433192715,0.0,True,1,2.29999995232,0.974
3bgv SAH 313 C,SAH,SAH,0.943643406683,0.943643406683,0.0,True,1,2.29999995232,0.956
3bgk PO4 278 A,PO4,PO4,0.408840236624,0.408840236624,0.0,True,1,2.29999995232,0.969
3bgi SAH 300 B,SAH,SAH,0.28090014029,0.28090014029,0.0,True,1,1.79999995232,0.964
3bgi SAH 300 A,SAH,SAH,0.398976712229,0.398976712229,0.0,True,1,1.79999995232,0.976
3bgh SO4 5 B,SO4,SO4,0.846396944389,0.846396944389,0.0,True,1,2.5,0.886
3bgh SO4 4 A,SO4,SO4,0.945759493281,0.945759493281,0.0,True,1,2.5,0.962
3bgh SO4 3 A,SO4,SO4,0.726145645979,0.726145645979,0.0,True,1,2.5,0.859
3bgh SO4 2 B,SO4,SO4,0.93349782789,0.93349782789,0.0,True,1,2.5,0.964
3bgh SO4 1 A,SO4,SO4,0.914797741125,0.914797741125,0.0,True,1,2.5,0.952
3bge SO4 3 B,SO4,SO4,0.756770707309,0.756770707309,0.0,True,1,1.89999997616,0.92
3bge SO4 2 B,SO4,SO4,0.950959719579,0.950959719579,0.0,True,1,1.89999997616,0.988
3bge SO4 1 A,SO4,SO4,0.933698300587,0.933698300587,0.0,True,1,1.89999997616,0.987
3bgd SAH 300 B,SAH,SAH,0.922413062537,0.922413062537,0.0,True,1,2.0,0.972
3bgd SAH 300 A,SAH,SAH,0.851297577962,0.851297577962,0.0,True,1,2.0,0.979
3bg8 SO4 611 A,SO4,SO4,0.962569628392,0.962569628392,0.0,True,1,1.60000002384,0.945
3bg8 SO4 610 A,SO4,SO4,0.320447980199,0.320447980199,0.0,True,1,1.60000002384,0.936
3bg8 SO4 608 A,SO4,SO4,0.56676479129,0.56676479129,0.0,True,1,1.60000002384,0.918
3bg5 ATP 2100 C,GDP_MG,ATP,0.32766147826,0.0228680904056,0.304793387855,False,7,2.70000004768,0.873
3bg5 ATP 2100 A,ADP,ATP,0.394385846595,0.0440348898902,0.350350956705,False,3,2.70000004768,0.799
3bfk GDP 200 E,GDP,GDP,0.944116994107,0.944116994107,0.0,True,1,1.79999995232,0.948
3bfk GDP 200 D,PLP,GDP,0.311186844703,0.00791894960693,0.303267895096,False,19,1.79999995232,0.95
3bfk GDP 200 C,GDP,GDP,0.737953659887,0.737953659887,0.0,True,1,1.79999995232,0.976
3bfk GDP 200 B,GDP,GDP,0.986519386147,0.986519386147,0.0,True,1,1.79999995232,0.975
3bfk GDP 200 A,GDP,GDP,0.838143170332,0.838143170332,0.0,True,1,1.79999995232,0.945
3bfi SO4 265 A,SO4,SO4,0.741271970089,0.741271970089,0.0,True,1,2.20000004768,0.846
3bfh PLM 121 A,PGE,PLM,0.160773515858,0.00307334799575,0.157700167862,False,32,2.0,0.612
3bfd CAC 4 D,SO4,CAC,0.401251117637,0.00166149682504,0.399589620811,False,113,2.0,0.982
3bfd CAC 3 C,SO4,CAC,0.44764822768,0.00116952386912,0.44647870381,False,79,2.0,0.977
3bfd CAC 2 B,SO4,CAC,0.166122419915,0.0037358686344,0.162386551281,False,36,2.0,0.981
3bfd CAC 1 A,MG_PO4,CAC,0.327133610891,0.00235026535182,0.32478334554,False,24,2.0,0.983
3bf5 PO4 288 B,SO4,PO4,0.436447492902,0.116634491426,0.319813001476,False,2,1.89999997616,0.947
3bf5 PGO 291 B,GOL,PGO,0.430342869725,0.000778862233425,0.429564007491,False,44,1.89999997616,0.738
3bf1 ADP 247 F,PLP,ADP,0.544712366866,0.0155522181839,0.529160148682,False,4,2.29999995232,0.928
3bf1 ADP 247 E,NAD,ADP,0.521448590754,0.00709894129012,0.514349649464,False,10,2.29999995232,0.912
3bf1 ADP 247 D,NAD,ADP,0.168944752601,0.00985526648502,0.159089486116,False,11,2.29999995232,0.906
3bf1 ADP 247 C,SO4,ADP,0.833477184246,0.000285860329922,0.833191323916,False,89,2.29999995232,0.89
3bf1 ADP 247 B,NAD,ADP,0.567631520275,0.00857403447245,0.559057485803,False,7,2.29999995232,0.887
3bf1 ADP 247 A,EPE,ADP,0.551926909995,0.00325212611871,0.548674783876,False,11,2.29999995232,0.871
3beu BEN 247 B,BEN,BEN,0.960260371506,0.960260371506,0.0,True,1,1.0,0.956
3beu BEN 247 A,BEN,BEN,0.960107010995,0.960107010995,0.0,True,1,1.0,0.981
3bes PO4 3 R,GOL,PO4,0.785440706465,0.00117121728521,0.78426948918,False,21,2.20000004768,0.679
3bes PO4 139 L,SO4,PO4,0.371772320138,0.0297629108725,0.342009409265,False,4,2.20000004768,0.916
3beq PO4 1000 A,GOL,PO4,0.391873947471,0.008142870153,0.383731077318,False,9,1.60000002384,0.677
3bel PO4 82 A,SO4,PO4,0.468707412948,0.0791635082072,0.38954390474,False,4,2.29999995232,0.961
3bel PO4 81 A,SO4,PO4,0.901075160652,0.0475565663697,0.853518594283,False,2,2.29999995232,0.961
3beh LDA 359 A,GOL,LDA,0.407029910608,0.0403886755496,0.366641235058,False,4,3.09999990463,0.84
3beh LDA 357 D,GOL,LDA,0.407517842891,0.0658433422003,0.341674500691,False,4,3.09999990463,0.88
3beh LDA 356 D,GOL,LDA,0.274229779546,0.000764430921221,0.273465348625,False,125,3.09999990463,0.885
3beg ANP 656 A,ATP,ANP,0.43834512518,0.11743002067,0.320915104511,False,2,2.90000009537,0.857
3bea SO4 4 A,SO4,SO4,0.631690274212,0.631690274212,0.0,True,1,2.0,0.973
3bea SO4 2 A,SO4,SO4,0.822944282497,0.822944282497,0.0,True,1,2.0,0.957
3bea SO4 1 A,SO4,SO4,0.879610795461,0.879610795461,0.0,True,1,2.0,0.949
3be8 PO4 624 B,SO4,PO4,0.784665347314,0.11400500073,0.670660346584,False,2,2.20000004768,0.986
3be3 SO4 200 B,SO4,SO4,0.876112047941,0.876112047941,0.0,True,1,2.0,0.978
3be3 SO4 200 A,SO4,SO4,0.936201838928,0.936201838928,0.0,True,1,2.0,0.985
3bdr PO4 201 A,GOL,PO4,0.324313386562,0.050707169879,0.273606216683,False,3,2.79999995232,0.843
3bdq PLM 302 A,EDO,PLM,0.215309010933,0.00144056300312,0.213868447929,False,35,2.0,0.834
3bdq PLM 301 B,SO4,PLM,0.161214721429,0.0691404068911,0.0920743145377,False,3,2.0,0.908
3bdq PLM 300 A,SO4,PLM,0.455994590268,0.00374946536303,0.452245124905,False,23,2.0,0.822
3bdp SO4 920 A,SO4,SO4,0.906403979147,0.906403979147,0.0,True,1,1.89999997616,0.945
3bdp SO4 915 A,GOL,SO4,0.3036921776,0.0357807743037,0.267911403296,False,6,1.89999997616,0.925
3bdp SO4 912 A,SO4,SO4,0.832366730814,0.832366730814,0.0,True,1,1.89999997616,0.951
3bdp SO4 910 A,SO4,SO4,0.88701591541,0.88701591541,0.0,True,1,1.89999997616,0.939
3bdl CIT 2003 A,CIT,CIT,0.33686057865,0.33686057865,0.0,True,1,1.79999995232,0.896
3bdl CIT 2002 A,CIT,CIT,0.261567377467,0.261567377467,0.0,True,1,1.79999995232,0.836
3bdl CIT 2001 A,CIT,CIT,0.606482293583,0.606482293583,0.0,True,1,1.79999995232,0.961
3bdl CIT 2000 A,CIT,CIT,0.500972611779,0.500972611779,0.0,True,1,1.79999995232,0.962
3bdg SO4 963 B,SO4,SO4,0.863226802323,0.863226802323,0.0,True,1,1.39999997616,0.951
3bdg SO4 962 B,SO4,SO4,0.960132724773,0.960132724773,0.0,True,1,1.39999997616,0.975
3bdg SO4 961 A,SO4,SO4,0.790962323772,0.790962323772,0.0,True,1,1.39999997616,0.951
3bdg SO4 959 B,SO4,SO4,0.931666737758,0.931666737758,0.0,True,1,1.39999997616,0.95
3bdf SO4 964 B,SO4,SO4,0.686536887082,0.686536887082,0.0,True,1,1.39999997616,0.934
3bdd PO4 143 A,SO4,PO4,0.737547259793,0.0403330712266,0.697214188566,False,3,2.20000004768,0.981
3bdd PO4 142 A,SO4,PO4,0.801525521809,0.0263252214199,0.775200300389,False,3,2.20000004768,0.957
3bd5 BTB 272 A,BTB,BTB,0.831312302512,0.831312302512,0.0,True,1,1.60000002384,0.819
3bd4 BTB 1 A,COA,BTB,0.129431730288,0.0270586086708,0.102373121617,False,7,2.40000009537,0.833
3bd3 BTB 1 B,CIT,BTB,0.237965701556,0.23265475913,0.00531094242558,False,2,1.60000002384,0.935
3bcm PO4 128 A,SO4,PO4,0.830301766585,0.0355849406255,0.794716825959,False,2,2.29999995232,0.969
3bcm PO4 127 A,SO4,PO4,0.556356391049,0.072761719125,0.483594671924,False,3,2.29999995232,0.955
3bcm PO4 126 B,SO4,PO4,0.801935686571,0.163605818632,0.638329867939,False,2,2.29999995232,0.987
3bcm PO4 125 A,SO4,PO4,0.71525795502,0.241002627192,0.474255327828,False,2,2.29999995232,0.985
3bcj NAP 318 A,NAP,NAP,0.674393265651,0.674393265651,0.0,True,1,0.800000011921,0.997
3bcb PO4 503 A,SO4,PO4,0.821962237168,0.112125789098,0.70983644807,False,2,1.89999997616,0.937
3bcb PO4 502 A,PO4,PO4,0.485722495234,0.485722495234,0.0,True,1,1.89999997616,0.97
3bc1 GNP 195 E,GNP_MG,GNP_MG,0.840581027369,0.840581027369,0.0,True,1,1.79999995232,0.987
3bc1 GNP 195 A,GNP_MG,GNP_MG,0.486719569229,0.486719569229,0.0,True,1,1.79999995232,0.98
3bbr SO4 265 B,SO4,SO4,0.335337849635,0.335337849635,0.0,True,1,2.29999995232,0.991
3bbr SO4 265 A,SO4,SO4,0.510793951172,0.510793951172,0.0,True,1,2.29999995232,0.938
3bbr SO4 264 A,SO4,SO4,0.906807704548,0.906807704548,0.0,True,1,2.29999995232,0.989
3bbm SO4 14 A,SO4,SO4,0.725670794756,0.725670794756,0.0,True,1,2.70000004768,0.736
3bbm NCO 3 C,SO4,NCO,0.503894228074,0.03777449282,0.466119735254,False,4,2.70000004768,0.888
3bbm NCO 1 C,NCO,NCO,0.684232979069,0.684232979069,0.0,True,1,2.70000004768,0.972
3bbk SO4 104 A,SO4,SO4,0.904785524289,0.904785524289,0.0,True,1,2.79999995232,0.838
3bbk NCO 103 C,GOL,NCO,0.315414800381,0.0153298967506,0.300084903631,False,7,2.79999995232,0.766
3bbk NCO 102 B,SO4,NCO,0.526650266223,0.00420977676893,0.522440489454,False,12,2.79999995232,0.698
3bbk NCO 101 B,NCO,NCO,0.808924948832,0.808924948832,0.0,True,1,2.79999995232,0.982
3bbj SO4 273 B,SO4,SO4,0.64157866093,0.64157866093,0.0,True,1,2.20000004768,0.967
3bbj SO4 272 B,SO4,SO4,0.907319002874,0.907319002874,0.0,True,1,2.20000004768,0.987
3bbj SO4 272 A,SO4,SO4,0.405336999514,0.405336999514,0.0,True,1,2.20000004768,0.934
3bbi SO4 103 A,GOL,SO4,0.35631807843,0.0619774222483,0.294340656182,False,4,2.40000009537,0.897
3bbi NCO 101 C,NCO,NCO,0.784434344301,0.784434344301,0.0,True,1,2.40000009537,0.956
3bbf GDP 160 C,ADP_MG,GDP_MG,0.364756518821,0.00500656253711,0.359749956284,False,15,1.70000004768,0.97
3bbf GDP 160 B,NAD,GDP_MG,0.459172555524,0.0236718412969,0.435500714227,False,7,1.70000004768,0.948
3bbf GDP 160 A,NAD,GDP_MG,0.15751950131,0.00801962129548,0.149499880015,False,15,1.70000004768,0.964
3bbd SAH 207 B,PLP,SAH,0.116546691353,0.00842957384578,0.108117117507,False,22,2.20000004768,0.849
3bbd SAH 206 A,FMN,SAH,0.120873082183,0.025744917806,0.0951281643769,False,6,2.20000004768,0.884
3bb5 CIT 104 F,NAG,CIT,0.284235131257,0.026609139415,0.257625991842,False,5,2.29999995232,0.81
3bb5 CIT 104 E,ADP,CIT,0.0922155978178,0.0249180545108,0.067297543307,False,8,2.29999995232,0.918
3bb5 CIT 104 C,CIT,CIT,0.14538982812,0.14538982812,0.0,True,1,2.29999995232,0.907
3bb5 CIT 103 D,NAG,CIT,0.409364883102,0.0252436279444,0.384121255158,False,8,2.29999995232,0.899
3bb5 CIT 103 B,CIT,CIT,0.116141039976,0.116141039976,0.0,True,1,2.29999995232,0.921
3bb4 GNP 264 A,ATP,GNP_MG,0.409199600809,0.0115080227042,0.397691578104,False,5,2.79999995232,0.956
3bb3 GDP 281 A,GDP_MG,GDP_MG,0.668056163175,0.668056163175,0.0,True,1,2.90000009537,0.962
3bb1 GNP 281 H,GNP_MG,GNP_MG,0.411664841124,0.411664841124,0.0,True,1,2.79999995232,0.966
3bb1 GNP 281 G,ATP_MG,GNP_MG,0.254595206397,0.0916436530053,0.162951553392,False,5,2.79999995232,0.97
3bb1 GNP 281 F,GNP_MG,GNP_MG,0.675151815219,0.675151815219,0.0,True,1,2.79999995232,0.98
3bb1 GNP 281 E,GNP_MG,GNP_MG,0.546000787388,0.546000787388,0.0,True,1,2.79999995232,0.98
3bb1 GNP 281 D,ANP_MG,GNP_MG,0.548348376058,0.0490116833785,0.49933669268,False,5,2.79999995232,0.981
3bb1 GNP 281 C,GNP_MG,GNP_MG,0.518040118713,0.518040118713,0.0,True,1,2.79999995232,0.982
3bb1 GNP 281 B,GNP_MG,GNP_MG,0.316177231428,0.316177231428,0.0,True,1,2.79999995232,0.979
3bb1 GNP 281 A,GNP_MG,GNP_MG,0.792774912372,0.792774912372,0.0,True,1,2.79999995232,0.976
3bb0 SO4 900 A,SO4,SO4,0.752810155791,0.752810155791,0.0,True,1,1.5,0.971
3baz NAP 500 A,NDP,NAP,0.66583034218,0.0519956069178,0.613834735262,False,3,2.20000004768,0.944
3baj NO3 501 A,SO4,NO3,0.77052526497,0.0605565169136,0.709968748056,False,2,2.09999990463,0.986
3bai NO3 500 A,SO4,NO3,0.266349277464,0.177896815521,0.0884524619429,False,2,1.89999997616,0.973
3bad SO4 141 B,SO4,SO4,0.944061406909,0.944061406909,0.0,True,1,2.0,0.89
3bad SO4 141 A,SO4,SO4,0.8586589164,0.8586589164,0.0,True,1,2.0,0.948
3ba3 SO4 145 A,SO4,SO4,0.927023826802,0.927023826802,0.0,True,1,1.60000002384,0.961
3ba2 SO4 156 A,ACT,SO4,0.283055639518,0.223309942621,0.0597456968971,False,2,1.79999995232,0.957
3ba2 SO4 155 A,SO4,SO4,0.60945260976,0.60945260976,0.0,True,1,1.79999995232,0.97
3ba2 SO4 154 A,SO4,SO4,0.933511098695,0.933511098695,0.0,True,1,1.79999995232,0.988
3b9u SO4 141 A,SO4,SO4,0.931457230413,0.931457230413,0.0,True,1,1.5,0.97
3b9s SO4 116 A,SO4,SO4,0.372257723244,0.372257723244,0.0,True,1,1.79999995232,0.85
3b9s SO4 115 B,SO4,SO4,0.255915373848,0.255915373848,0.0,True,1,1.79999995232,0.734
3b9s SO4 115 A,SO4,SO4,0.93688193058,0.93688193058,0.0,True,1,1.79999995232,0.95
3b9h PO4 268 A,SO4,PO4,0.47442961055,0.0847839680655,0.389645642485,False,3,2.5,0.923
3b9h PO4 267 A,SO4,PO4,0.8381744592,0.0959541901021,0.742220269098,False,2,2.5,0.961
3b9f SO4 781 H,SO4,SO4,0.597440600003,0.597440600003,0.0,True,1,1.60000002384,0.865
3b9f SO4 388 I,SO4,SO4,0.437056210759,0.437056210759,0.0,True,1,1.60000002384,0.96
3b9c SO4 138 D,SO4,SO4,0.754835381758,0.754835381758,0.0,True,1,1.79999995232,0.986
3b9c SO4 138 B,SO4,SO4,0.917310847043,0.917310847043,0.0,True,1,1.79999995232,0.961
3b9c SO4 138 A,SO4,SO4,0.90834815564,0.90834815564,0.0,True,1,1.79999995232,0.994
3b9c SO4 137 D,SO4,SO4,0.909571785751,0.909571785751,0.0,True,1,1.79999995232,0.98
3b9c SO4 137 C,SO4,SO4,0.954154277118,0.954154277118,0.0,True,1,1.79999995232,0.959
3b9c SO4 137 B,SO4,SO4,0.942384698679,0.942384698679,0.0,True,1,1.79999995232,0.98
3b9c SO4 137 A,SO4,SO4,0.964527062901,0.964527062901,0.0,True,1,1.79999995232,0.939
3b91 NCO 101 C,NCO,NCO,0.542396549779,0.542396549779,0.0,True,1,2.79999995232,0.953
3b90 SO4 722 A,SO4,SO4,0.455787163491,0.455787163491,0.0,True,1,2.09999990463,0.984
3b90 SO4 721 B,SO4,SO4,0.451109015644,0.451109015644,0.0,True,1,2.09999990463,0.954
3b8w SO4 362 B,SO4,SO4,0.948266468208,0.948266468208,0.0,True,1,2.70000004768,0.956
3b8w SO4 361 B,SO4,SO4,0.878122766212,0.878122766212,0.0,True,1,2.70000004768,0.976
3b8w SO4 361 A,SO4,SO4,0.568325377277,0.568325377277,0.0,True,1,2.70000004768,0.922
3b8w SO4 360 C,SO4,SO4,0.849076003416,0.849076003416,0.0,True,1,2.70000004768,0.952
3b8w SO4 360 A,SO4,SO4,0.91204933784,0.91204933784,0.0,True,1,2.70000004768,0.932
3b8v SO4 363 B,SO4,SO4,0.849182142055,0.849182142055,0.0,True,1,2.59999990463,0.938
3b8v SO4 363 A,SO4,SO4,0.849974281508,0.849974281508,0.0,True,1,2.59999990463,0.907
3b8v SO4 362 C,SO4,SO4,0.729257091112,0.729257091112,0.0,True,1,2.59999990463,0.939
3b8v SO4 362 B,SO4,SO4,0.940309262341,0.940309262341,0.0,True,1,2.59999990463,0.894
3b8v SO4 362 A,SO4,SO4,0.589558787724,0.589558787724,0.0,True,1,2.59999990463,0.892
3b8v SO4 361 C,SO4,SO4,0.854151847328,0.854151847328,0.0,True,1,2.59999990463,0.976
3b8v SO4 361 B,SO4,SO4,0.913684088599,0.913684088599,0.0,True,1,2.59999990463,0.978
3b8v SO4 361 A,SO4,SO4,0.911258245448,0.911258245448,0.0,True,1,2.59999990463,0.888
3b8v SO4 360 B,SO4,SO4,0.620604745775,0.620604745775,0.0,True,1,2.59999990463,0.858
3b8u SO4 362 B,SO4,SO4,0.900614077098,0.900614077098,0.0,True,1,3.0,0.934
3b8u SO4 361 C,SO4,SO4,0.791323962141,0.791323962141,0.0,True,1,3.0,0.969
3b8u SO4 361 B,SO4,SO4,0.810139850313,0.810139850313,0.0,True,1,3.0,0.97
3b8u SO4 361 A,SO4,SO4,0.762741766596,0.762741766596,0.0,True,1,3.0,0.951
3b8u SO4 360 B,SO4,SO4,0.297349011603,0.297349011603,0.0,True,1,3.0,0.897
3b8u SO4 360 A,EDO,SO4,0.483718417401,0.0405763800849,0.443142037317,False,4,3.0,0.926
3b8t SO4 361 B,SO4,SO4,0.831120766234,0.831120766234,0.0,True,1,3.0,0.899
3b8t SO4 360 C,SO4,SO4,0.702759076422,0.702759076422,0.0,True,1,3.0,0.947
3b8t SO4 360 B,SO4,SO4,0.750144608755,0.750144608755,0.0,True,1,3.0,0.971
3b8t SO4 360 A,SO4,SO4,0.759042030812,0.759042030812,0.0,True,1,3.0,0.95
3b8t KCX 122 D,SO4,KCX,0.0960697159546,0.0827191605084,0.0133505554462,False,3,3.0,0.879
3b8t KCX 122 C,SO4,KCX,0.571970970499,0.000875603028191,0.571095367471,False,51,3.0,0.96
3b8t KCX 122 B,SO4,KCX,0.927595156617,0.000161990069573,0.927433166548,False,18,3.0,0.923
3b8t KCX 122 A,SO4,KCX,0.878513759019,0.000866141532797,0.877647617486,False,11,3.0,0.925
3b8h NAD 702 F,NAD,NAD,0.683586596891,0.683586596891,0.0,True,1,2.40000009537,0.964
3b8h NAD 701 D,NAD,NAD,0.62031684351,0.62031684351,0.0,True,1,2.40000009537,0.957
3b8h NAD 700 B,NAD,NAD,0.879006775595,0.879006775595,0.0,True,1,2.40000009537,0.963
3b8d SO4 4002 D,SO4,SO4,0.709343492439,0.709343492439,0.0,True,1,2.0,0.821
3b8d SO4 4001 C,SO4,SO4,0.475086210495,0.475086210495,0.0,True,1,2.0,0.927
3b8b SO4 274 A,SO4,SO4,0.841787206166,0.841787206166,0.0,True,1,1.70000004768,0.909
3b8b SO4 273 A,SO4,SO4,0.728633280853,0.728633280853,0.0,True,1,1.70000004768,0.901
3b8b SO4 272 A,MPD,SO4,0.777769979549,0.0306068154528,0.747163164096,False,3,1.70000004768,0.796
3b8b SO4 271 A,SO4,SO4,0.654379051851,0.654379051851,0.0,True,1,1.70000004768,0.851
3b8b SO4 270 A,SO4,SO4,0.857761572741,0.857761572741,0.0,True,1,1.70000004768,0.941
3b8b SO4 269 A,SO4,SO4,0.554802248292,0.554802248292,0.0,True,1,1.70000004768,0.963
3b8a SO4 502 X,SO4,SO4,0.911626228447,0.911626228447,0.0,True,1,3.0,0.991
3b8a BGC 501 X,GLC,BGC,0.792269396733,0.0633475574531,0.72892183928,False,2,3.0,0.96
3b85 SO4 405 A,PEG,SO4,0.111134006078,0.103868827792,0.00726517828575,False,2,2.40000009537,0.902
3b85 SO4 403 B,SO4,SO4,0.892083062192,0.892083062192,0.0,True,1,2.40000009537,0.993
3b85 SO4 402 B,PEG,SO4,0.130630104528,0.0866561498953,0.0439739546325,False,4,2.40000009537,0.862
3b85 SO4 401 A,SO4,SO4,0.886264836399,0.886264836399,0.0,True,1,2.40000009537,0.99
3b82 NAD 701 D,NAD,NAD,0.36991523524,0.36991523524,0.0,True,1,2.40000009537,0.957
3b82 NAD 700 B,NAD,NAD,0.39247202698,0.39247202698,0.0,True,1,2.40000009537,0.956
3b7q PO4 313 B,SO4,PO4,0.590728428231,0.0485536146514,0.54217481358,False,2,2.0,0.964
3b7q PO4 313 A,SO4,PO4,0.652044832683,0.0564910908074,0.595553741875,False,3,2.0,0.953
3b7q PO4 312 B,SO4,PO4,0.596655233377,0.0656293572191,0.531025876157,False,3,2.0,0.914
3b7q PO4 312 A,SO4,PO4,0.317969142748,0.0315178497047,0.286451293043,False,7,2.0,0.882
3b7q PO4 311 B,SO4,PO4,0.970368679827,0.00995195185837,0.960416727969,False,2,2.0,0.939
3b7q PO4 311 A,SO4,PO4,0.743259995479,0.0779602621282,0.665299733351,False,3,2.0,0.968
3b7n PO4 312 A,SO4,PO4,0.635430741224,0.18283802181,0.452592719414,False,2,1.89999997616,0.909
3b7n PO4 311 A,SO4,PO4,0.874172862658,0.0423122424568,0.831860620202,False,2,1.89999997616,0.929
3b7g ANP 300 B,ATP_MG,ANP,0.373709088305,0.00185580054127,0.371853287764,False,23,1.89999997616,0.914
3b7g ANP 300 A,ATP_MG,ANP,0.503933381344,0.00431887772867,0.499614503616,False,20,1.89999997616,0.935
3b78 NAD 702 F,NAD,NAD,0.961262756676,0.961262756676,0.0,True,1,2.5,0.977
3b78 NAD 701 D,NAD,NAD,0.503476638954,0.503476638954,0.0,True,1,2.5,0.976
3b78 NAD 700 B,NAD,NAD,0.555838775694,0.555838775694,0.0,True,1,2.5,0.972
3b73 SO4 109 B,SO4,SO4,0.909111925878,0.909111925878,0.0,True,1,2.09999990463,0.975
3b73 SO4 109 A,SO4,SO4,0.852440527635,0.852440527635,0.0,True,1,2.09999990463,0.97
3b72 MPD 1 A,SO4,MPD,0.543202800605,0.0157495173663,0.527453283239,False,5,1.5,0.79
3b70 NAP 372 A,NAP,NAP,0.562945453367,0.562945453367,0.0,True,1,1.89999997616,0.981
3b6y SO4 197 B,SO4,SO4,0.524097343355,0.524097343355,0.0,True,1,2.29999995232,0.869
3b6y SO4 197 A,SO4,SO4,0.575208360416,0.575208360416,0.0,True,1,2.29999995232,0.838
3b6w SO4 904 B,SO4,SO4,0.845794301526,0.845794301526,0.0,True,1,1.70000004768,0.965
3b6w SO4 903 A,SO4,SO4,0.681748884154,0.681748884154,0.0,True,1,1.70000004768,0.957
3b6w SO4 902 C,SO4,SO4,0.912667437914,0.912667437914,0.0,True,1,1.70000004768,0.958
3b6w SO4 901 A,SO4,SO4,0.901100485377,0.901100485377,0.0,True,1,1.70000004768,0.942
3b6t SO4 901 A,SO4,SO4,0.934827690487,0.934827690487,0.0,True,1,2.09999990463,0.964
3b6q SO4 901 A,SO4,SO4,0.945428386585,0.945428386585,0.0,True,1,2.0,0.975
3b6j NAD 201 B,ADP,NAD,0.252775212032,0.00223079759515,0.250544414437,False,54,2.09999990463,0.952
3b6j NAD 201 A,AMP,NAD,0.0648902964402,0.00699412077659,0.0578961756636,False,27,2.09999990463,0.942
3b5s NCO 101 C,NCO,NCO,0.740680985038,0.740680985038,0.0,True,1,2.20000004768,0.958
3b5q EPE 504 B,SO4,EPE,0.620571006984,0.000371489667165,0.620199517317,False,190,2.40000009537,0.901
3b5q EPE 503 B,SO4,EPE,0.690431274773,0.0186065110158,0.671824763757,False,4,2.40000009537,0.957
3b5q EPE 502 B,MES,EPE,0.704649217791,0.0716875697051,0.632961648085,False,2,2.40000009537,0.967
3b5m SO4 204 D,SO4,SO4,0.757996145012,0.757996145012,0.0,True,1,1.20000004768,0.965
3b5l SO4 196 B,SO4,SO4,0.787345142624,0.787345142624,0.0,True,1,1.79999995232,0.862
3b5l SO4 195 B,SO4,SO4,0.697588863087,0.697588863087,0.0,True,1,1.79999995232,0.992
3b5i SAH 401 B,SAH,SAH,0.492465832233,0.492465832233,0.0,True,1,2.70000004768,0.952
3b5i SAH 401 A,CRO,SAH,0.140882937325,0.0197554915101,0.121127445815,False,9,2.70000004768,0.966
3b5f NCO 102 B,SO4,NCO,0.50686200135,0.0110823752134,0.495779626137,False,6,2.70000004768,0.857
3b5f NCO 101 B,NCO,NCO,0.872585330023,0.872585330023,0.0,True,1,2.70000004768,0.984
3b5e SO4 223 B,SO4,SO4,0.733819046552,0.733819046552,0.0,True,1,1.79999995232,0.986
3b5e SO4 223 A,SO4,SO4,0.487254996507,0.487254996507,0.0,True,1,1.79999995232,0.98
3b5a SO4 103 A,SO4,SO4,0.86277095323,0.86277095323,0.0,True,1,2.40000009537,0.868
3b5a NCO 102 B,SO4,NCO,0.653859264723,0.0283176315522,0.625541633171,False,3,2.40000009537,0.866
3b5a NCO 101 B,NCO,NCO,0.987116437246,0.987116437246,0.0,True,1,2.40000009537,0.978
3b58 SO4 14 A,SO4,SO4,0.652760770119,0.652760770119,0.0,True,1,2.59999990463,0.79
3b58 NCO 32 B,GOL,NCO,0.465576736037,0.00131408937299,0.464262646664,False,31,2.59999990463,0.771
3b58 NCO 1 C,NCO,NCO,0.607350867175,0.607350867175,0.0,True,1,2.59999990463,0.958
3b54 PO4 154 B,SO4,PO4,0.842512627147,0.0210439000638,0.821468727083,False,3,3.0,0.894
3b54 PO4 154 A,SO4,PO4,0.882468012343,0.0169758758199,0.865492136524,False,3,3.0,0.895
3b53 SF4 1001 X,SF4,SF4,0.993242578673,0.993242578673,0.0,True,1,1.5,0.996
3b52 SF4 1001 X,SF4,SF4,0.994410253298,0.994410253298,0.0,True,1,1.5,0.998
3b51 SF4 1001 X,F3S,SF4,0.778771739125,0.135288121708,0.643483617418,False,2,1.39999997616,0.998
3b4w SO4 802 A,SO4,SO4,0.735445543435,0.735445543435,0.0,True,1,1.70000004768,0.87
3b4w SO4 801 A,SO4,SO4,0.92582707741,0.92582707741,0.0,True,1,1.70000004768,0.952
3b4w NAD 500 A,NAD,NAD,0.944166244913,0.944166244913,0.0,True,1,1.70000004768,0.951
3b4w EOH 702 A,EDO,EOH,0.467013974336,0.00103405049994,0.465979923836,False,45,1.70000004768,0.966
3b4w EOH 701 A,GOL,EOH,0.385871373992,0.0023106496681,0.383560724324,False,16,1.70000004768,0.671
3b4v SO4 238 C,SO4,SO4,0.888396182414,0.888396182414,0.0,True,1,2.5,0.927
3b4t PO4 260 F,SO4,PO4,0.747351743602,0.0965858750938,0.650765868508,False,2,2.09999990463,0.89
3b4t PO4 260 D,SO4,PO4,0.557970243956,0.379025989783,0.178944254173,False,2,2.09999990463,0.948
3b4t PO4 260 C,SO4,PO4,0.633101300811,0.316600189597,0.316501111215,False,2,2.09999990463,0.99
3b4t PO4 260 A,SO4,PO4,0.586174502262,0.368852555554,0.217321946708,False,2,2.09999990463,0.981
3b4t PO4 259 F,SO4,PO4,0.5896604779,0.325944896123,0.263715581777,False,2,2.09999990463,0.969
3b4t PO4 259 E,SO4,PO4,0.63998918507,0.31384300294,0.32614618213,False,2,2.09999990463,0.983
3b4t PO4 259 D,SO4,PO4,0.881919366765,0.0452567538416,0.836662612923,False,2,2.09999990463,0.951
3b4t PO4 259 C,SO4,PO4,0.865563319629,0.0601128949255,0.805450424703,False,2,2.09999990463,0.938
3b4t PO4 259 B,PO4,PO4,0.510727120026,0.510727120026,0.0,True,1,2.09999990463,0.991
3b4t PO4 259 A,SO4,PO4,0.78958318218,0.057235765508,0.732347416672,False,3,2.09999990463,0.92
3b4q SO4 1 A,SO4,SO4,0.938089262684,0.938089262684,0.0,True,1,1.60000002384,0.983
3b4n SO4 721 B,SO4,SO4,0.858094923046,0.858094923046,0.0,True,1,1.5,0.971
3b3f SAH 481 D,SAH,SAH,0.971687864886,0.971687864886,0.0,True,1,2.20000004768,0.958
3b2u SO4 214 X,SO4,SO4,0.726380199682,0.726380199682,0.0,True,1,2.59999990463,0.876
3b2u SO4 214 U,SO4,SO4,0.761062272493,0.761062272493,0.0,True,1,2.59999990463,0.937
3b2u SO4 214 O,SO4,SO4,0.700445558286,0.700445558286,0.0,True,1,2.59999990463,0.957
3b2u SO4 214 K,SO4,SO4,0.849426449751,0.849426449751,0.0,True,1,2.59999990463,0.905
3b2u SO4 214 G,SO4,SO4,0.48721966672,0.48721966672,0.0,True,1,2.59999990463,0.945
3b2u SO4 1 V,SO4,SO4,0.728012496439,0.728012496439,0.0,True,1,2.59999990463,0.966
3b2u SO4 1 E,SO4,SO4,0.630353030269,0.630353030269,0.0,True,1,2.59999990463,0.904
3b2u SO4 1 A,SO4,SO4,0.526247331568,0.526247331568,0.0,True,1,2.59999990463,0.951
3b2u MAN 3284 M,NAG,MAN,0.278349838509,0.00754224109556,0.270807597414,False,17,2.59999990463,0.655
3b2u MAN 3284 E,SO4,MAN,0.197041339881,0.028567176489,0.168474163392,False,8,2.59999990463,0.889
3b2u BMA 3283 V,GOL,BMA,0.158204184446,0.0510370127302,0.107167171716,False,4,2.59999990463,0.896
3b2t PO4 2 B,EDO,PO4,0.708306320719,0.0292787693197,0.679027551399,False,4,1.39999997616,0.656
3b2t PO4 2 A,PO4,PO4,0.749367126243,0.749367126243,0.0,True,1,1.39999997616,0.973
3b2t PO4 1 B,PO4,PO4,0.839911710682,0.839911710682,0.0,True,1,1.39999997616,0.98
3b2t PO4 1 A,SO4,PO4,0.820250998538,0.0431091025695,0.777141895969,False,3,1.39999997616,0.8
3b2l PLM 150 A,SO4,PLM,0.462614735493,0.00082228696415,0.461792448529,False,54,2.29999995232,0.768
3b2j PLM 150 A,GOL,PLM,0.313439874098,0.00151334759123,0.311926526506,False,81,2.0,0.867
3b2i PLM 150 A,GOL,PLM,0.457072518043,0.00130702952003,0.455765488523,False,28,1.89999997616,0.72
3b2h PLM 150 A,GOL,PLM,0.406431101624,0.00070372419452,0.40572737743,False,105,1.5,0.727
3b2e ADP 401 D,ATP,ADP,0.411029762773,0.335477199593,0.0755525631799,False,2,3.0,0.84
3b2e ADP 401 C,AGS,ADP,0.32215898071,0.203957579801,0.118201400908,False,2,3.0,0.875
3b2e ADP 401 B,ADP_MG,ADP,0.504650430265,0.0648152379197,0.439835192345,False,4,3.0,0.93
3b2e ADP 401 A,ADP,ADP,0.494876515001,0.494876515001,0.0,True,1,3.0,0.918
3b29 GSH 201 A,ANP_MG,GSH,0.131675775743,0.0644632614335,0.0672125143091,False,4,3.20000004768,0.977
3b20 SO4 6340 R,SO4,SO4,0.29953598206,0.29953598206,0.0,True,1,2.40000009537,0.902
3b20 SO4 6339 R,SO4,SO4,0.237173056836,0.237173056836,0.0,True,1,2.40000009537,0.952
3b20 SO4 5340 Q,SO4,SO4,0.364618547902,0.364618547902,0.0,True,1,2.40000009537,0.928
3b20 SO4 5339 Q,GOL,SO4,0.290740791392,0.245011446786,0.0457293446061,False,2,2.40000009537,0.909
3b20 SO4 4340 P,SO4,SO4,0.450336599679,0.450336599679,0.0,True,1,2.40000009537,0.923
3b20 SO4 4339 P,SO4,SO4,0.479041156976,0.479041156976,0.0,True,1,2.40000009537,0.966
3b20 SO4 3340 O,SO4,SO4,0.371300679507,0.371300679507,0.0,True,1,2.40000009537,0.907
3b20 SO4 3339 O,SO4,SO4,0.614964442465,0.614964442465,0.0,True,1,2.40000009537,0.977
3b20 SO4 2340 B,SO4,SO4,0.551619431417,0.551619431417,0.0,True,1,2.40000009537,0.96
3b20 SO4 2339 B,SO4,SO4,0.682005997128,0.682005997128,0.0,True,1,2.40000009537,0.983
3b20 SO4 1340 A,SO4,SO4,0.439387724832,0.439387724832,0.0,True,1,2.40000009537,0.947
3b20 SO4 1339 A,SO4,SO4,0.643939529208,0.643939529208,0.0,True,1,2.40000009537,0.987
3b20 NAD 340 R,NAP,NAD,0.155257395491,0.0605631964523,0.0946941990387,False,4,2.40000009537,0.89
3b20 NAD 340 Q,NAP,NAD,0.1408989048,0.0962463890866,0.0446525157132,False,2,2.40000009537,0.871
3b20 NAD 340 P,FDA,NAD,0.126890929659,0.0804140512315,0.046476878428,False,4,2.40000009537,0.866
3b20 NAD 340 O,NAD,NAD,0.463621933037,0.463621933037,0.0,True,1,2.40000009537,0.94
3b20 NAD 340 B,NAD,NAD,0.624518321928,0.624518321928,0.0,True,1,2.40000009537,0.937
3b20 NAD 340 A,NAD,NAD,0.341012632219,0.341012632219,0.0,True,1,2.40000009537,0.931
3b1z SO4 300 A,SO4,SO4,0.807892313951,0.807892313951,0.0,True,1,2.59999990463,0.962
3b1x GNP 300 B,GNP_MG,GNP_MG,0.883519345953,0.883519345953,0.0,True,1,2.59999990463,0.973
3b1x GNP 300 A,GNP_MG,GNP_MG,0.927260940818,0.927260940818,0.0,True,1,2.59999990463,0.981
3b1u SO4 907 A,SO4,SO4,0.78338641123,0.78338641123,0.0,True,1,2.09999990463,0.882
3b1u SO4 906 A,SO4,SO4,0.884453771423,0.884453771423,0.0,True,1,2.09999990463,0.965
3b1u SO4 905 A,SO4,SO4,0.926495296695,0.926495296695,0.0,True,1,2.09999990463,0.942
3b1t SO4 907 A,SO4,SO4,0.160389857925,0.160389857925,0.0,True,1,2.5,0.904
3b1t SO4 906 A,SO4,SO4,0.822494167566,0.822494167566,0.0,True,1,2.5,0.909
3b1t SO4 905 A,SO4,SO4,0.904365652394,0.904365652394,0.0,True,1,2.5,0.964
3b1p ADP 402 A,ADP,ADP,0.148182031775,0.148182031775,0.0,True,1,1.70000004768,0.981
3b1n ADP 402 B,ADP,ADP,0.227083140848,0.227083140848,0.0,True,1,1.60000002384,0.981
3b1n ADP 402 A,ADP,ADP,0.225764195444,0.225764195444,0.0,True,1,1.60000002384,0.987
3b1k NAD 340 H,NAD,NAD,0.110758866235,0.110758866235,0.0,True,1,3.29999995232,0.964
3b1k NAD 340 G,NAD,NAD,0.540208002267,0.540208002267,0.0,True,1,3.29999995232,0.954
3b1k NAD 340 B,NDP,NAD,0.115126714911,0.0045749283992,0.110551786512,False,48,3.29999995232,0.936
3b1k NAD 340 A,NAD,NAD,0.322101080877,0.322101080877,0.0,True,1,3.29999995232,0.952
3b1j NAD 340 B,NAD,NAD,0.947206333636,0.947206333636,0.0,True,1,2.20000004768,0.963
3b1j NAD 340 A,NAD,NAD,0.84629456851,0.84629456851,0.0,True,1,2.20000004768,0.968
3b1f NAD 1001 A,NDP,NAD,0.406872893977,0.115202707252,0.291670186725,False,3,2.09999990463,0.809
3b1e EPE 503 C,MES,EPE,0.317213428216,0.0678634507695,0.249349977447,False,4,1.79999995232,0.942
3b1e EPE 503 A,SO4,EPE,0.360064675849,0.00348558798767,0.356579087862,False,16,1.79999995232,0.885
3b1e EPE 502 D,EPE,EPE,0.441309573097,0.441309573097,0.0,True,1,1.79999995232,0.961
3b1e EPE 502 C,EPE,EPE,0.577837627705,0.577837627705,0.0,True,1,1.79999995232,0.957
3b1e EPE 502 B,MES,EPE,0.435746527768,0.185728784191,0.250017743577,False,2,1.79999995232,0.948
3b1e EPE 502 A,SO4,EPE,0.102279524695,0.0958424040888,0.00643712060645,False,2,1.79999995232,0.947
3b1e EPE 501 D,EPE,EPE,0.298564372118,0.298564372118,0.0,True,1,1.79999995232,0.969
3b1e EPE 501 C,EPE,EPE,0.822252472572,0.822252472572,0.0,True,1,1.79999995232,0.972
3b1e EPE 501 B,EPE,EPE,0.914752266223,0.914752266223,0.0,True,1,1.79999995232,0.971
3b1e EPE 501 A,EPE,EPE,0.721229244182,0.721229244182,0.0,True,1,1.79999995232,0.975
3b1d EPE 603 A,ACT,EPE,0.692802815404,0.00328006162107,0.689522753783,False,9,1.70000004768,0.908
3b1d EPE 602 D,DMS,EPE,0.236338019121,0.0895001588466,0.146837860274,False,3,1.70000004768,0.919
3b1d EPE 602 A,DMS,EPE,0.196028824879,0.0194107122901,0.176618112589,False,8,1.70000004768,0.862
3b1d EPE 601 C,EPE,EPE,0.34755510092,0.34755510092,0.0,True,1,1.70000004768,0.927
3b1d EPE 601 B,CXS,EPE,0.170805121557,0.166157157331,0.00464796422566,False,2,1.70000004768,0.882
3b1c SO4 501 D,SO4,SO4,0.859089656496,0.859089656496,0.0,True,1,1.89999997616,0.939
3b1c SO4 501 C,SO4,SO4,0.8600240078,0.8600240078,0.0,True,1,1.89999997616,0.948
3b1b SO4 380 A,SO4,SO4,0.524782114472,0.524782114472,0.0,True,1,1.89999997616,0.889
3b1b SO4 379 B,SO4,SO4,0.880478586315,0.880478586315,0.0,True,1,1.89999997616,0.997
3b1b SO4 379 A,SO4,SO4,0.942219764216,0.942219764216,0.0,True,1,1.89999997616,0.992
3b0t SO4 424 A,SO4,SO4,0.881062343124,0.881062343124,0.0,True,1,1.29999995232,0.987
3b0m SF4 602 A,SF4,SF4,0.988521625999,0.988521625999,0.0,True,1,1.89999997616,0.998
3b0l SF4 602 A,SF4,SF4,0.986296499648,0.986296499648,0.0,True,1,1.70000004768,0.995
3b0j SF4 602 A,SF4,SF4,0.988384902254,0.988384902254,0.0,True,1,1.70000004768,0.997
3b0i SO4 125 A,SO4,SO4,0.678735458547,0.678735458547,0.0,True,1,1.79999995232,0.978
3b0h SF4 602 B,SF4,SF4,0.992841065696,0.992841065696,0.0,True,1,2.29999995232,0.989
3b0h SF4 602 A,SF4,SF4,0.994411619517,0.994411619517,0.0,True,1,2.29999995232,0.992
3b0g SF4 602 A,SF4,SF4,0.395122492321,0.395122492321,0.0,True,1,1.20000004768,0.999
3b0f SO4 54 A,SO4,SO4,0.825542017431,0.825542017431,0.0,True,1,1.39999997616,0.958
3b0d CIT 77 W,CIT,CIT,0.500258161099,0.500258161099,0.0,True,1,2.20000004768,0.952
3b0d CIT 77 C,SO4,CIT,0.141041378946,0.0406577716966,0.10038360725,False,3,2.20000004768,0.841
3b0d CIT 2 T,SO4,CIT,0.413734981646,0.0526502067162,0.361084774929,False,4,2.20000004768,0.836
3b0d CIT 1 B,NAG,CIT,0.301217531418,0.0809170202981,0.22030051112,False,3,2.20000004768,0.898
3b0c CIT 77 W,GOL,CIT,0.158561137777,0.011932297024,0.146628840753,False,12,2.20000004768,0.951
3b0c CIT 110 T,SO4,CIT,0.563728420046,0.0176058628167,0.546122557229,False,5,2.20000004768,0.859
3b01 SO4 305 C,GOL,SO4,0.387533278349,0.0420444386741,0.345488839675,False,6,1.89999997616,0.832
3b01 SO4 305 B,SO4,SO4,0.127556689417,0.127556689417,0.0,True,1,1.89999997616,0.917
3b01 SO4 304 B,SO4,SO4,0.830747423489,0.830747423489,0.0,True,1,1.89999997616,0.987
3b01 SO4 303 C,SO4,SO4,0.822271256858,0.822271256858,0.0,True,1,1.89999997616,0.94
3b01 SO4 303 B,SO4,SO4,0.805859697504,0.805859697504,0.0,True,1,1.89999997616,0.963
3b01 SO4 303 A,SO4,SO4,0.673604195679,0.673604195679,0.0,True,1,1.89999997616,0.923
3azz SO4 303 D,SO4,SO4,0.545998350838,0.545998350838,0.0,True,1,1.79999995232,0.958
3azz SO4 303 B,SO4,SO4,0.797246809903,0.797246809903,0.0,True,1,1.79999995232,0.972
3azz SO4 302 D,SO4,SO4,0.871612704932,0.871612704932,0.0,True,1,1.79999995232,0.917
3azz SO4 302 C,SO4,SO4,0.72790162131,0.72790162131,0.0,True,1,1.79999995232,0.859
3azz SO4 302 B,SO4,SO4,0.820580999207,0.820580999207,0.0,True,1,1.79999995232,0.898
3azz SO4 302 A,SO4,SO4,0.632125606241,0.632125606241,0.0,True,1,1.79999995232,0.838
3azy SO4 305 D,MPD,SO4,0.316850042251,0.151298234996,0.165551807255,False,3,1.60000002384,0.877
3azy SO4 304 C,SO4,SO4,0.594515408668,0.594515408668,0.0,True,1,1.60000002384,0.971
3azy SO4 304 B,SO4,SO4,0.710763568004,0.710763568004,0.0,True,1,1.60000002384,0.966
3azy SO4 303 A,GOL,SO4,0.349253206956,0.0494690470862,0.29978415987,False,4,1.60000002384,0.797
3azy SO4 302 D,SO4,SO4,0.733013295329,0.733013295329,0.0,True,1,1.60000002384,0.93
3azy SO4 302 C,SO4,SO4,0.712923939428,0.712923939428,0.0,True,1,1.60000002384,0.873
3azy SO4 302 B,SO4,SO4,0.434303754152,0.434303754152,0.0,True,1,1.60000002384,0.899
3azy SO4 302 A,GOL,SO4,0.258055332435,0.182055862537,0.0759994698979,False,3,1.60000002384,0.85
3azw SO4 2 A,SO4,SO4,0.875622865473,0.875622865473,0.0,True,1,3.0,0.949
3azw SO4 1 A,SO4,SO4,0.677663074024,0.677663074024,0.0,True,1,3.0,0.971
3azv SO4 2 A,SO4,SO4,0.790973057007,0.790973057007,0.0,True,1,3.09999990463,0.923
3azv SO4 1 A,SO4,SO4,0.370205745465,0.370205745465,0.0,True,1,3.09999990463,0.949
3azr BGC 402 B,NAG,BGC,0.371727635425,0.133236087002,0.238491548423,False,2,1.70000004768,0.702
3azq SO4 1010 B,SO4,SO4,0.550642358894,0.550642358894,0.0,True,1,2.70000004768,0.907
3azq SO4 1009 A,SO4,SO4,0.7055457371,0.7055457371,0.0,True,1,2.70000004768,0.906
3azq SO4 1008 A,SO4,SO4,0.329214389765,0.329214389765,0.0,True,1,2.70000004768,0.883
3azq SO4 1007 B,SO4,SO4,0.917588812551,0.917588812551,0.0,True,1,2.70000004768,0.96
3azq SO4 1006 A,SO4,SO4,0.516544035493,0.516544035493,0.0,True,1,2.70000004768,0.859
3azq SO4 1005 B,SO4,SO4,0.730284672574,0.730284672574,0.0,True,1,2.70000004768,0.969
3azq SO4 1004 A,SO4,SO4,0.721332062644,0.721332062644,0.0,True,1,2.70000004768,0.96
3azq SO4 1003 A,SO4,SO4,0.778860261972,0.778860261972,0.0,True,1,2.70000004768,0.969
3azq SO4 1002 B,DMS,SO4,0.421172330134,0.298524956305,0.122647373829,False,2,2.70000004768,0.936
3azq SO4 1001 A,SO4,SO4,0.676342441427,0.676342441427,0.0,True,1,2.70000004768,0.972
3azp SO4 1005 B,SO4,SO4,0.936651561592,0.936651561592,0.0,True,1,2.09999990463,0.942
3azp SO4 1004 B,SO4,SO4,0.905636643202,0.905636643202,0.0,True,1,2.09999990463,0.964
3azp SO4 1003 A,SO4,SO4,0.85001264595,0.85001264595,0.0,True,1,2.09999990463,0.891
3azp SO4 1002 A,SO4,SO4,0.91903167407,0.91903167407,0.0,True,1,2.09999990463,0.971
3azp SO4 1001 A,SO4,SO4,0.776780871407,0.776780871407,0.0,True,1,2.09999990463,0.974
3azo SO4 1006 B,SO4,SO4,0.921020072471,0.921020072471,0.0,True,1,2.0,0.971
3azo SO4 1005 B,SO4,SO4,0.687742379169,0.687742379169,0.0,True,1,2.0,0.957
3azo SO4 1004 A,SO4,SO4,0.871280608351,0.871280608351,0.0,True,1,2.0,0.912
3azo SO4 1003 A,SO4,SO4,0.855418787573,0.855418787573,0.0,True,1,2.0,0.965
3azo SO4 1002 B,SO4,SO4,0.564058082735,0.564058082735,0.0,True,1,2.0,0.924
3azo SO4 1001 A,SO4,SO4,0.930423624024,0.930423624024,0.0,True,1,2.0,0.957
3az9 PO4 231 B,PO4,PO4,0.270502303008,0.270502303008,0.0,True,1,2.79999995232,0.958
3ayn SO4 449 B,PO4,SO4,0.546518792768,0.371944578491,0.174574214277,False,2,2.70000004768,0.957
3ayn PLM 1004 A,F09,PLM,0.264591934523,0.0358956787574,0.228696255765,False,7,2.70000004768,0.877
3ayn PLM 1001 B,SO4,PLM,0.820272581375,0.000496166495038,0.81977641488,False,19,2.70000004768,0.838
3ayn PLM 1001 A,SO4,PLM,0.366599086289,0.000394673740686,0.366204412548,False,194,2.70000004768,0.906
3aym SO4 449 B,SO4,SO4,0.775849129333,0.775849129333,0.0,True,1,2.79999995232,0.96
3aym PLM 1001 A,SO4,PLM,0.428923556082,0.00160109269703,0.427322463385,False,39,2.79999995232,0.906
3ayh SO4 204 B,SO4,SO4,0.920214493975,0.920214493975,0.0,True,1,2.20000004768,0.988
3ayh SO4 130 A,SO4,SO4,0.937363059158,0.937363059158,0.0,True,1,2.20000004768,0.987
3aye SO4 3 A,SO4,SO4,0.961961613823,0.961961613823,0.0,True,1,2.0,0.993
3aye SO4 2 B,SO4,SO4,0.9538586037,0.9538586037,0.0,True,1,2.0,0.992
3aye SO4 1 A,GOL,SO4,0.412808761961,0.27822016848,0.134588593481,False,2,2.0,0.87
3ayd SO4 4 A,SO4,SO4,0.695902711913,0.695902711913,0.0,True,1,1.89999997616,0.934
3ayd SO4 3 A,SO4,SO4,0.628794701806,0.628794701806,0.0,True,1,1.89999997616,0.949
3ayd SO4 2 A,SO4,SO4,0.888659724148,0.888659724148,0.0,True,1,1.89999997616,0.987
3ayd SO4 1 A,SO4,SO4,0.742697868025,0.742697868025,0.0,True,1,1.89999997616,0.969
3ayc SO4 5 B,SO4,SO4,0.637632384967,0.637632384967,0.0,True,1,1.79999995232,0.956
3ayc SO4 4 A,SO4,SO4,0.883606643005,0.883606643005,0.0,True,1,1.79999995232,0.988
3ayc SO4 3 B,DMS,SO4,0.410462986851,0.0950406937012,0.31542229315,False,2,1.79999995232,0.949
3ayc SO4 2 B,SO4,SO4,0.608118375178,0.608118375178,0.0,True,1,1.79999995232,0.995
3ayc SO4 1 B,SO4,SO4,0.636342068002,0.636342068002,0.0,True,1,1.79999995232,0.972
3ay6 NAI 263 C,NAD,NAI,0.680493616821,0.256648239337,0.423845377484,False,2,2.09999990463,0.946
3ay6 NAI 263 B,NAD,NAI,0.903755471198,0.0426536338559,0.861101837342,False,2,2.09999990463,0.962
3ay6 NAI 263 A,NAD,NAI,0.679254345327,0.18733222787,0.491922117457,False,2,2.09999990463,0.964
3ay6 BGC 262 D,BGC,BGC,0.820283209702,0.820283209702,0.0,True,1,2.09999990463,0.958
3ay6 BGC 262 C,BGC,BGC,0.539263256781,0.539263256781,0.0,True,1,2.09999990463,0.948
3ay6 BGC 262 B,BGC,BGC,0.471915340739,0.471915340739,0.0,True,1,2.09999990463,0.96
3ay6 BGC 262 A,BGC,BGC,0.799902669095,0.799902669095,0.0,True,1,2.09999990463,0.979
3ay4 MAN 1007 C,SO4,MAN,0.276742482021,0.005045678006,0.271696804015,False,18,2.20000004768,0.881
3ay2 SO4 2001 B,SO4,SO4,0.92813162098,0.92813162098,0.0,True,1,1.89999997616,0.99
3ay2 SO4 2001 A,SO4,SO4,0.962148470873,0.962148470873,0.0,True,1,1.89999997616,0.989
3ay0 ADN 402 B,SAM,ADN,0.121329951673,0.0504797869246,0.0708501647482,False,4,3.09999990463,0.955
3ay0 ADN 401 A,THM,ADN,0.106257121712,0.0469370112252,0.059320110487,False,5,3.09999990463,0.966
3axz ADN 401 A,ADN,ADN,0.283426926807,0.283426926807,0.0,True,1,2.29999995232,0.965
3axx PO4 462 A,SO4,PO4,0.846936843357,0.0709067766344,0.776030066722,False,2,1.89999997616,0.948
3axt SO4 396 A,SO4,SO4,0.81733248138,0.81733248138,0.0,True,1,2.5,0.936
3axt SO4 395 A,SO4,SO4,0.92364446685,0.92364446685,0.0,True,1,2.5,0.959
3axt SO4 394 A,SO4,SO4,0.896660734597,0.896660734597,0.0,True,1,2.5,0.991
3axt SO4 393 A,SO4,SO4,0.886600493801,0.886600493801,0.0,True,1,2.5,0.973
3axs SO4 506 A,SO4,SO4,0.909833242383,0.909833242383,0.0,True,1,2.20000004768,0.936
3axs SO4 504 A,SO4,SO4,0.723938259134,0.723938259134,0.0,True,1,2.20000004768,0.993
3axs SO4 503 A,SO4,SO4,0.874570038557,0.874570038557,0.0,True,1,2.20000004768,0.974
3axs SO4 502 A,SO4,SO4,0.523239151773,0.523239151773,0.0,True,1,2.20000004768,0.948
3axs SO4 393 A,SO4,SO4,0.876409548507,0.876409548507,0.0,True,1,2.20000004768,0.93
3axm KCX 201 E,KCX,KCX,0.42324138313,0.42324138313,0.0,True,1,1.60000002384,0.97
3axk NDP 480 A,SO4,NDP,0.748346186771,0.000391407576277,0.747954779195,False,157,1.89999997616,0.615
3axk NDP 479 A,SO4,NDP,0.562539175154,0.000259750900062,0.562279424254,False,184,1.89999997616,0.736
3axk KCX 201 B,ABA,KCX,0.463796861135,0.00170123317699,0.462095627958,False,22,1.89999997616,0.92
3axe TRS 1001 A,TRS,TRS,0.824998974841,0.824998974841,0.0,True,1,1.5,0.939
3axd TRS 1001 A,GOL,TRS,0.948387817613,0.000615362308646,0.947772455304,False,12,1.5,0.846
3ax6 ADP 381 D,SAM,ADP,0.0657612525226,0.0310945880342,0.0346666644884,False,7,2.20000004768,0.888
3ax6 ADP 381 C,NAG_NAG,ADP,0.264327706807,0.0829667406022,0.181360966204,False,4,2.20000004768,0.895
3ax6 ADP 381 B,CYC,ADP,0.477495410774,0.045967996377,0.431527414397,False,2,2.20000004768,0.898
3ax6 ADP 381 A,ADP,ADP,0.123840920694,0.123840920694,0.0,True,1,2.20000004768,0.899
3ax5 PO4 1 A,GOL,PO4,0.454275612631,0.0130868828267,0.441188729804,False,7,2.20000004768,0.791
3ax2 PO4 2 B,SO4,PO4,0.628316292331,0.102012788767,0.526303503564,False,2,1.89999997616,0.944
3ax2 PO4 1 D,SO4,PO4,0.676803517902,0.132622192504,0.544181325398,False,2,1.89999997616,0.943
3ax0 NO3 508 B,EDO,NO3,0.638684938141,0.00933542381918,0.629349514322,False,8,1.39999997616,0.858
3ax0 NO3 507 A,ACT,NO3,0.268969524606,0.212798141945,0.0561713826609,False,2,1.39999997616,0.947
3ax0 NO3 506 A,SO4,NO3,0.338475924616,0.176556958668,0.161918965948,False,3,1.39999997616,0.955
3ax0 NO3 505 A,EDO,NO3,0.590354592553,0.00588567803643,0.584468914517,False,8,1.39999997616,0.826
3ax0 NO3 504 B,SO4,NO3,0.491508937601,0.0113399794885,0.480168958112,False,4,1.39999997616,0.953
3awz NO3 505 A,SO4,NO3,0.708672179573,0.050700214407,0.657971965166,False,2,1.39999997616,0.951
3awz NO3 504 B,NO3,NO3,0.578901846567,0.578901846567,0.0,True,1,1.39999997616,0.96
3awz NO3 503 A,ACT,NO3,0.569048799332,0.199850685578,0.369198113753,False,2,1.39999997616,0.942
3awy NO3 508 A,SO4,NO3,0.526522640884,0.195881277128,0.330641363757,False,2,1.60000002384,0.877
3awy NO3 506 B,ACT,NO3,0.119395398008,0.0519849319345,0.0674104660735,False,6,1.60000002384,0.866
3awy NO3 505 A,NO3,NO3,0.949498091058,0.949498091058,0.0,True,1,1.60000002384,0.922
3awx NO3 508 A,NO3,NO3,0.942204004824,0.942204004824,0.0,True,1,1.29999995232,0.971
3awx NO3 506 A,NO3,NO3,0.414645173275,0.414645173275,0.0,True,1,1.29999995232,0.939
3aww NO3 508 A,NO3,NO3,0.611416110784,0.611416110784,0.0,True,1,1.39999997616,0.893
3awq PLM 601 A,MES,PLM,0.538068311604,0.000565562869456,0.537502748734,False,83,1.89999997616,0.895
3awp MRD 603 A,MPD,MRD,0.430338806671,0.0117639333536,0.418574873317,False,7,1.79999995232,0.849
3awm PLM 601 A,MES,PLM,0.182107593148,0.0018919797449,0.180215613403,False,79,1.70000004768,0.893
3awk SO4 502 A,SO4,SO4,0.588257296376,0.588257296376,0.0,True,1,2.0,0.781
3awj SO4 502 B,MLY,SO4,0.498151885572,0.246650822639,0.251501062933,False,2,2.20000004768,0.832
3awj SO4 501 A,SO4,SO4,0.701744668221,0.701744668221,0.0,True,1,2.20000004768,0.867
3awi SO4 670 D,SO4,SO4,0.83567652263,0.83567652263,0.0,True,1,2.79999995232,0.971
3awi SO4 670 C,SO4,SO4,0.942202038555,0.942202038555,0.0,True,1,2.79999995232,0.961
3awi SO4 670 B,SO4,SO4,0.852327216387,0.852327216387,0.0,True,1,2.79999995232,0.982
3awi SO4 670 A,SO4,SO4,0.723203389436,0.723203389436,0.0,True,1,2.79999995232,0.912
3awi SO4 669 F,SO4,SO4,0.452696967872,0.452696967872,0.0,True,1,2.79999995232,0.928
3awi SO4 669 E,SO4,SO4,0.843890068865,0.843890068865,0.0,True,1,2.79999995232,0.905
3awi SO4 669 D,SO4,SO4,0.745172026273,0.745172026273,0.0,True,1,2.79999995232,0.905
3awi SO4 669 C,SO4,SO4,0.852987170761,0.852987170761,0.0,True,1,2.79999995232,0.986
3awi SO4 669 B,SO4,SO4,0.918891294436,0.918891294436,0.0,True,1,2.79999995232,0.988
3awi SO4 669 A,SO4,SO4,0.87601959628,0.87601959628,0.0,True,1,2.79999995232,0.974
3awg SO4 9 C,SO4,SO4,0.708385003718,0.708385003718,0.0,True,1,2.40000009537,0.863
3awg SO4 8 A,SO4,SO4,0.622911215238,0.622911215238,0.0,True,1,2.40000009537,0.892
3awg SO4 7 C,PO4,SO4,0.624115521405,0.299004891346,0.325110630059,False,2,2.40000009537,0.99
3awg SO4 6 A,SO4,SO4,0.470891343528,0.470891343528,0.0,True,1,2.40000009537,0.982
3awg SO4 5 C,SO4,SO4,0.71473999543,0.71473999543,0.0,True,1,2.40000009537,0.955
3awg SO4 4 C,SO4,SO4,0.859668347857,0.859668347857,0.0,True,1,2.40000009537,0.957
3awg SO4 3 A,SO4,SO4,0.728010973318,0.728010973318,0.0,True,1,2.40000009537,0.992
3awg SO4 2 B,SO4,SO4,0.724056987862,0.724056987862,0.0,True,1,2.40000009537,0.99
3awg SO4 10 C,SO4,SO4,0.963630865727,0.963630865727,0.0,True,1,2.40000009537,0.985
3awg SO4 1 B,SO4,SO4,0.87365024081,0.87365024081,0.0,True,1,2.40000009537,0.992
3awf SO4 9 A,SO4,SO4,0.759906392645,0.759906392645,0.0,True,1,2.0,0.893
3awf SO4 8 B,SO4,SO4,0.49051137316,0.49051137316,0.0,True,1,2.0,0.936
3awf SO4 7 C,SO4,SO4,0.4449396094,0.4449396094,0.0,True,1,2.0,0.922
3awf SO4 6 A,PO4,SO4,0.817400646177,0.156181561325,0.661219084851,False,2,2.0,0.988
3awf SO4 5 B,SO4,SO4,0.916836090818,0.916836090818,0.0,True,1,2.0,0.933
3awf SO4 4 C,SO4,SO4,0.839826693353,0.839826693353,0.0,True,1,2.0,0.849
3awf SO4 3 C,SO4,SO4,0.765621337212,0.765621337212,0.0,True,1,2.0,0.983
3awf SO4 2 B,SO4,SO4,0.95612453994,0.95612453994,0.0,True,1,2.0,0.995
3awf SO4 10 C,SO4,SO4,0.909754315171,0.909754315171,0.0,True,1,2.0,0.968
3awf SO4 1 A,SO4,SO4,0.948663723628,0.948663723628,0.0,True,1,2.0,0.986
3awe SO4 7 A,SO4,SO4,0.546269513571,0.546269513571,0.0,True,1,2.79999995232,0.902
3awe SO4 6 B,SO4,SO4,0.770038533324,0.770038533324,0.0,True,1,2.79999995232,0.943
3awe SO4 5 C,GOL,SO4,0.28423640491,0.209004728345,0.0752316765653,False,2,2.79999995232,0.635
3awe SO4 4 C,SO4,SO4,0.662689671933,0.662689671933,0.0,True,1,2.79999995232,0.85
3awe SO4 3 A,SO4,SO4,0.739284780889,0.739284780889,0.0,True,1,2.79999995232,0.981
3awe SO4 2 C,SO4,SO4,0.673995885657,0.673995885657,0.0,True,1,2.79999995232,0.954
3awe SO4 1 B,SO4,SO4,0.917679345404,0.917679345404,0.0,True,1,2.79999995232,0.988
3aw9 NAD 901 A,NAD,NAD,0.866472089006,0.866472089006,0.0,True,1,2.29999995232,0.973
3aw9 NAD 2901 C,NAD,NAD,0.827123000993,0.827123000993,0.0,True,1,2.29999995232,0.964
3aw9 NAD 1901 B,NAD,NAD,0.970979522753,0.970979522753,0.0,True,1,2.29999995232,0.97
3avn SO4 7 A,THP,SO4_SO4,0.491862696834,0.0105570577136,0.48130563912,False,9,2.09999990463,0.927
3avn SO4 6 B,SO4,SO4,0.723319780313,0.723319780313,0.0,True,1,2.09999990463,0.918
3avn SO4 5 A,PO4,SO4,0.369565532588,0.245666165507,0.12389936708,False,2,2.09999990463,0.945
3avn SO4 4 A,SO4,SO4,0.872548228768,0.872548228768,0.0,True,1,2.09999990463,0.986
3avn SO4 3 B,SO4,SO4,0.837212018332,0.837212018332,0.0,True,1,2.09999990463,0.97
3avn SO4 2 A,SO4,SO4,0.85513061115,0.85513061115,0.0,True,1,2.09999990463,0.931
3avn SO4 1 B,SO4,SO4,0.82675168869,0.82675168869,0.0,True,1,2.09999990463,0.967
3avm SO4 8 B,GOL,SO4,0.610855960244,0.252872574409,0.357983385834,False,2,1.89999997616,0.851
3avm SO4 7 A,SO4,SO4,0.475442016029,0.475442016029,0.0,True,1,1.89999997616,0.937
3avm SO4 6 A,SO4,SO4,0.863777492871,0.863777492871,0.0,True,1,1.89999997616,0.956
3avm SO4 5 B,SO4,SO4,0.95269393801,0.95269393801,0.0,True,1,1.89999997616,0.957
3avm SO4 4 A,SO4,SO4,0.893549057207,0.893549057207,0.0,True,1,1.89999997616,0.982
3avm SO4 3 B,SO4,SO4,0.85312275632,0.85312275632,0.0,True,1,1.89999997616,0.981
3avm SO4 2 A,SO4,SO4,0.760730038557,0.760730038557,0.0,True,1,1.89999997616,0.985
3avm SO4 1 B,SO4,SO4,0.865325663273,0.865325663273,0.0,True,1,1.89999997616,0.985
3avl SO4 8 B,SO4,SO4,0.718672141854,0.718672141854,0.0,True,1,1.89999997616,0.948
3avl SO4 7 A,SO4,SO4,0.301636123151,0.301636123151,0.0,True,1,1.89999997616,0.96
3avl SO4 6 B,SO4,SO4,0.946120878699,0.946120878699,0.0,True,1,1.89999997616,0.932
3avl SO4 5 A,SO4,SO4,0.473575846606,0.473575846606,0.0,True,1,1.89999997616,0.95
3avl SO4 4 A,SO4,SO4,0.812233935623,0.812233935623,0.0,True,1,1.89999997616,0.97
3avl SO4 3 B,SO4,SO4,0.911877147493,0.911877147493,0.0,True,1,1.89999997616,0.974
3avl SO4 2 A,SO4,SO4,0.876493851376,0.876493851376,0.0,True,1,1.89999997616,0.95
3avl SO4 1 B,SO4,SO4,0.574245976441,0.574245976441,0.0,True,1,1.89999997616,0.978
3avk SO4 8 B,SO4,SO4,0.470645770931,0.470645770931,0.0,True,1,1.79999995232,0.959
3avk SO4 7 A,SO4,SO4,0.498941205043,0.498941205043,0.0,True,1,1.79999995232,0.94
3avk SO4 6 B,SO4,SO4,0.674908639151,0.674908639151,0.0,True,1,1.79999995232,0.983
3avk SO4 5 A,SO4,SO4,0.824679068187,0.824679068187,0.0,True,1,1.79999995232,0.983
3avk SO4 4 A,SO4,SO4,0.551209185858,0.551209185858,0.0,True,1,1.79999995232,0.964
3avk SO4 3 B,SO4,SO4,0.727417013277,0.727417013277,0.0,True,1,1.79999995232,0.942
3avk SO4 2 A,SO4,SO4,0.94521634469,0.94521634469,0.0,True,1,1.79999995232,0.983
3avk SO4 1 B,SO4,SO4,0.890712682758,0.890712682758,0.0,True,1,1.79999995232,0.986
3avj SO4 8 B,SO4,SO4,0.674462539205,0.674462539205,0.0,True,1,1.70000004768,0.974
3avj SO4 7 A,SO4,SO4,0.630420898793,0.630420898793,0.0,True,1,1.70000004768,0.974
3avj SO4 6 B,SO4,SO4,0.718645598087,0.718645598087,0.0,True,1,1.70000004768,0.994
3avj SO4 5 A,SO4,SO4,0.728691393763,0.728691393763,0.0,True,1,1.70000004768,0.992
3avj SO4 4 A,SO4,SO4,0.957320220324,0.957320220324,0.0,True,1,1.70000004768,0.981
3avj SO4 3 B,SO4,SO4,0.970219552732,0.970219552732,0.0,True,1,1.70000004768,0.979
3avj SO4 2 A,SO4,SO4,0.920455904737,0.920455904737,0.0,True,1,1.70000004768,0.988
3avj SO4 1 B,SO4,SO4,0.937564592606,0.937564592606,0.0,True,1,1.70000004768,0.986
3avi SO4 6 A,SO4,SO4,0.828851998115,0.828851998115,0.0,True,1,1.70000004768,0.992
3avi SO4 5 B,SO4,SO4,0.675606380953,0.675606380953,0.0,True,1,1.70000004768,0.994
3avi SO4 4 A,SO4,SO4,0.8755152525,0.8755152525,0.0,True,1,1.70000004768,0.98
3avi SO4 3 B,SO4,SO4,0.954369066602,0.954369066602,0.0,True,1,1.70000004768,0.971
3avi SO4 2 A,SO4,SO4,0.908662020588,0.908662020588,0.0,True,1,1.70000004768,0.988
3avi SO4 1 B,SO4,SO4,0.829828251549,0.829828251549,0.0,True,1,1.70000004768,0.977
3avh SO4 8 B,SO4,SO4,0.770311313657,0.770311313657,0.0,True,1,1.89999997616,0.917
3avh SO4 7 A,GOL,SO4,0.439434061368,0.13376073957,0.305673321798,False,2,1.89999997616,0.867
3avh SO4 6 B,SO4,SO4,0.930695445747,0.930695445747,0.0,True,1,1.89999997616,0.981
3avh SO4 5 A,SO4,SO4,0.900448066663,0.900448066663,0.0,True,1,1.89999997616,0.946
3avh SO4 4 A,SO4,SO4,0.836614988885,0.836614988885,0.0,True,1,1.89999997616,0.976
3avh SO4 3 B,SO4,SO4,0.879303657929,0.879303657929,0.0,True,1,1.89999997616,0.965
3avh SO4 2 A,SO4,SO4,0.486186623133,0.486186623133,0.0,True,1,1.89999997616,0.966
3avh SO4 1 B,SO4,SO4,0.867824346928,0.867824346928,0.0,True,1,1.89999997616,0.976
3avg SO4 8 B,SO4,SO4,0.412903125663,0.412903125663,0.0,True,1,1.70000004768,0.829
3avg SO4 7 A,GOL,SO4,0.338383925747,0.113449259823,0.224934665924,False,3,1.70000004768,0.847
3avg SO4 6 A,SO4,SO4,0.867045071181,0.867045071181,0.0,True,1,1.70000004768,0.891
3avg SO4 5 B,SO4,SO4,0.706516809636,0.706516809636,0.0,True,1,1.70000004768,0.96
3avg SO4 4 A,SO4,SO4,0.660175364055,0.660175364055,0.0,True,1,1.70000004768,0.973
3avg SO4 3 B,SO4,SO4,0.639440084111,0.639440084111,0.0,True,1,1.70000004768,0.98
3avg SO4 2 A,SO4,SO4,0.48220791109,0.48220791109,0.0,True,1,1.70000004768,0.979
3avg SO4 1 B,SO4,SO4,0.719284487043,0.719284487043,0.0,True,1,1.70000004768,0.983
3avf SO4 8 B,SO4,SO4,0.432396982216,0.432396982216,0.0,True,1,1.70000004768,0.804
3avf SO4 7 A,GOL,SO4,0.730960981294,0.104741246145,0.626219735149,False,2,1.70000004768,0.824
3avf SO4 6 A,SO4,SO4,0.809593676532,0.809593676532,0.0,True,1,1.70000004768,0.919
3avf SO4 5 B,SO4,SO4,0.788835729445,0.788835729445,0.0,True,1,1.70000004768,0.942
3avf SO4 4 A,SO4,SO4,0.905305168844,0.905305168844,0.0,True,1,1.70000004768,0.975
3avf SO4 3 B,SO4,SO4,0.845456082707,0.845456082707,0.0,True,1,1.70000004768,0.974
3avf SO4 2 A,SO4,SO4,0.869376193552,0.869376193552,0.0,True,1,1.70000004768,0.987
3avf SO4 1 B,SO4,SO4,0.716887333271,0.716887333271,0.0,True,1,1.70000004768,0.981
3avc SO4 8 A,SO4,SO4,0.531429286675,0.531429286675,0.0,True,1,1.79999995232,0.884
3avc SO4 7 B,SO4,SO4,0.72153928589,0.72153928589,0.0,True,1,1.79999995232,0.911
3avc SO4 6 B,SO4,SO4,0.934482208081,0.934482208081,0.0,True,1,1.79999995232,0.924
3avc SO4 5 A,SO4,SO4,0.93334564228,0.93334564228,0.0,True,1,1.79999995232,0.963
3avc SO4 4 A,SO4,SO4,0.921882717053,0.921882717053,0.0,True,1,1.79999995232,0.968
3avc SO4 3 B,SO4,SO4,0.897683307554,0.897683307554,0.0,True,1,1.79999995232,0.96
3avc SO4 2 A,SO4,SO4,0.918123436813,0.918123436813,0.0,True,1,1.79999995232,0.984
3avc SO4 1 B,SO4,SO4,0.8659076313,0.8659076313,0.0,True,1,1.79999995232,0.982
3avb SO4 8 B,GOL,SO4,0.724960676902,0.110028413211,0.614932263691,False,2,1.89999997616,0.866
3avb SO4 7 A,GOL,SO4,0.613539040133,0.0842665937316,0.529272446401,False,2,1.89999997616,0.84
3avb SO4 6 B,SO4,SO4,0.898381594546,0.898381594546,0.0,True,1,1.89999997616,0.963
3avb SO4 5 A,SO4,SO4,0.577056229104,0.577056229104,0.0,True,1,1.89999997616,0.927
3avb SO4 4 A,SO4,SO4,0.973090167525,0.973090167525,0.0,True,1,1.89999997616,0.986
3avb SO4 3 B,SO4,SO4,0.933075290224,0.933075290224,0.0,True,1,1.89999997616,0.984
3avb SO4 2 A,SO4,SO4,0.905466107829,0.905466107829,0.0,True,1,1.89999997616,0.979
3avb SO4 1 B,SO4,SO4,0.721275078006,0.721275078006,0.0,True,1,1.89999997616,0.977
3ava SO4 8 A,GOL,SO4,0.572539621249,0.221830801037,0.350708820212,False,2,1.70000004768,0.842
3ava SO4 7 B,SO4,SO4,0.466764194613,0.466764194613,0.0,True,1,1.70000004768,0.807
3ava SO4 6 A,SO4,SO4,0.777157494689,0.777157494689,0.0,True,1,1.70000004768,0.946
3ava SO4 5 B,SO4,SO4,0.965125776454,0.965125776454,0.0,True,1,1.70000004768,0.965
3ava SO4 4 A,SO4,SO4,0.942338615336,0.942338615336,0.0,True,1,1.70000004768,0.965
3ava SO4 3 B,SO4,SO4,0.913737476491,0.913737476491,0.0,True,1,1.70000004768,0.983
3ava SO4 2 A,SO4,SO4,0.903230578506,0.903230578506,0.0,True,1,1.70000004768,0.982
3ava SO4 1 B,SO4,SO4,0.870990292228,0.870990292228,0.0,True,1,1.70000004768,0.986
3av9 SO4 8 B,SO4,SO4,0.403598029295,0.403598029295,0.0,True,1,1.70000004768,0.847
3av9 SO4 7 A,SO4,SO4,0.297452504818,0.297452504818,0.0,True,1,1.70000004768,0.834
3av9 SO4 6 A,SO4,SO4,0.843237053319,0.843237053319,0.0,True,1,1.70000004768,0.981
3av9 SO4 5 B,SO4,SO4,0.968222391017,0.968222391017,0.0,True,1,1.70000004768,0.976
3av9 SO4 4 A,SO4,SO4,0.940100245258,0.940100245258,0.0,True,1,1.70000004768,0.983
3av9 SO4 3 B,SO4,SO4,0.934659538567,0.934659538567,0.0,True,1,1.70000004768,0.986
3av9 SO4 2 A,SO4,SO4,0.712041410003,0.712041410003,0.0,True,1,1.70000004768,0.98
3av9 SO4 1 B,SO4,SO4,0.466196972915,0.466196972915,0.0,True,1,1.70000004768,0.98
3av8 SO4 99 C,SO4,SO4,0.454625999246,0.454625999246,0.0,True,1,1.5,0.984
3av0 SO4 400 A,SO4,SO4,0.67773063302,0.67773063302,0.0,True,1,3.09999990463,0.976
3av0 IPA 601 B,SO4,IPA,0.741601801315,0.00101468709398,0.740587114221,False,29,3.09999990463,0.88
3av0 IPA 1300 B,SO4,IPA,0.574033517791,0.000511128957669,0.573522388833,False,63,3.09999990463,0.898
3aux ADP 1006 A,ATP,ADP,0.675225024586,0.00202041335724,0.673204611228,False,14,2.5,0.854
3auw EOH 382 D,SO4,EOH,0.318072866146,0.00237194409267,0.315700922053,False,40,3.59999990463,0.938
3auw EOH 382 B,MLY,EOH,0.208783921222,0.00405241156857,0.204731509653,False,17,3.59999990463,0.904
3auu BGC 262 B,GLC,BGC,0.33622412537,0.154450265382,0.181773859989,False,3,2.0,0.952
3auu BGC 262 A,GOL,BGC,0.551471237335,0.00553471167175,0.545936525664,False,16,2.0,0.893
3aut NAI 301 B,NAG,NAI,0.23806592534,0.00326476983379,0.234801155506,False,54,2.0,0.845
3auj PO4 1406 B,SO4,PO4,0.50893690495,0.114339688243,0.394597216707,False,2,2.09999990463,0.931
3auj PO4 1405 E,SO4,PO4,0.798235908896,0.0381186679218,0.760117240974,False,3,2.09999990463,0.906
3auj PO4 1404 M,SO4,PO4,0.662616017842,0.124792653304,0.537823364537,False,2,2.09999990463,0.94
3auj PO4 1403 G,SO4,PO4,0.63211181201,0.119308843638,0.512802968372,False,3,2.09999990463,0.968
3auj PO4 1402 L,SO4,PO4,0.788162249834,0.0265412369232,0.761621012911,False,3,2.09999990463,0.955
3auj PO4 1401 A,SO4,PO4,0.885534686504,0.0608466599877,0.824688026516,False,2,2.09999990463,0.951
3aui SO4 64 B,SO4,SO4,0.693593149555,0.693593149555,0.0,True,1,1.89999997616,0.938
3aue SO4 68 B,SO4,SO4,0.52331936951,0.52331936951,0.0,True,1,2.29999995232,0.954
3aue SO4 67 E,SO4,SO4,0.769440598408,0.769440598408,0.0,True,1,2.29999995232,0.986
3aue SO4 67 C,GOL,SO4,0.490271601719,0.30688456883,0.18338703289,False,2,2.29999995232,0.953
3aue SO4 67 B,DMS,SO4,0.335852075298,0.255967763786,0.0798843115114,False,2,2.29999995232,0.988
3aue SO4 66 G,SO4,SO4,0.810958874425,0.810958874425,0.0,True,1,2.29999995232,0.988
3aue SO4 66 D,DMS,SO4,0.477342011816,0.248040998356,0.22930101346,False,2,2.29999995232,0.918
3aue SO4 66 C,SO4,SO4,0.916778251996,0.916778251996,0.0,True,1,2.29999995232,0.984
3aue SO4 66 B,SO4,SO4,0.879146360743,0.879146360743,0.0,True,1,2.29999995232,0.991
3aue SO4 66 A,SO4,SO4,0.284519378008,0.284519378008,0.0,True,1,2.29999995232,0.988
3auc SO4 1068 B,SO4,SO4,0.509878322616,0.509878322616,0.0,True,1,1.89999997616,0.952
3auc SO4 1067 B,SO4,SO4,0.897267232514,0.897267232514,0.0,True,1,1.89999997616,0.952
3auc SO4 1066 B,SO4,SO4,0.962286713982,0.962286713982,0.0,True,1,1.89999997616,0.97
3aua NDP 502 B,NAP,NDP,0.631144162562,0.168678211532,0.46246595103,False,2,2.09999990463,0.982
3aua NDP 501 A,NAP,NDP,0.888406537382,0.0688912457113,0.819515291671,False,2,2.09999990463,0.979
3au9 NDP 502 B,NAP,NDP,0.566541718259,0.34169283401,0.224848884249,False,2,1.89999997616,0.969
3au9 NDP 501 A,NAP,NDP,0.751613366309,0.148179822272,0.603433544037,False,2,1.89999997616,0.961
3au8 NDP 502 B,NAP,NDP,0.505866122064,0.032577132652,0.473288989412,False,4,1.89999997616,0.929
3au8 NDP 501 A,NAP,NDP,0.580617028621,0.132779134388,0.447837894232,False,2,1.89999997616,0.922
3au6 SO4 584 A,SO4,SO4,0.585301099167,0.585301099167,0.0,True,1,3.29999995232,0.917
3aty FMN 500 A,FMN,FMN,0.99055880964,0.99055880964,0.0,True,1,1.70000004768,0.963
3atv ADP 1452 A,ADP,ADP,0.757412928245,0.757412928245,0.0,True,1,1.60000002384,0.983
3atg PO4 259 A,DMS,PO4,0.423204572739,0.0379459548631,0.385258617876,False,4,1.70000004768,0.878
3atg PO4 258 A,EDO,PO4,0.200115689085,0.0124094548493,0.187706234235,False,10,1.70000004768,0.775
3atg PO4 257 A,SO4,PO4,0.454755820372,0.440878454537,0.0138773658355,False,2,1.70000004768,0.986
3atf EOH 384 A,DMS,EOH,0.470999912634,0.000386795557134,0.470613117077,False,81,3.0,0.963
3asv PO4 316 F,SO4,PO4,0.435266349431,0.0871278675175,0.348138481913,False,3,2.70000004768,0.971
3asv PO4 315 E,GOL,PO4,0.297016898402,0.0876366203321,0.20938027807,False,4,2.70000004768,0.933
3asv PO4 314 D,SO4,PO4,0.395220979638,0.172692097622,0.222528882016,False,2,2.70000004768,0.972
3asv PO4 313 C,SO4,PO4,0.291623530575,0.0362369672021,0.255386563373,False,5,2.70000004768,0.953
3asv PO4 312 B,SO4,PO4,0.356318745709,0.169832422779,0.18648632293,False,2,2.70000004768,0.947
3asv PO4 311 A,SO4,PO4,0.495954431186,0.116538135917,0.37941629527,False,2,2.70000004768,0.973
3asv NAP 306 F,NAP,NAP,0.724458698543,0.724458698543,0.0,True,1,2.70000004768,0.969
3asv NAP 305 E,NAP,NAP,0.945745841215,0.945745841215,0.0,True,1,2.70000004768,0.976
3asv NAP 304 D,NAP,NAP,0.90671043235,0.90671043235,0.0,True,1,2.70000004768,0.979
3asv NAP 303 C,NAP,NAP,0.798728015994,0.798728015994,0.0,True,1,2.70000004768,0.979
3asv NAP 302 B,NAP,NAP,0.936867201976,0.936867201976,0.0,True,1,2.70000004768,0.977
3asv NAP 301 A,NAP,NAP,0.810750487573,0.810750487573,0.0,True,1,2.70000004768,0.979
3asj MPD 1007 B,GOL,MPD,0.128077038316,0.12522068955,0.00285634876639,False,2,2.59999990463,0.919
3asj MPD 1006 B,GOL,MPD,0.476331472596,0.0402263467247,0.436105125871,False,5,2.59999990463,0.904
3asj MPD 1005 B,1PE,MPD,0.403115220013,0.0070883411954,0.396026878818,False,11,2.59999990463,0.873
3asj MPD 1005 A,GOL,MPD,0.19342286609,0.01702435339,0.1763985127,False,9,2.59999990463,0.901
3asj MPD 1004 B,GOL,MPD,0.491945892936,0.0170872147777,0.474858678158,False,7,2.59999990463,0.93
3asj MPD 1004 A,SO4,MPD,0.761555967571,0.00926279021596,0.752293177355,False,5,2.59999990463,0.874
3asj MPD 1003 D,MPD,MPD,0.905861822096,0.905861822096,0.0,True,1,2.59999990463,0.939
3asj MPD 1003 C,GOL,MPD,0.278342879372,0.00940590075517,0.268936978617,False,14,2.59999990463,0.866
3asj MPD 1003 B,SO4,MPD,0.391162468752,0.0090479461856,0.382114522566,False,8,2.59999990463,0.846
3asj MPD 1003 A,GOL,MPD,0.570054912385,0.0132395843158,0.556815328069,False,4,2.59999990463,0.854
3asj MPD 1002 D,EPE,MPD,0.228804848066,0.00271641601988,0.226088432046,False,49,2.59999990463,0.897
3asj MPD 1002 C,MPD,MPD,0.767592442791,0.767592442791,0.0,True,1,2.59999990463,0.906
3asj MPD 1002 B,MPD,MPD,0.782271964419,0.782271964419,0.0,True,1,2.59999990463,0.939
3asj MPD 1002 A,TLA,MPD,0.180613207838,0.00436576172721,0.176247446111,False,32,2.59999990463,0.937
3asj MPD 1001 D,TLA,MPD,0.168482460534,0.00169079812984,0.166791662404,False,143,2.59999990463,0.945
3asj MPD 1001 C,TLA,MPD,0.174350945417,0.00570304684198,0.168647898575,False,20,2.59999990463,0.912
3asj MPD 1001 B,TLA,MPD,0.317174647295,0.0029886920664,0.314185955229,False,37,2.59999990463,0.881
3asj MPD 1001 A,MPD,MPD,0.848293302271,0.848293302271,0.0,True,1,2.59999990463,0.945
3asj MPD 1000 C,MLA,MPD,0.15080950433,0.0049033298724,0.145906174457,False,24,2.59999990463,0.927
3ash SO4 9 B,SO4,SO4,0.331352877865,0.331352877865,0.0,True,1,2.40000009537,0.847
3ash SO4 7 A,SO4,SO4,0.481556779832,0.481556779832,0.0,True,1,2.40000009537,0.898
3ash SO4 4 A,SO4,SO4,0.969908051348,0.969908051348,0.0,True,1,2.40000009537,0.972
3ash SO4 3 A,SO4,SO4,0.300609119189,0.300609119189,0.0,True,1,2.40000009537,0.795
3ash SO4 2 B,SO4,SO4,0.513722424313,0.513722424313,0.0,True,1,2.40000009537,0.915
3ash SO4 11 B,SO4,SO4,0.783437567869,0.783437567869,0.0,True,1,2.40000009537,0.902
3ash SO4 1 B,SO4,SO4,0.953567448411,0.953567448411,0.0,True,1,2.40000009537,0.981
3asf SO4 9 B,GOL,SO4,0.46401694187,0.419859959416,0.0441569824537,False,2,2.40000009537,0.943
3asf SO4 4 A,SO4,SO4,0.844149885511,0.844149885511,0.0,True,1,2.40000009537,0.902
3asf SO4 34 B,GOL,SO4,0.579305455711,0.109421898572,0.469883557139,False,2,2.40000009537,0.87
3asf SO4 33 A,SO4,SO4,0.625035691408,0.625035691408,0.0,True,1,2.40000009537,0.897
3asf SO4 29 B,GOL,SO4,0.44644130817,0.0711666865192,0.375274621651,False,3,2.40000009537,0.838
3asf SO4 28 B,GOL,SO4,0.405344038453,0.194245734086,0.211098304367,False,2,2.40000009537,0.832
3asf SO4 24 A,SO4,SO4,0.50724802328,0.50724802328,0.0,True,1,2.40000009537,0.913
3asf SO4 2 A,SO4,SO4,0.891136459842,0.891136459842,0.0,True,1,2.40000009537,0.963
3asf SO4 12 B,SO4,SO4,0.882538326583,0.882538326583,0.0,True,1,2.40000009537,0.894
3asf SO4 10 A,SO4,SO4,0.512172022317,0.512172022317,0.0,True,1,2.40000009537,0.833
3asf SO4 1 A,SO4,SO4,0.776812530413,0.776812530413,0.0,True,1,2.40000009537,0.927
3ase SO4 201 A,DMS,SO4,0.397669174858,0.343580470086,0.0540887047721,False,2,1.79999995232,0.943
3ase SO4 200 A,SO4,SO4,0.954408605174,0.954408605174,0.0,True,1,1.79999995232,0.941
3as8 SO4 3 A,SO4,SO4,0.609144204193,0.609144204193,0.0,True,1,2.0,0.938
3as8 SO4 2 A,MPD,SO4,0.278993959064,0.0793610859858,0.199632873078,False,3,2.0,0.695
3as8 SO4 1 A,SO4,SO4,0.954094498873,0.954094498873,0.0,True,1,2.0,0.984
3as4 SO4 8 A,NAG,SO4,0.159397604154,0.0814649401232,0.0779326640305,False,2,2.29999995232,0.933
3as4 SO4 7 A,SO4,SO4,0.778078292796,0.778078292796,0.0,True,1,2.29999995232,0.824
3as4 SO4 6 A,SO4,SO4,0.808088507704,0.808088507704,0.0,True,1,2.29999995232,0.95
3as4 SO4 4 A,SO4,SO4,0.940498955198,0.940498955198,0.0,True,1,2.29999995232,0.988
3as4 SO4 2 A,SO4,SO4,0.921689083869,0.921689083869,0.0,True,1,2.29999995232,0.951
3as4 SO4 1 A,SO4,SO4,0.751776632498,0.751776632498,0.0,True,1,2.29999995232,0.95
3ar3 ADP 1002 A,NAD,ADP,0.165959884164,0.113772300031,0.0521875841336,False,2,2.29999995232,0.926
3aqx BGC 706 A,PEG,BGC,0.121349189275,0.00369595459334,0.117653234682,False,32,2.09999990463,0.913
3aqx BGC 705 A,NAG,BGC,0.309596103785,0.172475144924,0.137120958861,False,2,2.09999990463,0.966
3aqn ATP 501 A,SO4,ATP,0.734446016734,0.00122597217644,0.733220044557,False,32,3.20000004768,0.643
3aqg PO4 1 A,SO4,PO4,0.838969418851,0.107680950018,0.731288468832,False,2,2.70000004768,0.984
3aq9 HEM 144 A,HEM,HEM,0.841994269614,0.841994269614,0.0,True,1,1.70000004768,0.966
3aq6 HEM 144 B,HEM,HEM,0.390026111102,0.390026111102,0.0,True,1,1.89999997616,0.962
3aq6 HEM 144 A,HEM,HEM,0.486085840757,0.486085840757,0.0,True,1,1.89999997616,0.969
3aq4 GDP 183 B,GDP_MG,GDP_MG,0.896307429558,0.896307429558,0.0,True,1,1.79999995232,0.987
3aq4 GDP 183 A,ADP_MG,GDP_MG,0.41099685957,0.296270643667,0.114726215903,False,2,1.79999995232,0.985
3apy FAD 311 H,NAD,FAD,0.464616505525,0.0586761892374,0.405940316287,False,5,2.79999995232,0.979
3apy FAD 311 G,FAD,FAD,0.449293267882,0.449293267882,0.0,True,1,2.79999995232,0.98
3apy FAD 311 F,PLP,FAD,0.0864525911206,0.0290042800763,0.0574483110443,False,5,2.79999995232,0.967
3apy FAD 311 E,NAD,FAD,0.639705756587,0.129582901553,0.510122855034,False,2,2.79999995232,0.972
3apy FAD 311 D,NAD,FAD,0.310354884019,0.129953301722,0.180401582297,False,3,2.79999995232,0.972
3apy FAD 311 C,FAD,FAD,0.672588269002,0.672588269002,0.0,True,1,2.79999995232,0.976
3apy FAD 311 B,FAD,FAD,0.224816140231,0.224816140231,0.0,True,1,2.79999995232,0.973
3apy FAD 311 A,FAD,FAD,0.535164631095,0.535164631095,0.0,True,1,2.79999995232,0.972
3apt FAD 311 A,FAD,FAD,0.972735744974,0.972735744974,0.0,True,1,1.79999995232,0.96
3aps SO4 1 A,SO4,SO4,0.541383244998,0.541383244998,0.0,True,1,1.89999997616,0.985
3apf SO4 2 A,SO4,SO4,0.74887942165,0.74887942165,0.0,True,1,2.79999995232,0.885
3apf SO4 1 A,SO4,SO4,0.882413745368,0.882413745368,0.0,True,1,2.79999995232,0.895
3apd SO4 2 A,SO4,SO4,0.872728080851,0.872728080851,0.0,True,1,2.5,0.951
3apd SO4 1103 A,SO4,SO4,0.886625407762,0.886625407762,0.0,True,1,2.5,0.93
3apc SO4 2 A,SO4,SO4,0.764664698748,0.764664698748,0.0,True,1,2.5,0.951
3apc SO4 1103 A,SO4,SO4,0.706624825381,0.706624825381,0.0,True,1,2.5,0.957
3ap2 PO4 1 T,SO4,PO4,0.794548165936,0.0781372576626,0.716410908274,False,2,2.40000009537,0.96
3ao5 SO4 754 A,SO4,SO4,0.649497602838,0.649497602838,0.0,True,1,1.79999995232,0.964
3ao5 SO4 751 B,SO4,SO4,0.560512044451,0.560512044451,0.0,True,1,1.79999995232,0.876
3ao5 SO4 750 A,SO4,SO4,0.379190465761,0.379190465761,0.0,True,1,1.79999995232,0.831
3ao4 SO4 752 A,SO4,SO4,0.6306532557,0.6306532557,0.0,True,1,2.0,0.891
3ao4 SO4 751 B,SO4,SO4,0.699130446918,0.699130446918,0.0,True,1,2.0,0.913
3ao3 SO4 6 B,SO4,SO4,0.755840212471,0.755840212471,0.0,True,1,1.89999997616,0.959
3ao3 SO4 4 A,SO4,SO4,0.474038433896,0.474038433896,0.0,True,1,1.89999997616,0.945
3ao2 SO4 751 B,EDO,SO4,0.583329686414,0.0389087575333,0.544420928881,False,4,1.79999995232,0.82
3ao2 SO4 750 A,EDO,SO4,0.285678678711,0.200044367117,0.0856343115935,False,2,1.79999995232,0.888
3ao1 SO4 1 A,SO4,SO4,0.587442067259,0.587442067259,0.0,True,1,1.89999997616,0.952
3ano PO4 205 B,SO4,PO4,0.672484669507,0.291121529024,0.381363140483,False,2,1.89999997616,0.972
3ano PO4 204 B,SO4,PO4,0.667145121023,0.15716474268,0.509980378342,False,2,1.89999997616,0.984
3ano PO4 204 A,SO4,PO4,0.749078794714,0.21986579452,0.529213000194,False,2,1.89999997616,0.995
3ann NDP 702 B,NDP,NDP,0.907448796012,0.907448796012,0.0,True,1,2.0,0.962
3ann NDP 701 A,NDP,NDP,0.472270492926,0.472270492926,0.0,True,1,2.0,0.952
3anm NDP 410 B,NAP,NDP,0.88981476168,0.062472513878,0.827342247802,False,2,2.0,0.952
3anm NDP 410 A,NAP,NDP,0.950832767732,0.0247056153093,0.926127152422,False,2,2.0,0.933
3anl NDP 702 B,NDP,NDP,0.52488189264,0.52488189264,0.0,True,1,2.09999990463,0.969
3anl NDP 701 A,NDP,NDP,0.667048710202,0.667048710202,0.0,True,1,2.09999990463,0.953
3an1 FAD 4006 B,FAD,FAD,0.989682945282,0.989682945282,0.0,True,1,1.70000004768,0.981
3an1 FAD 3006 A,FAD,FAD,0.865745394642,0.865745394642,0.0,True,1,1.70000004768,0.977
3amq BGC 902 B,GOL,BGC,0.382633927573,0.00176332894556,0.380870598628,False,74,1.79999995232,0.845
3amq BGC 902 A,GOL,BGC,0.195245605234,0.0155714245821,0.179674180652,False,13,1.79999995232,0.898
3aml EPE 758 A,PG4,EPE,0.178951254201,0.0433268350762,0.135624419125,False,4,1.70000004768,0.908
3amk PO4 704 A,SO4,PO4,0.761964937202,0.0571528914425,0.70481204576,False,3,1.89999997616,0.885
3amk PO4 703 A,SO4,PO4,0.942466119028,0.0311376288951,0.911328490133,False,2,1.89999997616,0.953
3amg BGC 400 A,NAG,BGC,0.476527181109,0.00213818217509,0.474388998934,False,48,2.40000009537,0.772
3amf FMN 123 B,FMN,FMN,0.977163644609,0.977163644609,0.0,True,1,1.60000002384,0.968
3amf FMN 123 A,FMN,FMN,0.985087366981,0.985087366981,0.0,True,1,1.60000002384,0.967
3am9 FAD 4005 B,FAD,FAD,0.988753650206,0.988753650206,0.0,True,1,2.20000004768,0.978
3am9 FAD 3005 A,FAD,FAD,0.987814849456,0.987814849456,0.0,True,1,2.20000004768,0.974
3am5 NAD 901 B,NAD,NAD,0.930631221077,0.930631221077,0.0,True,1,2.0,0.931
3am5 NAD 801 A,NAD,NAD,0.944910592614,0.944910592614,0.0,True,1,2.0,0.942
3am4 NAD 901 B,NAD,NAD,0.872357050515,0.872357050515,0.0,True,1,2.29999995232,0.926
3am4 NAD 801 A,NAD,NAD,0.787663869831,0.787663869831,0.0,True,1,2.29999995232,0.943
3am3 NAD 801 A,NAD,NAD,0.945509430796,0.945509430796,0.0,True,1,2.5,0.958
3alp CIT 2 B,SO4,CIT,0.23049981417,0.0723842635408,0.158115550629,False,5,2.79999995232,0.899
3alp CIT 1 A,SO4,CIT,0.634299999964,0.00769930020622,0.626600699758,False,6,2.79999995232,0.922
3alo ANP 406 A,ATP_MG,ANP_MG,0.209886497385,0.176152542795,0.0337339545904,False,2,2.59999990463,0.965
3aln ANP 1 C,NAG_NAG,ANP,0.321691332862,0.0814432175824,0.24024811528,False,3,2.29999995232,0.895
3aln ANP 1 B,ANP_MG,ANP_MG,0.347615522355,0.347615522355,0.0,True,1,2.29999995232,0.931
3aln ANP 1 A,ANP_MG,ANP_MG,0.545812874051,0.545812874051,0.0,True,1,2.29999995232,0.965
3alm FAD 380 B,FAD,FAD,0.994676990044,0.994676990044,0.0,True,1,1.79999995232,0.963
3alm FAD 380 A,FAD,FAD,0.985650895526,0.985650895526,0.0,True,1,1.79999995232,0.965
3all FAD 380 B,FAD,FAD,0.951191551035,0.951191551035,0.0,True,1,1.79999995232,0.963
3all FAD 380 A,FAD,FAD,0.992995031655,0.992995031655,0.0,True,1,1.79999995232,0.975
3alj FAD 380 A,FAD,FAD,0.828882868962,0.828882868962,0.0,True,1,1.5,0.984
3alg PO4 359 A,SO4,PO4,0.289673444733,0.0756790354028,0.21399440933,False,3,1.79999995232,0.815
3alg PO4 358 A,PO4,PO4,0.780503811322,0.780503811322,0.0,True,1,1.79999995232,0.962
3alg PO4 357 A,SO4,PO4,0.456473758121,0.190248110655,0.266225647466,False,2,1.79999995232,0.949
3alb SO4 78 A,SO4,SO4,0.862937004427,0.862937004427,0.0,True,1,1.89999997616,0.89
3alb SO4 77 C,SO4,SO4,0.965580603093,0.965580603093,0.0,True,1,1.89999997616,0.979
3alb SO4 77 A,PO4,SO4,0.782892000883,0.187716414228,0.595175586655,False,2,1.89999997616,0.954
3al2 SO4 2 A,SO4,SO4,0.838305522262,0.838305522262,0.0,True,1,2.0,0.906
3al2 SO4 1 A,SO4,SO4,0.92668377903,0.92668377903,0.0,True,1,2.0,0.99
3ako SO4 155 C,SO4,SO4,0.77130902133,0.77130902133,0.0,True,1,2.09999990463,0.95
3akl ANP 601 A,ADP_MG,ANP_MG,0.854961814168,0.0203454488289,0.83461636534,False,2,2.90000009537,0.969
3ak8 SO4 168 B,PO4,SO4,0.50720799208,0.405236360458,0.101971631622,False,2,1.29999995232,0.985
3ak4 NAD 904 D,NAD,NAD,0.380630613681,0.380630613681,0.0,True,1,2.0,0.932
3ak4 NAD 903 C,NAD,NAD,0.857992296451,0.857992296451,0.0,True,1,2.0,0.977
3ak4 NAD 902 B,NAD,NAD,0.29557129257,0.29557129257,0.0,True,1,2.0,0.955
3ak4 NAD 901 A,NAD,NAD,0.929243651188,0.929243651188,0.0,True,1,2.0,0.974
3ajx SO4 6004 D,SO4,SO4,0.886974165048,0.886974165048,0.0,True,1,1.60000002384,0.916
3ajr NAD 3001 A,NAP,NAD,0.19207486348,0.0649033540076,0.127171509473,False,4,1.79999995232,0.845
3ajf SO4 6 D,SO4,SO4,0.492950185307,0.492950185307,0.0,True,1,2.0,0.938
3ajf SO4 5 C,SO4,SO4,0.647396620791,0.647396620791,0.0,True,1,2.0,0.912
3ajf SO4 4 C,SO4,SO4,0.941721959266,0.941721959266,0.0,True,1,2.0,0.979
3ajf SO4 3 A,SO4,SO4,0.888413654776,0.888413654776,0.0,True,1,2.0,0.953
3ajf SO4 2 B,SO4,SO4,0.971899888986,0.971899888986,0.0,True,1,2.0,0.972
3ajf SO4 1 D,SO4,SO4,0.967510439952,0.967510439952,0.0,True,1,2.0,0.978
3ajd IPA 950 A,ACT,IPA,0.45023098064,0.13497740248,0.31525357816,False,2,1.29999995232,0.945
3aiz SO4 250 A,SO4,SO4,0.579576338279,0.579576338279,0.0,True,1,2.79999995232,0.908
3aiz SO4 249 A,SO4,SO4,0.901778647469,0.901778647469,0.0,True,1,2.79999995232,0.933
3aiz SO4 248 D,SO4,SO4,0.925782646469,0.925782646469,0.0,True,1,2.79999995232,0.914
3aiz SO4 248 C,SO4,SO4,0.862503913217,0.862503913217,0.0,True,1,2.79999995232,0.99
3aiz SO4 247 D,SO4,SO4,0.700204941825,0.700204941825,0.0,True,1,2.79999995232,0.968
3aiz SO4 247 C,SO4,SO4,0.800292629967,0.800292629967,0.0,True,1,2.79999995232,0.969
3aix SO4 249 A,SO4,SO4,0.90386182096,0.90386182096,0.0,True,1,2.90000009537,0.97
3aix SO4 248 A,SO4,SO4,0.868790657993,0.868790657993,0.0,True,1,2.90000009537,0.961
3aix SO4 247 A,SO4,SO4,0.950876669762,0.950876669762,0.0,True,1,2.90000009537,0.943
3aiu SO4 520 A,SO4,SO4,0.905837729288,0.905837729288,0.0,True,1,2.20000004768,0.994
3aio PO4 310 B,SO4,PO4,0.902134799782,0.0437978290774,0.858336970705,False,2,1.70000004768,0.903
3aio PO4 306 C,SO4,PO4,0.815550418812,0.0822182740454,0.733332144767,False,2,1.70000004768,0.958
3aio PO4 306 A,SO4,PO4,0.573747702067,0.0473986668478,0.526349035219,False,3,1.70000004768,0.896
3aio PO4 305 D,SO4,PO4,0.35882254323,0.105897093014,0.252925450216,False,3,1.70000004768,0.861
3aio PO4 305 A,GOL,PO4,0.152469872661,0.0529113731023,0.0995584995582,False,5,1.70000004768,0.71
3aio MRD 309 B,MPD,MRD,0.900092073876,0.0307859227048,0.869306151171,False,2,1.70000004768,0.878
3aio MRD 307 D,MPD,MRD,0.69968233891,0.0878941912954,0.611788147614,False,3,1.70000004768,0.879
3aio MRD 307 B,MPD,MRD,0.73019434541,0.100981986808,0.629212358602,False,2,1.70000004768,0.859
3aio MRD 306 D,PGE,MRD,0.25089542244,0.000683943147426,0.250211479293,False,181,1.70000004768,0.903
3aio MRD 305 C,MPD,MRD,0.753275025586,0.117342082199,0.635932943387,False,2,1.70000004768,0.919
3aio MRD 304 D,MPD,MRD,0.81713502523,0.133961329779,0.683173695451,False,2,1.70000004768,0.964
3aio MRD 304 C,MPD,MRD,0.571781777385,0.213413646378,0.358368131007,False,2,1.70000004768,0.918
3aio MRD 304 B,MRD,MRD,0.448910122085,0.448910122085,0.0,True,1,1.70000004768,0.936
3aio MPD 308 C,GOL,MPD,0.665181283778,0.00241265916648,0.662768624611,False,16,1.70000004768,0.788
3aio MPD 308 B,MPD,MPD,0.708430644639,0.708430644639,0.0,True,1,1.70000004768,0.932
3aio MPD 307 C,GOL,MPD,0.633476375808,0.187705117678,0.44577125813,False,2,1.70000004768,0.878
3aio MPD 307 A,EDO,MPD,0.284852811381,0.00682148473062,0.27803132665,False,12,1.70000004768,0.885
3aio MPD 306 B,GOL,MPD,0.597210760423,0.0166363225642,0.580574437858,False,5,1.70000004768,0.899
3aio MPD 305 B,MPD,MPD,0.21219873735,0.21219873735,0.0,True,1,1.70000004768,0.806
3aio MPD 304 A,MPD,MPD,0.543319763058,0.543319763058,0.0,True,1,1.70000004768,0.882
3ain PO4 306 C,SO4,PO4,0.718000515655,0.128219615779,0.589780899876,False,2,1.70000004768,0.931
3ain PO4 306 A,SO4,PO4,0.718920473026,0.0348833678402,0.684037105186,False,3,1.70000004768,0.937
3ain PO4 305 D,SO4,PO4,0.388840213759,0.12793100865,0.260909205109,False,3,1.70000004768,0.861
3ain PO4 305 A,GOL,PO4,0.498755136996,0.0302270498705,0.468528087125,False,6,1.70000004768,0.731
3ain MRD 308 B,MPD,MRD,0.636534934259,0.0278073242052,0.608727610054,False,4,1.70000004768,0.904
3ain MRD 307 D,MPD,MRD,0.727768391563,0.16095722634,0.566811165223,False,2,1.70000004768,0.853
3ain MRD 306 D,MPD,MRD,0.742031629391,0.0461925337559,0.695839095635,False,2,1.70000004768,0.871
3ain MRD 305 C,MPD,MRD,0.858216165957,0.0646470062538,0.793569159703,False,2,1.70000004768,0.957
3ain MRD 304 D,MRD,MRD,0.667147322467,0.667147322467,0.0,True,1,1.70000004768,0.971
3ain MRD 304 C,MPD,MRD,0.484787521755,0.22468599929,0.260101522466,False,2,1.70000004768,0.905
3ain MPD 308 A,MPD,MPD,0.793584698123,0.793584698123,0.0,True,1,1.70000004768,0.838
3ain MPD 307 A,GOL,MPD,0.409329263516,0.103246171231,0.306083092285,False,3,1.70000004768,0.926
3ain MPD 306 B,GOL,MPD,0.507456915176,0.0141417154431,0.493315199733,False,6,1.70000004768,0.797
3ain MPD 305 B,GOL,MPD,0.279962005502,0.227961170715,0.0520008347873,False,2,1.70000004768,0.772
3ain MPD 304 B,MPD,MPD,0.59183117457,0.59183117457,0.0,True,1,1.70000004768,0.93
3ain MPD 304 A,MRD,MPD,0.695099578467,0.210091071525,0.485008506942,False,2,1.70000004768,0.91
3aim PO4 308 B,SO4,PO4,0.453640361736,0.110710272182,0.342930089554,False,2,2.29999995232,0.878
3aim PO4 306 C,SO4,PO4,0.870122844515,0.0573888370337,0.812734007481,False,2,2.29999995232,0.959
3aim PO4 306 A,SO4,PO4,0.68066724221,0.0220582094626,0.658609032748,False,4,2.29999995232,0.879
3aim PO4 305 D,SO4,PO4,0.6932705015,0.0325594452587,0.660711056241,False,4,2.29999995232,0.897
3aim PO4 305 A,SO4,PO4,0.116627379875,0.0151449594526,0.101482420423,False,12,2.29999995232,0.908
3aim MRD 307 C,GOL,MRD,0.525144312112,0.147927448958,0.377216863154,False,2,2.29999995232,0.875
3aim MRD 307 B,EDO,MRD,0.256947454929,0.0167692178499,0.240178237079,False,7,2.29999995232,0.926
3aim MPD 305 B,GOL,MPD,0.332041680195,0.0936087138692,0.238432966326,False,2,2.29999995232,0.896
3aim MPD 304 B,SO4,MPD,0.114416063702,0.0972523951305,0.0171636685716,False,2,2.29999995232,0.926
3aim MPD 304 A,SO4,MPD,0.0824902903492,0.00985698680832,0.0726333035409,False,14,2.29999995232,0.923
3ail PO4 306 A,EDO,PO4,0.28037371954,0.0371337104026,0.243240009137,False,4,1.89999997616,0.857
3aik PO4 307 A,SO4,PO4,0.713864474592,0.15193628407,0.561928190522,False,2,2.0,0.919
3aik PO4 306 D,SO4,PO4,0.618172210794,0.0316422716599,0.586529939134,False,4,2.0,0.857
3aik PO4 306 A,GOL,PO4,0.380740110334,0.0172074072029,0.363532703131,False,6,2.0,0.829
3aik MPD 306 B,GOL,MPD,0.833552444296,0.0331305316389,0.800421912658,False,2,2.0,0.863
3aik MPD 305 B,GOL,MPD,0.762409502492,0.0364987997855,0.725910702706,False,3,2.0,0.876
3aik MPD 304 B,MRD,MPD,0.508216143475,0.370858826632,0.137357316843,False,2,2.0,0.916
3aik MPD 304 A,MPD,MPD,0.426240521123,0.426240521123,0.0,True,1,2.0,0.928
3ai4 SO4 283 A,SO4,SO4,0.340282270324,0.340282270324,0.0,True,1,1.60000002384,0.971
3ai3 NDP 270 G,NAP,NDP,0.713909547006,0.247827250446,0.466082296559,False,2,1.79999995232,0.97
3ai3 NDP 270 E,NAP,NDP,0.885275499229,0.0836829585986,0.801592540631,False,2,1.79999995232,0.97
3ai3 NDP 270 C,NAP,NDP,0.853567476782,0.112843918923,0.740723557859,False,2,1.79999995232,0.972
3ai3 NDP 270 A,NAP,NDP,0.82026535279,0.16307459239,0.6571907604,False,2,1.79999995232,0.96
3ai2 NDP 270 H,NAP,NDP,0.928313833339,0.0558867767645,0.872427056574,False,2,1.89999997616,0.97
3ai2 NDP 270 G,NAP,NDP,0.875024764686,0.112202717054,0.762822047632,False,2,1.89999997616,0.975
3ai2 NDP 270 F,NDP,NDP,0.587059084355,0.587059084355,0.0,True,1,1.89999997616,0.963
3ai2 NDP 270 E,NAP,NDP,0.783036825729,0.139216564892,0.643820260837,False,2,1.89999997616,0.944
3ai2 NDP 270 D,NAP,NDP,0.506599313446,0.469066312127,0.0375330013194,False,2,1.89999997616,0.961
3ai2 NDP 270 C,NAP,NDP,0.474687348949,0.374968465903,0.0997188830458,False,2,1.89999997616,0.965
3ai2 NDP 270 B,NAP,NDP,0.843597043385,0.143761202073,0.699835841312,False,2,1.89999997616,0.973
3ai2 NDP 270 A,NAP,NDP,0.907410320183,0.068620127486,0.838790192697,False,2,1.89999997616,0.964
3ahz TRS 4001 A,TRS,TRS,0.981900550678,0.981900550678,0.0,True,1,1.29999995232,0.948
3ahy TRS 500 C,GOL,TRS,0.904794481678,0.0168685455739,0.887925936104,False,2,1.60000002384,0.898
3ahy TRS 500 A,GOL,TRS,0.333315504532,0.0323888476301,0.300926656902,False,5,1.60000002384,0.866
3ahv SO4 1002 B,SO4,SO4,0.760957371913,0.760957371913,0.0,True,1,1.89999997616,0.972
3ahv SO4 1002 A,SO4,SO4,0.960310561766,0.960310561766,0.0,True,1,1.89999997616,0.986
3aht SO4 1002 B,SO4,SO4,0.905364597608,0.905364597608,0.0,True,1,2.79999995232,0.975
3aht SO4 1002 A,SO4,SO4,0.929581637438,0.929581637438,0.0,True,1,2.79999995232,0.972
3ahs PO4 115 C,PO4,PO4,0.828747735132,0.828747735132,0.0,True,1,1.29999995232,0.992
3ahs PO4 115 B,SO4,PO4,0.590871719102,0.303404746367,0.287466972736,False,2,1.29999995232,0.995
3ahs PO4 115 A,PO4,PO4,0.733845897011,0.733845897011,0.0,True,1,1.29999995232,0.987
3ahr FAD 1 A,FAD,FAD,0.577279636314,0.577279636314,0.0,True,1,3.09999990463,0.968
3ahq FAD 1 A,FAD,FAD,0.922805928625,0.922805928625,0.0,True,1,2.29999995232,0.977
3ahf PO4 828 A,GOL,PO4,0.241039323077,0.184933648149,0.0561056749286,False,2,2.29999995232,0.892
3aha MPD 5001 B,MPD,MPD,0.588441170547,0.588441170547,0.0,True,1,1.70000004768,0.949
3ah5 UMP 241 F,SIA,UMP,0.127290604266,0.0650921279072,0.0621984763584,False,3,2.5,0.941
3ah5 UMP 241 E,UMP,UMP,0.523930382428,0.523930382428,0.0,True,1,2.5,0.924
3ah5 UMP 241 D,NAP,UMP,0.190960150202,0.139254304656,0.0517058455463,False,2,2.5,0.931
3ah5 UMP 241 C,UMP,UMP,0.736801633911,0.736801633911,0.0,True,1,2.5,0.943
3ah5 UMP 241 B,UMP,UMP,0.946936495694,0.946936495694,0.0,True,1,2.5,0.951
3ah5 UMP 241 A,UMP,UMP,0.413163491646,0.413163491646,0.0,True,1,2.5,0.953
3ah5 SO4 9 C,SO4,SO4,0.477406832724,0.477406832724,0.0,True,1,2.5,0.864
3ah5 SO4 8 C,SO4,SO4,0.835891987529,0.835891987529,0.0,True,1,2.5,0.944
3ah5 SO4 7 F,SO4,SO4,0.649214381197,0.649214381197,0.0,True,1,2.5,0.935
3ah5 SO4 6 D,SO4,SO4,0.354511660959,0.354511660959,0.0,True,1,2.5,0.885
3ah5 SO4 5 A,SO4,SO4,0.807789366846,0.807789366846,0.0,True,1,2.5,0.889
3ah5 SO4 4 C,SO4,SO4,0.872662984064,0.872662984064,0.0,True,1,2.5,0.94
3ah5 SO4 2 E,SO4,SO4,0.92308726411,0.92308726411,0.0,True,1,2.5,0.815
3ah5 SO4 11 A,EDO,SO4,0.321855855145,0.114220631164,0.207635223981,False,3,2.5,0.906
3ah5 SO4 10 A,SO4,SO4,0.729830782388,0.729830782388,0.0,True,1,2.5,0.908
3ah5 SO4 1 E,SO4,SO4,0.809804378264,0.809804378264,0.0,True,1,2.5,0.934
3ah5 FAD 240 F,FAD,FAD,0.963197830518,0.963197830518,0.0,True,1,2.5,0.901
3ah3 SO4 335 D,SO4,SO4,0.792030770983,0.792030770983,0.0,True,1,2.40000009537,0.856
3ah3 SO4 335 C,SO4,SO4,0.783353647877,0.783353647877,0.0,True,1,2.40000009537,0.859
3ah3 SO4 335 B,SO4,SO4,0.587277426851,0.587277426851,0.0,True,1,2.40000009537,0.904
3ah3 SO4 335 A,SO4,SO4,0.921447883398,0.921447883398,0.0,True,1,2.40000009537,0.921
3agw EOH 2 A,SO4,EOH,0.454120225951,0.000855988577547,0.453264237374,False,46,2.20000004768,0.928
3ag1 FME 1 A,SO4,FME,0.455523520565,0.119803148674,0.335720371891,False,2,2.20000004768,0.943
3afo NAI 1001 B,C2E,NAI,0.376077321528,0.00128694699677,0.374790374532,False,158,2.0,0.953
3afo MPD 2002 A,EDO,MPD,0.536736383398,0.000413848908063,0.53632253449,False,195,2.0,0.768
3afo MPD 2001 B,GOL,MPD,0.198502691462,0.00887241613656,0.189630275326,False,10,2.0,0.893
3afo MPD 2001 A,GOL,MPD,0.3408181646,0.28186958142,0.0589485831799,False,2,2.0,0.899
3afn NAP 3001 D,NAP,NAP,0.311791090799,0.311791090799,0.0,True,1,1.60000002384,0.915
3afn NAP 3001 C,NAP,NAP,0.430925040629,0.430925040629,0.0,True,1,1.60000002384,0.91
3afn NAP 3001 B,NAP,NAP,0.544636707428,0.544636707428,0.0,True,1,1.60000002384,0.956
3afn NAP 3001 A,NAP,NAP,0.641582176702,0.641582176702,0.0,True,1,1.60000002384,0.949
3afj PO4 3902 B,PO4,PO4,0.639985339255,0.639985339255,0.0,True,1,1.89999997616,0.992
3afj PO4 2902 A,PO4,PO4,0.797817567972,0.797817567972,0.0,True,1,1.89999997616,0.995
3afj BGC 3901 B,BGC,BGC,0.875942760006,0.875942760006,0.0,True,1,1.89999997616,0.987
3afj BGC 2901 A,BGC,BGC,0.739783622557,0.739783622557,0.0,True,1,1.89999997616,0.989
3af9 SO4 175 X,SO4,SO4,0.890066090576,0.890066090576,0.0,True,1,1.89999997616,0.942
3af8 SO4 178 X,SO4,SO4,0.835919296167,0.835919296167,0.0,True,1,1.70000004768,0.982
3af7 SO4 176 X,SO4,SO4,0.942976622385,0.942976622385,0.0,True,1,1.60000002384,0.974
3af6 SO4 654 A,GOL,SO4,0.550272646785,0.0313510181707,0.518921628614,False,4,2.59999990463,0.827
3af6 SO4 653 A,SIA,SO4,0.338148907126,0.120479003769,0.217669903358,False,3,2.59999990463,0.862
3af5 SO4 656 A,SO4,SO4,0.606909730829,0.606909730829,0.0,True,1,2.59999990463,0.959
3af5 SO4 655 A,SO4,SO4,0.756084050986,0.756084050986,0.0,True,1,2.59999990463,0.946
3af5 SO4 654 A,GOL,SO4,0.206986624583,0.15513550357,0.0518511210127,False,3,2.59999990463,0.77
3af5 SO4 653 A,SO4,SO4,0.454589770991,0.454589770991,0.0,True,1,2.59999990463,0.87
3af5 SO4 652 A,SO4,SO4,0.883231901862,0.883231901862,0.0,True,1,2.59999990463,0.992
3aey SO4 505 A,SO4,SO4,0.930300827495,0.930300827495,0.0,True,1,1.89999997616,0.982
3aey SO4 504 A,SO4,SO4,0.944939769654,0.944939769654,0.0,True,1,1.89999997616,0.994
3aey SO4 503 B,SO4,SO4,0.920795394001,0.920795394001,0.0,True,1,1.89999997616,0.996
3aey SO4 503 A,SO4,SO4,0.923411258179,0.923411258179,0.0,True,1,1.89999997616,0.976
3aey SO4 502 B,SO4,SO4,0.67251717594,0.67251717594,0.0,True,1,1.89999997616,0.936
3aey SO4 502 A,SO4,SO4,0.750768525158,0.750768525158,0.0,True,1,1.89999997616,0.978
3aey SO4 501 B,SO4,SO4,0.462837855578,0.462837855578,0.0,True,1,1.89999997616,0.797
3aey SO4 501 A,SO4,SO4,0.878474983239,0.878474983239,0.0,True,1,1.89999997616,0.954
3aex PO4 6267 B,SO4,PO4,0.665849836654,0.25816354118,0.407686295473,False,2,2.09999990463,0.97
3aex PO4 6265 A,SO4,PO4,0.868837602445,0.0821962242959,0.786641378149,False,2,2.09999990463,0.989
3aeu SF4 425 C,SF4,SF4,0.990078430351,0.990078430351,0.0,True,1,2.90000009537,0.987
3aeu SF4 425 A,SF4,SF4,0.99275253593,0.99275253593,0.0,True,1,2.90000009537,0.993
3aet SF4 425 C,SF4,SF4,0.991223672257,0.991223672257,0.0,True,1,2.90000009537,0.987
3aet SF4 425 A,SF4,SF4,0.970831617861,0.970831617861,0.0,True,1,2.90000009537,0.987
3aes SF4 425 C,SF4,SF4,0.991329349359,0.991329349359,0.0,True,1,2.5,0.99
3aes SF4 425 A,SF4,SF4,0.994030468159,0.994030468159,0.0,True,1,2.5,0.989
3aer SF4 425 C,SF4,SF4,0.964838114619,0.964838114619,0.0,True,1,2.79999995232,0.991
3aer SF4 425 A,SF4,SF4,0.994564383504,0.994564383504,0.0,True,1,2.79999995232,0.992
3aeq SF4 425 C,SF4,SF4,0.994957122158,0.994957122158,0.0,True,1,2.90000009537,0.987
3aeq SF4 425 A,SF4,SF4,0.995725375452,0.995725375452,0.0,True,1,2.90000009537,0.984
3aep SO4 2010 D,SO4,SO4,0.947798579942,0.947798579942,0.0,True,1,2.29999995232,0.951
3aep SO4 2009 C,SO4,SO4,0.897457058565,0.897457058565,0.0,True,1,2.29999995232,0.943
3aep SO4 2008 B,SO4,SO4,0.822903001394,0.822903001394,0.0,True,1,2.29999995232,0.951
3aep SO4 2007 A,SO4,SO4,0.891346455097,0.891346455097,0.0,True,1,2.29999995232,0.953
3aeo SO4 2008 D,SO4,SO4,0.924128634929,0.924128634929,0.0,True,1,2.09999990463,0.942
3aeo SO4 2007 C,SO4,SO4,0.945234986886,0.945234986886,0.0,True,1,2.09999990463,0.933
3aeo SO4 2006 B,SO4,SO4,0.85334796705,0.85334796705,0.0,True,1,2.09999990463,0.927
3aeo SO4 2005 A,SO4,SO4,0.864243864499,0.864243864499,0.0,True,1,2.09999990463,0.933
3ael SO4 2009 D,SO4,SO4,0.91370373146,0.91370373146,0.0,True,1,2.0,0.967
3ael SO4 2008 C,SO4,SO4,0.97360029083,0.97360029083,0.0,True,1,2.0,0.954
3ael SO4 2007 B,SO4,SO4,0.775453090856,0.775453090856,0.0,True,1,2.0,0.966
3ael SO4 2006 A,SO4,SO4,0.855640839973,0.855640839973,0.0,True,1,2.0,0.968
3aek SF4 425 C,SF4,SF4,0.982471679329,0.982471679329,0.0,True,1,2.29999995232,0.993
3aek SF4 425 A,SF4,SF4,0.968586137492,0.968586137492,0.0,True,1,2.29999995232,0.991
3aei SO4 101 B,SO4,SO4,0.921271639176,0.921271639176,0.0,True,1,1.70000004768,0.97
3aei SO4 100 B,SO4,SO4,0.915157334027,0.915157334027,0.0,True,1,1.70000004768,0.961
3aei SO4 100 A,SO4,SO4,0.870816235576,0.870816235576,0.0,True,1,1.70000004768,0.969
3aeg SF4 303 B,SF4,SF4,0.772320106259,0.772320106259,0.0,True,1,3.29999995232,0.995
3aeg HEM 1305 C,ADP,HEM,0.268146210526,0.00965835116036,0.258487859366,False,13,3.29999995232,0.972
3aeg FAD 700 A,FAD,FAD,0.877562607472,0.877562607472,0.0,True,1,3.29999995232,0.906
3aeg F3S 304 B,F3S,F3S,0.17116311539,0.17116311539,0.0,True,1,3.29999995232,0.985
3aef HEM 1305 C,HEM,HEM,0.776845114962,0.776845114962,0.0,True,1,2.79999995232,0.978
3aef FAD 700 A,FAD,FAD,0.981959486286,0.981959486286,0.0,True,1,2.79999995232,0.966
3aef F3S 304 B,HEM,F3S,0.129094073525,0.00763033984092,0.121463733684,False,20,2.79999995232,0.994
3aee SF4 303 B,SF4,SF4,0.944927841179,0.944927841179,0.0,True,1,3.20000004768,0.994
3aee HEM 1305 C,HEM,HEM,0.749367613878,0.749367613878,0.0,True,1,3.20000004768,0.97
3aee FAD 700 A,FAD,FAD,0.558039251393,0.558039251393,0.0,True,1,3.20000004768,0.929
3aee F3S 304 B,SF4,F3S,0.49418954094,0.403781293276,0.0904082476643,False,2,3.20000004768,0.989
3aed SF4 303 B,SF4,SF4,0.567772134163,0.567772134163,0.0,True,1,3.5,0.997
3aed HEM 1305 C,HEM,HEM,0.831832804625,0.831832804625,0.0,True,1,3.5,0.961
3aed FAD 700 A,FAD,FAD,0.656297485094,0.656297485094,0.0,True,1,3.5,0.875
3aed F3S 304 B,F3S,F3S,0.779326368086,0.779326368086,0.0,True,1,3.5,0.992
3aec SF4 303 B,SF4,SF4,0.92864189173,0.92864189173,0.0,True,1,3.59999990463,0.991
3aec HEM 1305 C,HEM,HEM,0.58609733047,0.58609733047,0.0,True,1,3.59999990463,0.948
3aec FAD 700 A,FAD,FAD,0.971590410137,0.971590410137,0.0,True,1,3.59999990463,0.854
3aec F3S 304 B,F3S,F3S,0.865481875094,0.865481875094,0.0,True,1,3.59999990463,0.991
3aeb SF4 303 B,SF4,SF4,0.972474731481,0.972474731481,0.0,True,1,3.0,0.994
3aeb HEM 1305 C,HEM,HEM,0.978628084432,0.978628084432,0.0,True,1,3.0,0.969
3aeb FAD 700 A,FAD,FAD,0.930479026709,0.930479026709,0.0,True,1,3.0,0.948
3aeb F3S 304 B,F3S,F3S,0.942345551397,0.942345551397,0.0,True,1,3.0,0.991
3aea SF4 303 B,SF4,SF4,0.924989028941,0.924989028941,0.0,True,1,3.40000009537,0.996
3aea HEM 1305 C,HEM,HEM,0.880755650491,0.880755650491,0.0,True,1,3.40000009537,0.972
3aea FAD 700 A,FAD,FAD,0.582404327057,0.582404327057,0.0,True,1,3.40000009537,0.853
3aea F3S 304 B,F3S,F3S,0.632821610846,0.632821610846,0.0,True,1,3.40000009537,0.982
3ae9 SF4 303 B,SF4,SF4,0.83684306577,0.83684306577,0.0,True,1,3.29999995232,0.996
3ae9 HEM 1305 C,HEM,HEM,0.503599091962,0.503599091962,0.0,True,1,3.29999995232,0.963
3ae9 FAD 700 A,FAD,FAD,0.968130588946,0.968130588946,0.0,True,1,3.29999995232,0.902
3ae9 F3S 304 B,F3S,F3S,0.920184671708,0.920184671708,0.0,True,1,3.29999995232,0.989
3ae8 SF4 303 B,SF4,SF4,0.855705179265,0.855705179265,0.0,True,1,3.40000009537,0.996
3ae8 HEM 1305 C,HEM,HEM,0.783302825379,0.783302825379,0.0,True,1,3.40000009537,0.96
3ae8 FAD 700 A,FAD,FAD,0.959045781962,0.959045781962,0.0,True,1,3.40000009537,0.894
3ae8 F3S 304 B,FES,F3S,0.240219111085,0.0331857612704,0.207033349815,False,8,3.40000009537,0.991
3ae7 SF4 303 B,SF4,SF4,0.576772893842,0.576772893842,0.0,True,1,3.59999990463,0.995
3ae7 HEM 1305 C,HEM,HEM,0.516274164331,0.516274164331,0.0,True,1,3.59999990463,0.963
3ae7 FAD 700 A,FAD,FAD,0.656938816273,0.656938816273,0.0,True,1,3.59999990463,0.789
3ae7 F3S 304 B,F3S,F3S,0.427098041701,0.427098041701,0.0,True,1,3.59999990463,0.942
3ae6 SF4 303 B,F3S,SF4,0.664750708721,0.319561937269,0.345188771452,False,2,3.40000009537,0.992
3ae6 HEM 1305 C,HEM,HEM,0.335743801563,0.335743801563,0.0,True,1,3.40000009537,0.947
3ae6 FES 302 B,FES,FES,0.948105503965,0.948105503965,0.0,True,1,3.40000009537,0.991
3ae6 FAD 700 A,FAD,FAD,0.936600475638,0.936600475638,0.0,True,1,3.40000009537,0.877
3ae6 F3S 304 B,F3S,F3S,0.801302802607,0.801302802607,0.0,True,1,3.40000009537,0.984
3ae5 SF4 303 B,SF4,SF4,0.660472395574,0.660472395574,0.0,True,1,3.40000009537,0.996
3ae5 HEM 1305 C,HEM,HEM,0.232388159897,0.232388159897,0.0,True,1,3.40000009537,0.957
3ae5 FES 302 B,FES,FES,0.911462164079,0.911462164079,0.0,True,1,3.40000009537,0.992
3ae5 FAD 700 A,FMN,FAD,0.229256597915,0.00229275101049,0.226963846904,False,44,3.40000009537,0.893
3ae5 F3S 304 B,ADP,F3S,0.172716975802,0.00365584373592,0.169061132066,False,35,3.40000009537,0.994
3ae4 SF4 303 B,SF4,SF4,0.986502844247,0.986502844247,0.0,True,1,2.90000009537,0.995
3ae4 HEM 1305 C,HEM,HEM,0.4790065648,0.4790065648,0.0,True,1,2.90000009537,0.964
3ae4 FES 302 B,FES,FES,0.995877098788,0.995877098788,0.0,True,1,2.90000009537,0.982
3ae4 FAD 700 A,FAD,FAD,0.988633181905,0.988633181905,0.0,True,1,2.90000009537,0.907
3ae3 SF4 303 B,SF4,SF4,0.753653955762,0.753653955762,0.0,True,1,3.40000009537,0.997
3ae3 HEM 1305 C,HEM,HEM,0.914291928836,0.914291928836,0.0,True,1,3.40000009537,0.97
3ae3 FES 302 B,FES,FES,0.695657358685,0.695657358685,0.0,True,1,3.40000009537,0.995
3ae3 FAD 700 A,NDP,FAD,0.177589214606,0.128112734877,0.0494764797287,False,2,3.40000009537,0.916
3ae3 F3S 304 B,SF4,F3S,0.572235978749,0.354130500608,0.218105478141,False,2,3.40000009537,0.996
3ae2 SF4 303 B,SF4,SF4,0.974052078666,0.974052078666,0.0,True,1,3.09999990463,0.994
3ae2 HEM 1305 C,HEM,HEM,0.943622665408,0.943622665408,0.0,True,1,3.09999990463,0.975
3ae2 FES 302 B,FES,FES,0.897420688725,0.897420688725,0.0,True,1,3.09999990463,0.994
3ae2 F3S 304 B,F3S,F3S,0.8847488626,0.8847488626,0.0,True,1,3.09999990463,0.991
3ae1 SF4 303 B,SF4,SF4,0.993190900344,0.993190900344,0.0,True,1,3.09999990463,0.994
3ae1 FES 302 B,FES,FES,0.917870693237,0.917870693237,0.0,True,1,3.09999990463,0.995
3ae1 F3S 304 B,F3S,F3S,0.984751715663,0.984751715663,0.0,True,1,3.09999990463,0.986
3adr EPE 272 A,GOL,EPE,0.610266993755,0.038886914862,0.571380078893,False,2,1.79999995232,0.751
3adp NAI 1001 A,NAD,NAI,0.946320791789,0.0326122665346,0.913708525254,False,2,1.89999997616,0.956
3ade SO4 709 A,SO4,SO4,0.681344313127,0.681344313127,0.0,True,1,2.79999995232,0.917
3ade SO4 708 A,SO4,SO4,0.683999928992,0.683999928992,0.0,True,1,2.79999995232,0.993
3ade SO4 707 A,SO4,SO4,0.801732039704,0.801732039704,0.0,True,1,2.79999995232,0.993
3ade SO4 706 A,SO4,SO4,0.503081764312,0.503081764312,0.0,True,1,2.79999995232,0.864
3ade SO4 705 A,SO4,SO4,0.795823439331,0.795823439331,0.0,True,1,2.79999995232,0.917
3ade SO4 704 A,SO4,SO4,0.865558810473,0.865558810473,0.0,True,1,2.79999995232,0.975
3ade SO4 703 A,SO4,SO4,0.841453215164,0.841453215164,0.0,True,1,2.79999995232,0.93
3ade SO4 702 A,SO4,SO4,0.709444848269,0.709444848269,0.0,True,1,2.79999995232,0.981
3ade SO4 701 A,SO4,SO4,0.84856412336,0.84856412336,0.0,True,1,2.79999995232,0.948
3add ANP 2002 B,ADP_MG,ANP_MG,0.74300241027,0.0194676772725,0.723534732998,False,5,2.40000009537,0.935
3add ANP 2001 A,TPO,ANP_MG,0.256647442496,0.0380813814204,0.218566061076,False,4,2.40000009537,0.933
3adc ANP 2002 B,ANP_MG,ANP_MG,0.145013165021,0.145013165021,0.0,True,1,2.90000009537,0.922
3adc ANP 2001 A,ATP_MG,ANP_MG,0.172842642586,0.018245526145,0.154597116441,False,7,2.90000009537,0.912
3adb PO4 2001 A,SO4,PO4,0.577562183119,0.104770121714,0.472792061405,False,2,2.79999995232,0.977
3adb ANP 2002 B,HEM,ANP_MG,0.157637396942,0.0869651878209,0.0706722091206,False,4,2.79999995232,0.936
3ada SO4 2567 A,SO4,SO4,0.91817862959,0.91817862959,0.0,True,1,2.20000004768,0.99
3ada SO4 2566 D,SO4,SO4,0.507239268345,0.507239268345,0.0,True,1,2.20000004768,0.967
3ada SO4 2564 C,SO4,SO4,0.609663555697,0.609663555697,0.0,True,1,2.20000004768,0.979
3ada SO4 2563 A,SO4,SO4,0.724198269178,0.724198269178,0.0,True,1,2.20000004768,0.969
3ada SO4 2562 A,SO4,SO4,0.889485582561,0.889485582561,0.0,True,1,2.20000004768,0.916
3ada SO4 2561 A,SO4,SO4,0.757594013287,0.757594013287,0.0,True,1,2.20000004768,0.968
3ada SO4 2560 A,SO4,SO4,0.695863255865,0.695863255865,0.0,True,1,2.20000004768,0.954
3ada SO4 2559 A,SO4,SO4,0.815486239787,0.815486239787,0.0,True,1,2.20000004768,0.968
3ada NAD 965 A,NAD,NAD,0.378503364314,0.378503364314,0.0,True,1,2.20000004768,0.99
3ada FAD 1 B,FAD,FAD,0.987966506754,0.987966506754,0.0,True,1,2.20000004768,0.966
3ad9 SO4 2567 A,SO4,SO4,0.876411053754,0.876411053754,0.0,True,1,2.29999995232,0.992
3ad9 SO4 2566 D,SO4,SO4,0.761660219821,0.761660219821,0.0,True,1,2.29999995232,0.98
3ad9 SO4 2564 C,SO4,SO4,0.812329222177,0.812329222177,0.0,True,1,2.29999995232,0.982
3ad9 SO4 2563 A,SO4,SO4,0.700404948735,0.700404948735,0.0,True,1,2.29999995232,0.938
3ad9 SO4 2561 B,SO4,SO4,0.746276768592,0.746276768592,0.0,True,1,2.29999995232,0.911
3ad9 SO4 2560 A,SO4,SO4,0.652412647811,0.652412647811,0.0,True,1,2.29999995232,0.947
3ad9 SO4 2559 A,SO4,SO4,0.8616370926,0.8616370926,0.0,True,1,2.29999995232,0.961
3ad9 NAD 965 A,FAD,NAD,0.736607708136,0.0601180541194,0.676489654016,False,2,2.29999995232,0.991
3ad9 FMN 406 B,FMN,FMN,0.984932582347,0.984932582347,0.0,True,1,2.29999995232,0.987
3ad9 FAD 405 B,FAD,FAD,0.996959656319,0.996959656319,0.0,True,1,2.29999995232,0.978
3ad8 SO4 2511 B,SO4,SO4,0.6527421045,0.6527421045,0.0,True,1,2.20000004768,0.904
3ad8 SO4 2510 B,SO4,SO4,0.446914688098,0.446914688098,0.0,True,1,2.20000004768,0.935
3ad8 SO4 2509 A,PO4,SO4,0.495088507001,0.423950388327,0.0711381186731,False,2,2.20000004768,0.981
3ad8 SO4 2508 C,SO4,SO4,0.798939756224,0.798939756224,0.0,True,1,2.20000004768,0.986
3ad8 SO4 2507 A,SO4,SO4,0.933856931026,0.933856931026,0.0,True,1,2.20000004768,0.956
3ad8 SO4 2506 A,SO4,SO4,0.413060665162,0.413060665162,0.0,True,1,2.20000004768,0.928
3ad8 SO4 2505 B,SO4,SO4,0.900289500857,0.900289500857,0.0,True,1,2.20000004768,0.971
3ad8 SO4 2504 A,SO4,SO4,0.937987212356,0.937987212356,0.0,True,1,2.20000004768,0.996
3ad8 SO4 2503 D,SO4,SO4,0.389862577587,0.389862577587,0.0,True,1,2.20000004768,0.945
3ad8 SO4 2502 A,SO4,SO4,0.825773345695,0.825773345695,0.0,True,1,2.20000004768,0.948
3ad8 SO4 2501 A,SO4,SO4,0.683190007962,0.683190007962,0.0,True,1,2.20000004768,0.966
3ad8 SO4 2500 A,SO4,SO4,0.809635004311,0.809635004311,0.0,True,1,2.20000004768,0.986
3ad8 NAD 965 A,FAD,NAD,0.660949186503,0.145019622327,0.515929564176,False,2,2.20000004768,0.991
3ad8 FMN 406 B,FMN,FMN,0.986835280463,0.986835280463,0.0,True,1,2.20000004768,0.985
3ad8 FAD 405 B,FAD,FAD,0.975622121883,0.975622121883,0.0,True,1,2.20000004768,0.974
3ad7 SO4 2571 A,SO4,SO4,0.875405283513,0.875405283513,0.0,True,1,2.20000004768,0.964
3ad7 SO4 2569 B,SO4,SO4,0.770399359763,0.770399359763,0.0,True,1,2.20000004768,0.983
3ad7 SO4 2568 B,SO4,SO4,0.596877475202,0.596877475202,0.0,True,1,2.20000004768,0.97
3ad7 SO4 2567 A,SO4,SO4,0.933467353631,0.933467353631,0.0,True,1,2.20000004768,0.993
3ad7 SO4 2566 D,SO4,SO4,0.650507662545,0.650507662545,0.0,True,1,2.20000004768,0.959
3ad7 SO4 2564 C,SO4,SO4,0.883890036557,0.883890036557,0.0,True,1,2.20000004768,0.982
3ad7 SO4 2563 A,SO4,SO4,0.890357066959,0.890357066959,0.0,True,1,2.20000004768,0.929
3ad7 SO4 2560 A,SO4,SO4,0.688012184033,0.688012184033,0.0,True,1,2.20000004768,0.974
3ad7 SO4 2559 A,SO4,SO4,0.930284820171,0.930284820171,0.0,True,1,2.20000004768,0.986
3ad7 NAD 965 A,NAD,NAD,0.503700119801,0.503700119801,0.0,True,1,2.20000004768,0.989
3ad7 FMN 406 B,FMN,FMN,0.949708448997,0.949708448997,0.0,True,1,2.20000004768,0.982
3ad7 FAD 405 B,FAD,FAD,0.953365360468,0.953365360468,0.0,True,1,2.20000004768,0.967
3ad6 SO4 511 A,SO4,SO4,0.283200883289,0.283200883289,0.0,True,1,2.20000004768,0.977
3ad6 SO4 510 A,SO4,SO4,0.69665001721,0.69665001721,0.0,True,1,2.20000004768,0.989
3ad5 SO4 511 A,DMS,SO4,0.372063069995,0.253488366084,0.118574703911,False,2,2.0,0.982
3ad5 SO4 510 A,SO4,SO4,0.827837037533,0.827837037533,0.0,True,1,2.0,0.995
3ad4 SO4 511 A,SO4,SO4,0.352374496139,0.352374496139,0.0,True,1,2.20000004768,0.968
3ad4 SO4 510 A,SO4,SO4,0.668116558318,0.668116558318,0.0,True,1,2.20000004768,0.992
3acz SO4 2012 D,SO4,SO4,0.885299483483,0.885299483483,0.0,True,1,2.0,0.947
3acz SO4 2011 A,GOL,SO4,0.517909982393,0.00340687199263,0.514503110401,False,5,2.0,0.639
3acz SO4 2009 C,SO4,SO4,0.956220794855,0.956220794855,0.0,True,1,2.0,0.945
3acz SO4 2008 D,EDO,SO4,0.354200371694,0.109233055056,0.244967316638,False,3,2.0,0.76
3acz SO4 2007 C,SO4,SO4,0.915013402233,0.915013402233,0.0,True,1,2.0,0.974
3acz SO4 2006 B,SO4,SO4,0.96896538841,0.96896538841,0.0,True,1,2.0,0.938
3acz SO4 2005 B,EDO,SO4,0.38565961446,0.0276420866311,0.358017527829,False,5,2.0,0.831
3acz SO4 2004 B,SO4,SO4,0.905945624981,0.905945624981,0.0,True,1,2.0,0.937
3acz SO4 2003 A,SO4,SO4,0.941465268259,0.941465268259,0.0,True,1,2.0,0.945
3acz SO4 2002 C,GOL,SO4,0.543953552338,0.014523890227,0.529429662111,False,6,2.0,0.716
3acz SO4 2001 A,SO4,SO4,0.960210099838,0.960210099838,0.0,True,1,2.0,0.982
3act PO4 3902 B,PO4,PO4,0.558674925512,0.558674925512,0.0,True,1,1.89999997616,0.995
3act PO4 2902 A,PO4,PO4,0.770963412372,0.770963412372,0.0,True,1,1.89999997616,0.996
3act BGC 3901 B,BGC,BGC,0.829287029831,0.829287029831,0.0,True,1,1.89999997616,0.988
3act BGC 2901 A,BGC,BGC,0.83365776511,0.83365776511,0.0,True,1,1.89999997616,0.988
3acs SO4 2902 B,SO4,SO4,0.694996554582,0.694996554582,0.0,True,1,2.5,0.996
3acs SO4 1902 A,SO4,SO4,0.914383053392,0.914383053392,0.0,True,1,2.5,0.994
3acs BGC 2901 B,BGC,BGC,0.483870774845,0.483870774845,0.0,True,1,2.5,0.961
3acs BGC 1901 A,BOG,BGC,0.746840911153,0.0455330637304,0.701307847423,False,2,2.5,0.966
3ack SO4 511 A,SO4,SO4,0.85269677482,0.85269677482,0.0,True,1,2.59999990463,0.958
3ack SO4 510 A,SO4,SO4,0.75247825293,0.75247825293,0.0,True,1,2.59999990463,0.991
3acj SO4 511 A,DMS,SO4,0.571121442264,0.191254969879,0.379866472384,False,2,2.20000004768,0.948
3acj SO4 510 A,SO4,SO4,0.829170389026,0.829170389026,0.0,True,1,2.20000004768,0.994
3aci PO4 206 A,SO4,PO4,0.698463682314,0.225054610335,0.47340907198,False,2,1.60000002384,0.982
3aci PO4 205 A,SO4,PO4,0.811128071657,0.141556496143,0.669571575514,False,2,1.60000002384,0.967
3ach PO4 205 A,SO4,PO4,0.58279868597,0.331147899281,0.251650786689,False,2,1.39999997616,0.98
3acg PO4 205 A,SO4,PO4,0.487349986653,0.119254379932,0.368095606721,False,2,1.5,0.95
3acf SO4 205 A,SO4,SO4,0.593094812937,0.593094812937,0.0,True,1,1.60000002384,0.923
3acc 5GP 817 A,AMP,5GP,0.772592917492,0.0184398001776,0.754153117315,False,4,2.20000004768,0.974
3ac8 SO4 511 A,SO4,SO4,0.471631455255,0.471631455255,0.0,True,1,2.29999995232,0.86
3ac8 SO4 510 A,SO4,SO4,0.799295972553,0.799295972553,0.0,True,1,2.29999995232,0.978
3ac5 SO4 511 A,SO4,SO4,0.50571609152,0.50571609152,0.0,True,1,2.5,0.97
3ac5 SO4 510 A,SO4,SO4,0.650737992668,0.650737992668,0.0,True,1,2.5,0.993
3ac4 SO4 511 A,SO4,SO4,0.368487887072,0.368487887072,0.0,True,1,2.70000004768,0.966
3ac4 SO4 510 A,SO4,SO4,0.667545232569,0.667545232569,0.0,True,1,2.70000004768,0.991
3ac3 SO4 510 A,SO4,SO4,0.764763143374,0.764763143374,0.0,True,1,2.59999990463,0.972
3ac3 SO4 1 A,SO4,SO4,0.676566725757,0.676566725757,0.0,True,1,2.59999990463,0.993
3ac2 SO4 511 A,DMS,SO4,0.365676034818,0.313319261343,0.0523567734745,False,2,2.09999990463,0.964
3ac2 SO4 510 A,SO4,SO4,0.879874927568,0.879874927568,0.0,True,1,2.09999990463,0.997
3ac1 SO4 511 A,ACT,SO4,0.274083768744,0.240110042217,0.0339737265277,False,2,2.0,0.945
3ac1 SO4 510 A,SO4,SO4,0.80168745349,0.80168745349,0.0,True,1,2.0,0.992
3ac0 BGC 5004 D,SO4,BGC,0.0799851397197,0.00398898289915,0.0759961568206,False,49,2.5,0.969
3ac0 BGC 5003 C,BGC,BGC,0.817533317697,0.817533317697,0.0,True,1,2.5,0.976
3ac0 BGC 5002 B,BGC,BGC,0.868759317879,0.868759317879,0.0,True,1,2.5,0.977
3ac0 BGC 5001 A,NAG,BGC,0.20517921091,0.0106079883573,0.194571222553,False,15,2.5,0.964
3abv SF4 303 B,SF4,SF4,0.980332662466,0.980332662466,0.0,True,1,3.20000004768,0.996
3abv HEM 1305 C,HEM,HEM,0.890253483253,0.890253483253,0.0,True,1,3.20000004768,0.966
3abv FES 302 B,FES,FES,0.901620727991,0.901620727991,0.0,True,1,3.20000004768,0.996
3abv FAD 700 A,FAD,FAD,0.97339867461,0.97339867461,0.0,True,1,3.20000004768,0.952
3abv F3S 304 B,F3S,F3S,0.731331227501,0.731331227501,0.0,True,1,3.20000004768,0.987
3abs SO4 2000 C,SO4,SO4,0.325217683616,0.325217683616,0.0,True,1,2.29999995232,0.824
3abm PGV 1268 N,DMU,PGV,0.287049236285,0.0202285765085,0.266820659776,False,5,2.0,0.718
3abm PGV 1267 P,PGV,PGV,0.981111361045,0.981111361045,0.0,True,1,2.0,0.962
3abm PGV 1266 N,PGV,PGV,0.9584952157,0.9584952157,0.0,True,1,2.0,0.969
3abm FME 1 O,GOL,FME,0.389006465116,0.143349731767,0.245656733349,False,2,2.0,0.956
3abm FME 1 N,FME,FME,0.845600439949,0.845600439949,0.0,True,1,2.0,0.936
3abm FME 1 B,CSO,FME,0.196735210287,0.129966649097,0.0667685611897,False,2,2.0,0.963
3abm FME 1 A,FME,FME,0.248363504541,0.248363504541,0.0,True,1,2.0,0.932
3abl PGV 524 A,NAG,PGV,0.195312435247,0.0566976818941,0.138614753352,False,4,2.09999990463,0.768
3abl PGV 522 A,PGV,PGV,0.909992473336,0.909992473336,0.0,True,1,2.09999990463,0.969
3abl PGV 268 C,GOL,PGV,0.13110823811,0.00792175215468,0.123186485955,False,18,2.09999990463,0.718
3abl PGV 267 C,PGV,PGV,0.960526564884,0.960526564884,0.0,True,1,2.09999990463,0.962
3abl PGV 1524 N,PGV,PGV,0.250905901345,0.250905901345,0.0,True,1,2.09999990463,0.755
3abl PGV 1268 P,LDA,PGV,0.238505880496,0.0105819776527,0.227923902843,False,15,2.09999990463,0.731
3abl PGV 1267 P,PGV,PGV,0.892503325147,0.892503325147,0.0,True,1,2.09999990463,0.957
3abl PGV 1266 N,PGV,PGV,0.948091659013,0.948091659013,0.0,True,1,2.09999990463,0.964
3abl FME 1 O,GOL,FME,0.245351419925,0.0239344733097,0.221416946616,False,7,2.09999990463,0.96
3abl FME 1 N,GOL,FME,0.469376050011,0.134124145627,0.335251904384,False,3,2.09999990463,0.91
3abl FME 1 B,FME,FME,0.366287628878,0.366287628878,0.0,True,1,2.09999990463,0.972
3abl FME 1 A,GOL,FME,0.362537498341,0.0381527572463,0.324384741095,False,4,2.09999990463,0.911
3abl CHD 525 C,CHD,CHD,0.980877789084,0.980877789084,0.0,True,1,2.09999990463,0.947
3abl CHD 271 C,BMA,CHD,0.255040900286,0.0184996428137,0.236541257472,False,10,2.09999990463,0.851
3abl CHD 229 O,CHD,CHD,0.961158209128,0.961158209128,0.0,True,1,2.09999990463,0.959
3abl CHD 1525 P,CHD,CHD,0.979926213474,0.979926213474,0.0,True,1,2.09999990463,0.936
3abl CHD 1271 P,NAG,CHD,0.128527442428,0.01550668594,0.113020756488,False,14,2.09999990463,0.881
3abl CHD 1086 B,CHD,CHD,0.977113123177,0.977113123177,0.0,True,1,2.09999990463,0.959
3abk PGV 524 A,PGV,PGV,0.249469314605,0.249469314605,0.0,True,1,2.0,0.763
3abk FME 1 O,PCA,FME,0.386763349395,0.233839996757,0.152923352637,False,2,2.0,0.965
3abk FME 1 N,FME,FME,0.422656562977,0.422656562977,0.0,True,1,2.0,0.933
3abk FME 1 B,FME,FME,0.945456787243,0.945456787243,0.0,True,1,2.0,0.975
3abk FME 1 A,FME,FME,0.255715763543,0.255715763543,0.0,True,1,2.0,0.907
3abk CHD 525 C,CHD,CHD,0.967794029225,0.967794029225,0.0,True,1,2.0,0.964
3abk CHD 229 O,CHD,CHD,0.865197828142,0.865197828142,0.0,True,1,2.0,0.967
3abk CHD 1525 P,CHD,CHD,0.978126168603,0.978126168603,0.0,True,1,2.0,0.958
3abk CHD 1271 P,GOL,CHD,0.3412965402,0.000720093068402,0.340576447132,False,39,2.0,0.867
3abk CHD 1085 B,CHD,CHD,0.988413656149,0.988413656149,0.0,True,1,2.0,0.965
3abi SO4 2002 B,GOL,SO4,0.847681509574,0.0444019680488,0.803279541525,False,2,2.40000009537,0.872
3abi SO4 2001 A,SO4,SO4,0.733752840317,0.733752840317,0.0,True,1,2.40000009537,0.884
3abi NAD 1002 B,NAP,NAD,0.684812595291,0.0139880679452,0.670824527345,False,4,2.40000009537,0.947
3abi NAD 1001 A,NAP,NAD,0.559479705304,0.170474044624,0.389005660679,False,2,2.40000009537,0.949
3abf SO4 72 E,SO4,SO4,0.927914313464,0.927914313464,0.0,True,1,1.89999997616,0.975
3abf SO4 71 A,SO4,SO4,0.762089010265,0.762089010265,0.0,True,1,1.89999997616,0.98
3abf SO4 70 C,SO4,SO4,0.856429129233,0.856429129233,0.0,True,1,1.89999997616,0.942
3abb HEM 1430 A,HEM,HEM,0.996067429536,0.996067429536,0.0,True,1,2.29999995232,0.99
3aba SO4 406 A,SO4,SO4,0.966364958758,0.966364958758,0.0,True,1,1.79999995232,0.972
3aba SO4 405 A,SO4,SO4,0.97319468279,0.97319468279,0.0,True,1,1.79999995232,0.978
3aba HEM 1408 A,HEM,HEM,0.919380192938,0.919380192938,0.0,True,1,1.79999995232,0.984
3ab1 FAD 361 B,FAD,FAD,0.956555546532,0.956555546532,0.0,True,1,2.40000009537,0.976
3ab1 FAD 361 A,FAD,FAD,0.974632888246,0.974632888246,0.0,True,1,2.40000009537,0.947
3aay SO4 600 B,SO4,SO4,0.925340847936,0.925340847936,0.0,True,1,1.89999997616,0.992
3aay SO4 600 A,SO4,SO4,0.780568883686,0.780568883686,0.0,True,1,1.89999997616,0.987
3aaa IPA 1002 B,DMS,IPA,0.655797704904,0.00969521666424,0.646102488239,False,7,2.20000004768,0.919
3aaa IPA 1001 B,GOL,IPA,0.966762864203,0.000670092162595,0.966092772041,False,9,2.20000004768,0.796
3a9z PO4 504 A,SO4,PO4,0.826463923154,0.142144110517,0.684319812637,False,2,1.60000002384,0.951
3a9y PO4 503 A,SO4,PO4,0.855009449602,0.0751018477064,0.779907601895,False,2,1.89999997616,0.969
3a9x PO4 504 B,SO4,PO4,0.526657859515,0.0979540151135,0.428703844401,False,2,2.0,0.946
3a9x PO4 503 B,SO4,PO4,0.395303230049,0.346559442402,0.0487437876466,False,2,2.0,0.938
3a9x PO4 502 B,EDO,PO4,0.410688811929,0.00998325032086,0.400705561608,False,7,2.0,0.918
3a9w NAD 3002 B,COA,NAD,0.282909080707,0.024353664972,0.258555415735,False,5,1.89999997616,0.682
3a9w NAD 3001 A,MPD,NAD,0.136797480721,0.0637698846014,0.07302759612,False,4,1.89999997616,0.773
3a9w MPD 5277 B,MPD,MPD,0.748812684149,0.748812684149,0.0,True,1,1.89999997616,0.87
3a9l PO4 261 B,SO4,PO4,0.38373642565,0.188029162278,0.195707263372,False,3,1.89999997616,0.973
3a9f SO4 401 A,SO4,SO4,0.938158512257,0.938158512257,0.0,True,1,1.29999995232,0.985
3a8y TRS 7360 B,GOL,TRS,0.250583520268,0.0767004288365,0.173883091432,False,4,2.29999995232,0.763
3a8y TRS 7359 A,GOL,TRS,0.324724292254,0.00810265523139,0.316621637022,False,11,2.29999995232,0.933
3a8x SO4 604 A,SO4,SO4,0.435587166335,0.435587166335,0.0,True,1,2.0,0.936
3a8x SO4 603 B,SO4,SO4,0.43369545843,0.43369545843,0.0,True,1,2.0,0.859
3a8x SO4 602 A,SO4,SO4,0.842488698167,0.842488698167,0.0,True,1,2.0,0.9
3a8x SO4 601 A,SO4,SO4,0.949482596586,0.949482596586,0.0,True,1,2.0,0.986
3a8w SO4 611 B,SO4,SO4,0.939303541973,0.939303541973,0.0,True,1,2.09999990463,0.983
3a8w ATP 601 B,ANP,ATP,0.266984934203,0.0130149717085,0.253969962495,False,11,2.09999990463,0.976
3a8w ATP 601 A,ATP,ATP,0.125013670398,0.125013670398,0.0,True,1,2.09999990463,0.975
3a8t PO4 900 A,PO4,PO4,0.775171572706,0.775171572706,0.0,True,1,2.29999995232,0.988
3a8t ATP 800 A,ADP,ATP,0.360527544387,0.0299021448496,0.330625399538,False,6,2.29999995232,0.976
3a8i PO4 501 D,SO4,PO4,0.378907464712,0.338688671641,0.0402187930714,False,2,2.0,0.966
3a8i PO4 501 C,SO4,PO4,0.481347857581,0.0667422730509,0.414605584531,False,3,2.0,0.966
3a8b SO4 5 A,SO4,SO4,0.729455228372,0.729455228372,0.0,True,1,1.79999995232,0.903
3a89 SO4 4 A,SO4,SO4,0.495852219871,0.495852219871,0.0,True,1,1.79999995232,0.982
3a89 SO4 3 A,SO4,SO4,0.302448876108,0.302448876108,0.0,True,1,1.79999995232,0.878
3a88 SO4 5 A,SO4,SO4,0.670496349572,0.670496349572,0.0,True,1,1.70000004768,0.913
3a88 SO4 4 A,SO4,SO4,0.367262899865,0.367262899865,0.0,True,1,1.70000004768,0.962
3a81 SO4 4 A,SO4,SO4,0.470406739783,0.470406739783,0.0,True,1,1.79999995232,0.971
3a81 SO4 3 A,SO4,SO4,0.333023544004,0.333023544004,0.0,True,1,1.79999995232,0.88
3a7v SO4 3 A,SO4,SO4,0.599816356083,0.599816356083,0.0,True,1,1.70000004768,0.966
3a7r SO4 504 A,SO4,SO4,0.93048459209,0.93048459209,0.0,True,1,2.0,0.931
3a7r SO4 503 A,SO4,SO4,0.878869073774,0.878869073774,0.0,True,1,2.0,0.9
3a7r SO4 502 A,SO4,SO4,0.951326090803,0.951326090803,0.0,True,1,2.0,0.993
3a7r SO4 501 A,SO4,SO4,0.966079757597,0.966079757597,0.0,True,1,2.0,0.961
3a7h ATP 400 B,GOL,ATP,0.20493069455,0.00103106442799,0.203899630122,False,102,2.0,0.838
3a7h ATP 400 A,ANP,ATP,0.393338440193,0.0318666722272,0.361471767966,False,6,2.0,0.865
3a7d SO4 303 A,DMS,SO4,0.351596053865,0.272976476003,0.0786195778614,False,2,2.40000009537,0.913
3a78 SO4 2 A,DMS,SO4,0.605937042572,0.0965566633037,0.509380379268,False,2,1.89999997616,0.869
3a78 SO4 1 A,SO4,SO4,0.723796257187,0.723796257187,0.0,True,1,1.89999997616,0.979
3a77 MPD 3004 D,MPD,MPD,0.813819332935,0.813819332935,0.0,True,1,1.79999995232,0.741
3a77 MPD 3002 A,SO4,MPD,0.383471969545,0.0693422933723,0.314129676173,False,4,1.79999995232,0.631
3a77 MPD 3001 B,SO4,MPD,0.456901460897,0.0547666558085,0.402134805088,False,4,1.79999995232,0.695
3a71 MPD 402 A,GOL,MPD,0.583883236257,0.12086757114,0.463015665117,False,2,1.10000002384,0.967
3a6u SO4 2001 A,SO4,SO4,0.444045928476,0.444045928476,0.0,True,1,2.59999990463,0.919
3a6u 8OG 5001 A,FAD,8OG,0.195251640489,0.0139747209082,0.181276919581,False,10,2.59999990463,0.953
3a6t SUC 130 A,MAN,SUC,0.185164183826,0.00674574632763,0.178418437498,False,19,2.0,0.748
3a6t SO4 132 A,SO4,SO4,0.782577549682,0.782577549682,0.0,True,1,2.0,0.965
3a6t 8OG 134 A,FMN,8OG,0.243383684418,0.0052114142301,0.238172270188,False,20,2.0,0.972
3a6r FMN 123 D,FMN,FMN,0.731519477606,0.731519477606,0.0,True,1,1.20000004768,0.98
3a6r FMN 123 C,FMN,FMN,0.889066218315,0.889066218315,0.0,True,1,1.20000004768,0.971
3a6r FMN 123 B,FMN,FMN,0.814167556192,0.814167556192,0.0,True,1,1.20000004768,0.981
3a6r FMN 123 A,FMN,FMN,0.873573150076,0.873573150076,0.0,True,1,1.20000004768,0.979
3a6q FMN 123 B,FMN,FMN,0.987401922963,0.987401922963,0.0,True,1,1.39999997616,0.971
3a6q FMN 123 A,FMN,FMN,0.983870232606,0.983870232606,0.0,True,1,1.39999997616,0.969
3a6j SO4 417 C,SO4,SO4,0.932140105809,0.932140105809,0.0,True,1,2.0,0.917
3a6j SO4 416 B,SO4,SO4,0.798238260945,0.798238260945,0.0,True,1,2.0,0.918
3a6j SO4 415 A,SO4,SO4,0.888982282569,0.888982282569,0.0,True,1,2.0,0.961
3a6j SO4 414 F,SO4,SO4,0.676058982143,0.676058982143,0.0,True,1,2.0,0.984
3a6j SO4 413 E,SO4,SO4,0.660805790131,0.660805790131,0.0,True,1,2.0,0.964
3a6j SO4 412 D,SO4,SO4,0.907753510874,0.907753510874,0.0,True,1,2.0,0.976
3a6j SO4 411 C,SO4,SO4,0.739403303953,0.739403303953,0.0,True,1,2.0,0.982
3a6j SO4 410 B,SO4,SO4,0.607188985233,0.607188985233,0.0,True,1,2.0,0.987
3a6j SO4 409 A,SO4,SO4,0.899388850178,0.899388850178,0.0,True,1,2.0,0.985
3a6j SO4 403 A,GOL,SO4,0.882688984195,0.0207479113358,0.861941072859,False,2,2.0,0.837
3a6j SO4 402 F,SO4,SO4,0.76586193923,0.76586193923,0.0,True,1,2.0,0.918
3a6j SO4 401 E,SO4,SO4,0.930306286347,0.930306286347,0.0,True,1,2.0,0.962
3a6j SO4 400 D,SO4,SO4,0.925969768648,0.925969768648,0.0,True,1,2.0,0.934
3a6d SO4 418 C,SO4,SO4,0.93353220459,0.93353220459,0.0,True,1,1.89999997616,0.929
3a6d SO4 417 B,SO4,SO4,0.870160746812,0.870160746812,0.0,True,1,1.89999997616,0.96
3a6d SO4 416 A,SO4,SO4,0.960770834605,0.960770834605,0.0,True,1,1.89999997616,0.937
3a6d SO4 415 F,SO4,SO4,0.750733144607,0.750733144607,0.0,True,1,1.89999997616,0.986
3a6d SO4 414 E,SO4,SO4,0.823867872474,0.823867872474,0.0,True,1,1.89999997616,0.986
3a6d SO4 413 D,SO4,SO4,0.638002286379,0.638002286379,0.0,True,1,1.89999997616,0.983
3a6d SO4 412 C,SO4,SO4,0.677288694702,0.677288694702,0.0,True,1,1.89999997616,0.974
3a6d SO4 411 B,SO4,SO4,0.857274735412,0.857274735412,0.0,True,1,1.89999997616,0.992
3a6d SO4 410 A,SO4,SO4,0.893433866636,0.893433866636,0.0,True,1,1.89999997616,0.988
3a6d SO4 409 F,SO4,SO4,0.357928393761,0.357928393761,0.0,True,1,1.89999997616,0.86
3a6d SO4 408 E,SO4,SO4,0.599078596867,0.599078596867,0.0,True,1,1.89999997616,0.898
3a6d SO4 407 D,ACT,SO4,0.312088514167,0.28066491962,0.0314235945461,False,2,1.89999997616,0.881
3a6d SO4 406 C,SO4,SO4,0.514112053102,0.514112053102,0.0,True,1,1.89999997616,0.96
3a6d SO4 405 B,SO4,SO4,0.354179930079,0.354179930079,0.0,True,1,1.89999997616,0.839
3a6d SO4 404 A,SO4,SO4,0.455827540562,0.455827540562,0.0,True,1,1.89999997616,0.97
3a6d SO4 403 F,SO4,SO4,0.750342291692,0.750342291692,0.0,True,1,1.89999997616,0.932
3a6d SO4 402 E,SO4,SO4,0.902638749064,0.902638749064,0.0,True,1,1.89999997616,0.956
3a6d SO4 401 D,SO4,SO4,0.883017193925,0.883017193925,0.0,True,1,1.89999997616,0.923
3a5v TRS 841 A,TRS,TRS,0.987372920305,0.987372920305,0.0,True,1,2.0,0.96
3a5n ATP 376 C,NAP,ATP,0.328077376355,0.00273752554954,0.325339850806,False,22,2.40000009537,0.985
3a5b HEM 153 A,HEM,HEM,0.820873013359,0.820873013359,0.0,True,1,1.79999995232,0.928
3a5a HEM 153 A,HEM,HEM,0.978521069936,0.978521069936,0.0,True,1,1.79999995232,0.912
3a59 HEM 150 G,HEM,HEM,0.407926932139,0.407926932139,0.0,True,1,3.40000009537,0.961
3a59 HEM 150 F,HEM,HEM,0.556243482567,0.556243482567,0.0,True,1,3.40000009537,0.949
3a59 HEM 150 E,HEM,HEM,0.967553956623,0.967553956623,0.0,True,1,3.40000009537,0.949
3a59 HEM 150 D,HEM,HEM,0.400932473534,0.400932473534,0.0,True,1,3.40000009537,0.931
3a59 HEM 150 C,CLA,HEM,0.534798405661,0.120913531785,0.413884873876,False,2,3.40000009537,0.954
3a59 HEM 150 B,NAG,HEM,0.524291100512,0.142036121996,0.382254978516,False,2,3.40000009537,0.956
3a59 HEM 150 A,CLA,HEM,0.496861860455,0.0758593004152,0.42100256004,False,2,3.40000009537,0.954
3a58 PO4 323 C,SO4,PO4,0.922785695566,0.0373795849844,0.885406110582,False,2,2.59999990463,0.957
3a58 PO4 323 A,SO4,PO4,0.273096537882,0.0581798180592,0.214916719823,False,3,2.59999990463,0.82
3a58 PO4 322 C,SO4,PO4,0.922345456926,0.0445156923009,0.877829764625,False,2,2.59999990463,0.94
3a58 PO4 322 A,SO4,PO4,0.848880168123,0.0476795170009,0.801200651122,False,3,2.59999990463,0.958
3a58 PO4 321 C,SO4,PO4,0.937550746428,0.0189403372382,0.918610409189,False,2,2.59999990463,0.974
3a58 PO4 321 A,SO4,PO4,0.632094252612,0.0474821567094,0.584612095902,False,3,2.59999990463,0.87
3a56 CIT 306 B,CIT,CIT,0.809458705371,0.809458705371,0.0,True,1,1.70000004768,0.906
3a56 CIT 306 A,CIT,CIT,0.779209576276,0.779209576276,0.0,True,1,1.70000004768,0.959
3a52 SO4 3003 B,SO4,SO4,0.755586660656,0.755586660656,0.0,True,1,2.20000004768,0.966
3a51 HEM 412 E,HEM,HEM,0.961298640749,0.961298640749,0.0,True,1,2.0,0.979
3a51 HEM 412 D,HEM,HEM,0.99106908385,0.99106908385,0.0,True,1,2.0,0.986
3a51 HEM 412 C,HEM,HEM,0.990605754164,0.990605754164,0.0,True,1,2.0,0.976
3a51 HEM 412 B,HEM,HEM,0.961589839343,0.961589839343,0.0,True,1,2.0,0.973
3a50 HEM 412 E,HEM,HEM,0.997785153733,0.997785153733,0.0,True,1,2.09999990463,0.984
3a50 HEM 412 D,HEM,HEM,0.991210596767,0.991210596767,0.0,True,1,2.09999990463,0.984
3a50 HEM 412 C,HEM,HEM,0.995918910177,0.995918910177,0.0,True,1,2.09999990463,0.979
3a50 HEM 412 B,HEM,HEM,0.981871507193,0.981871507193,0.0,True,1,2.09999990463,0.972
3a50 HEM 412 A,HEM,HEM,0.995084618166,0.995084618166,0.0,True,1,2.09999990463,0.987
3a4z HEM 412 E,HEM,HEM,0.996701010165,0.996701010165,0.0,True,1,2.20000004768,0.986
3a4z HEM 412 D,HEM,HEM,0.995789205548,0.995789205548,0.0,True,1,2.20000004768,0.983
3a4z HEM 412 C,HEM,HEM,0.996096980368,0.996096980368,0.0,True,1,2.20000004768,0.974
3a4z HEM 412 B,HEM,HEM,0.989870463307,0.989870463307,0.0,True,1,2.20000004768,0.965
3a4z HEM 412 A,HEM,HEM,0.995393676133,0.995393676133,0.0,True,1,2.20000004768,0.983
3a4y SO4 450 A,GOL,SO4,0.32727524157,0.287571999719,0.0397032418509,False,2,2.5,0.887
3a4y SO4 449 A,SO4,SO4,0.886397319254,0.886397319254,0.0,True,1,2.5,0.978
3a4y SO4 446 B,SO4,SO4,0.483967777381,0.483967777381,0.0,True,1,2.5,0.841
3a4y SO4 446 A,SO4,SO4,0.907756293215,0.907756293215,0.0,True,1,2.5,0.956
3a4y SO4 445 B,SO4,SO4,0.885293672068,0.885293672068,0.0,True,1,2.5,0.952
3a4y SO4 445 A,SO4,SO4,0.875846051741,0.875846051741,0.0,True,1,2.5,0.848
3a4y SO4 444 C,SO4,SO4,0.698552871573,0.698552871573,0.0,True,1,2.5,0.783
3a4y SO4 444 B,SO4,SO4,0.880236938483,0.880236938483,0.0,True,1,2.5,0.974
3a4y SO4 444 A,SO4,SO4,0.826337900466,0.826337900466,0.0,True,1,2.5,0.979
3a4y SO4 443 C,SO4,SO4,0.504148523785,0.504148523785,0.0,True,1,2.5,0.964
3a4y SO4 443 B,SO4,SO4,0.954818612498,0.954818612498,0.0,True,1,2.5,0.965
3a4y SO4 443 A,SO4,SO4,0.701725208354,0.701725208354,0.0,True,1,2.5,0.968
3a4y SO4 442 C,SO4,SO4,0.944900663423,0.944900663423,0.0,True,1,2.5,0.985
3a4y SO4 442 B,SO4,SO4,0.754803494128,0.754803494128,0.0,True,1,2.5,0.875
3a4y SO4 442 A,SO4,SO4,0.834804880189,0.834804880189,0.0,True,1,2.5,0.897
3a4y SO4 441 B,SO4,SO4,0.925136202659,0.925136202659,0.0,True,1,2.5,0.96
3a4y SO4 441 A,SO4,SO4,0.644189869166,0.644189869166,0.0,True,1,2.5,0.82
3a4y SO4 440 D,SO4,SO4,0.837163753264,0.837163753264,0.0,True,1,2.5,0.952
3a4y SO4 440 C,SO4,SO4,0.353386113724,0.353386113724,0.0,True,1,2.5,0.901
3a4y SO4 440 B,SO4,SO4,0.57774103349,0.57774103349,0.0,True,1,2.5,0.871
3a4y SO4 440 A,NAG,SO4,0.877543330478,0.0360190651633,0.841524265314,False,2,2.5,0.811
3a4y SO4 439 D,SO4,SO4,0.428694976465,0.428694976465,0.0,True,1,2.5,0.755
3a4y SO4 439 C,SO4,SO4,0.466514649127,0.466514649127,0.0,True,1,2.5,0.849
3a4y SO4 439 B,SO4,SO4,0.878323146075,0.878323146075,0.0,True,1,2.5,0.953
3a4y SO4 439 A,SO4,SO4,0.785369316983,0.785369316983,0.0,True,1,2.5,0.8
3a4y SO4 438 D,SO4,SO4,0.367690680081,0.367690680081,0.0,True,1,2.5,0.838
3a4y SO4 438 C,SO4,SO4,0.751410979695,0.751410979695,0.0,True,1,2.5,0.89
3a4y SO4 438 B,SO4,SO4,0.481127244271,0.481127244271,0.0,True,1,2.5,0.767
3a4y SO4 438 A,GOL,SO4,0.413879441103,0.0514511492074,0.362428291896,False,4,2.5,0.841
3a4y SO4 437 D,SO4,SO4,0.696757491261,0.696757491261,0.0,True,1,2.5,0.955
3a4y SO4 437 C,SO4,SO4,0.434224981678,0.434224981678,0.0,True,1,2.5,0.91
3a4y SO4 437 B,SO4,SO4,0.312529041288,0.312529041288,0.0,True,1,2.5,0.876
3a4y SO4 437 A,EDO,SO4,0.250759695595,0.224852713373,0.0259069822225,False,2,2.5,0.863
3a4y SO4 436 D,SO4,SO4,0.905265609297,0.905265609297,0.0,True,1,2.5,0.981
3a4y SO4 436 C,SO4,SO4,0.881936481929,0.881936481929,0.0,True,1,2.5,0.878
3a4y SO4 436 B,SO4,SO4,0.377607874254,0.377607874254,0.0,True,1,2.5,0.876
3a4y SO4 435 D,SO4,SO4,0.872397875102,0.872397875102,0.0,True,1,2.5,0.82
3a4y SO4 435 C,SO4,SO4,0.644785867291,0.644785867291,0.0,True,1,2.5,0.977
3a4y SO4 435 B,SO4,SO4,0.905907094504,0.905907094504,0.0,True,1,2.5,0.88
3a4y SO4 435 A,SO4,SO4,0.914674265721,0.914674265721,0.0,True,1,2.5,0.983
3a4y SO4 434 D,SO4,SO4,0.712971922233,0.712971922233,0.0,True,1,2.5,0.923
3a4y SO4 434 C,SO4,SO4,0.608254295847,0.608254295847,0.0,True,1,2.5,0.883
3a4y SO4 434 B,SO4,SO4,0.605029550258,0.605029550258,0.0,True,1,2.5,0.884
3a4y SO4 434 A,SO4,SO4,0.36454021732,0.36454021732,0.0,True,1,2.5,0.924
3a4y SO4 433 D,SO4,SO4,0.386216498656,0.386216498656,0.0,True,1,2.5,0.873
3a4y SO4 433 C,SO4,SO4,0.42450137101,0.42450137101,0.0,True,1,2.5,0.861
3a4y SO4 433 B,SO4,SO4,0.81876002126,0.81876002126,0.0,True,1,2.5,0.881
3a4y SO4 433 A,SO4,SO4,0.749567906704,0.749567906704,0.0,True,1,2.5,0.977
3a4y SO4 432 D,SO4,SO4,0.493373274038,0.493373274038,0.0,True,1,2.5,0.902
3a4y SO4 432 C,SO4,SO4,0.776013714309,0.776013714309,0.0,True,1,2.5,0.886
3a4y SO4 432 B,SO4,SO4,0.282950831413,0.282950831413,0.0,True,1,2.5,0.921
3a4y SO4 432 A,GOL,SO4,0.334916436648,0.0500013901993,0.284915046449,False,4,2.5,0.896
3a4v NAD 3002 B,NAD,NAD,0.933329666687,0.933329666687,0.0,True,1,1.79999995232,0.929
3a4v NAD 3001 A,NAD,NAD,0.930069681266,0.930069681266,0.0,True,1,1.79999995232,0.961
3a4v MPD 5277 B,GOL,MPD,0.693493087394,0.0115472238689,0.681945863525,False,5,1.79999995232,0.823
3a4p IPA 2 A,SO4,IPA,0.370035383727,0.00249472757491,0.367540656152,False,25,2.5,0.942
3a4p IPA 1361 A,ACT,IPA,0.245522551829,0.003384742056,0.242137809773,False,17,2.5,0.905
3a4n PO4 301 B,SO4,PO4,0.887627350178,0.0739244185084,0.81370293167,False,2,2.20000004768,0.994
3a4n PO4 301 A,SO4,PO4,0.522587003159,0.419284615242,0.103302387917,False,2,2.20000004768,0.989
3a4l ANP 301 B,ATP_MG,ANP_MG,0.437004858994,0.0974644042466,0.339540454747,False,3,1.79999995232,0.98
3a4l ANP 301 A,ATP_MG,ANP_MG,0.430630274452,0.109532011753,0.321098262699,False,2,1.79999995232,0.978
3a4h HEM 412 A,HEM,HEM,0.979536570505,0.979536570505,0.0,True,1,3.09999990463,0.978
3a4g HEM 412 A,HEM,HEM,0.991723983636,0.991723983636,0.0,True,1,1.79999995232,0.978
3a4f SO4 128 B,GOL,SO4,0.468529517181,0.0795833350837,0.388946182098,False,3,2.0,0.932
3a4e SO4 128 B,SO4,SO4,0.42689792982,0.42689792982,0.0,True,1,1.70000004768,0.941
3a4d SO4 128 B,GOL,SO4,0.460859055839,0.0857732948942,0.375085760944,False,2,2.0,0.831
3a4d SO4 128 A,GOL,SO4,0.338963704219,0.265519332825,0.0734443713942,False,2,2.0,0.786
3a46 3DR 20 F,CAS,3DR,0.508562601937,0.203181820985,0.305380780953,False,2,2.20000004768,0.982
3a46 3DR 20 D,CAS,3DR,0.879432848824,0.0257765038136,0.853656345011,False,3,2.20000004768,0.982
3a43 FME 1 B,SEP,FME,0.501282981577,0.0634803605344,0.437802621043,False,2,2.29999995232,0.954
3a43 FME 1 A,NAG,FME,0.387576309471,0.00854437490811,0.379031934563,False,17,2.29999995232,0.944
3a42 SO4 504 A,SO4,SO4,0.877064873158,0.877064873158,0.0,True,1,2.59999990463,0.937
3a3z SO4 428 X,SO4,SO4,0.435813864709,0.435813864709,0.0,True,1,1.70000004768,0.972
3a3z SO4 2 X,SO4,SO4,0.853740579887,0.853740579887,0.0,True,1,1.70000004768,0.848
3a3k SO4 509 B,SO4,SO4,0.584056829153,0.584056829153,0.0,True,1,2.5,0.88
3a3k SO4 508 B,SO4,SO4,0.854081797523,0.854081797523,0.0,True,1,2.5,0.975
3a3k SO4 507 B,SO4,SO4,0.937037249715,0.937037249715,0.0,True,1,2.5,0.984
3a3k SO4 506 B,SO4,SO4,0.930159898565,0.930159898565,0.0,True,1,2.5,0.976
3a3k SO4 505 A,SO4,SO4,0.905319814726,0.905319814726,0.0,True,1,2.5,0.982
3a3k SO4 504 A,SO4,SO4,0.966751552187,0.966751552187,0.0,True,1,2.5,0.979
3a3k SO4 503 A,SO4,SO4,0.850796213029,0.850796213029,0.0,True,1,2.5,0.991
3a3k SO4 501 A,SO4,SO4,0.726320652588,0.726320652588,0.0,True,1,2.5,0.979
3a3j SO4 1 A,PO4,SO4,0.542767616535,0.39706317768,0.145704438855,False,2,2.09999990463,0.991
3a3b FMN 191 B,FMN,FMN,0.947338252301,0.947338252301,0.0,True,1,2.0,0.94
3a37 ADP 401 B,ATP,ADP,0.307732452744,0.174594064373,0.13313838837,False,2,3.0,0.892
3a37 ADP 400 A,GDP,ADP,0.560379193365,0.123430824977,0.436948368388,False,3,3.0,0.948
3a32 SO4 476 A,EDO,SO4,0.39276599795,0.121284839671,0.271481158279,False,2,2.29999995232,0.879
3a32 SO4 474 A,SO4,SO4,0.754559419273,0.754559419273,0.0,True,1,2.29999995232,0.925
3a32 SO4 473 A,SO4,SO4,0.842544784285,0.842544784285,0.0,True,1,2.29999995232,0.961
3a32 SO4 472 A,SO4,SO4,0.952839036215,0.952839036215,0.0,True,1,2.29999995232,0.982
3a31 SO4 473 A,SO4,SO4,0.960566612766,0.960566612766,0.0,True,1,2.5,0.929
3a31 SO4 472 A,SO4,SO4,0.934290012421,0.934290012421,0.0,True,1,2.5,0.972
3a2s LDA 343 X,SO4,LDA,0.378465284442,0.000611215640121,0.377854068802,False,179,2.09999990463,0.754
3a2m SUC 2382 A,SUC,SUC,0.660907553144,0.660907553144,0.0,True,1,1.79999995232,0.872
3a2m SUC 2381 A,SUC,SUC,0.957755818453,0.957755818453,0.0,True,1,1.79999995232,0.935
3a2m SUC 2380 B,SUC,SUC,0.97931692644,0.97931692644,0.0,True,1,1.79999995232,0.951
3a2l SUC 2381 A,SUC,SUC,0.972403069419,0.972403069419,0.0,True,1,1.79999995232,0.936
3a2l SUC 2380 B,SUC,SUC,0.983151995438,0.983151995438,0.0,True,1,1.79999995232,0.945
3a2g SO4 157 A,SO4,SO4,0.701752222068,0.701752222068,0.0,True,1,1.70000004768,0.953
3a2g SO4 156 A,SO4,SO4,0.949385574836,0.949385574836,0.0,True,1,1.70000004768,0.979
3a2g SO4 155 A,SO4,SO4,0.98173321947,0.98173321947,0.0,True,1,1.70000004768,0.988
3a2g HEM 154 A,HEM,HEM,0.954544297036,0.954544297036,0.0,True,1,1.70000004768,0.981
3a2c SO4 3 F,SO4,SO4,0.491492119379,0.491492119379,0.0,True,1,2.90000009537,0.873
3a28 NAD 9300 H,NAD,NAD,0.976876630614,0.976876630614,0.0,True,1,2.0,0.927
3a28 NAD 8300 G,NAD,NAD,0.946623036056,0.946623036056,0.0,True,1,2.0,0.954
3a28 NAD 7300 F,NAD,NAD,0.939723629641,0.939723629641,0.0,True,1,2.0,0.977
3a28 NAD 6300 E,NAD,NAD,0.861090717301,0.861090717301,0.0,True,1,2.0,0.946
3a28 NAD 5300 D,NAD,NAD,0.870895341379,0.870895341379,0.0,True,1,2.0,0.966
3a28 NAD 4300 C,NAD,NAD,0.814239556462,0.814239556462,0.0,True,1,2.0,0.962
3a28 NAD 3300 B,NAD,NAD,0.954713684717,0.954713684717,0.0,True,1,2.0,0.975
3a28 NAD 2300 A,NAD,NAD,0.837329955643,0.837329955643,0.0,True,1,2.0,0.944
3a23 SO4 975 A,SO4,SO4,0.88007089244,0.88007089244,0.0,True,1,1.89999997616,0.921
3a23 SO4 974 A,SO4,SO4,0.679067548215,0.679067548215,0.0,True,1,1.89999997616,0.914
3a23 SO4 972 B,SO4,SO4,0.589009328243,0.589009328243,0.0,True,1,1.89999997616,0.917
3a23 SO4 971 A,SO4,SO4,0.769735937921,0.769735937921,0.0,True,1,1.89999997616,0.963
3a22 SO4 973 A,SO4,SO4,0.308268525517,0.308268525517,0.0,True,1,1.89999997616,0.889
3a22 SO4 972 B,SO4,SO4,0.665967893963,0.665967893963,0.0,True,1,1.89999997616,0.937
3a22 SO4 971 A,SO4,SO4,0.585070426384,0.585070426384,0.0,True,1,1.89999997616,0.962
3a21 SO4 976 A,SO4,SO4,0.293128819478,0.293128819478,0.0,True,1,1.5,0.898
3a21 SO4 975 A,SO4,SO4,0.829956275482,0.829956275482,0.0,True,1,1.5,0.916
3a21 SO4 972 B,SO4,SO4,0.8040977064,0.8040977064,0.0,True,1,1.5,0.95
3a20 FMN 123 B,FMN,FMN,0.955071260434,0.955071260434,0.0,True,1,1.60000002384,0.968
3a20 FMN 123 A,FMN,FMN,0.976650435762,0.976650435762,0.0,True,1,1.60000002384,0.969
3a1z MPD 233 C,SO4,MPD,0.105260976505,0.0514699219093,0.053791054596,False,3,2.59999990463,0.951
3a1z MPD 232 D,SO4,MPD,0.460118426823,0.034982542726,0.425135884097,False,3,2.59999990463,0.942
3a1z MPD 232 C,MPD,MPD,0.439873879618,0.439873879618,0.0,True,1,2.59999990463,0.942
3a1z MPD 232 A,GOL,MPD,0.24892275862,0.0472531129878,0.201669645632,False,5,2.59999990463,0.922
3a1z MPD 231 D,MPD,MPD,0.420855671626,0.420855671626,0.0,True,1,2.59999990463,0.939
3a1z MPD 231 B,GOL,MPD,0.278564479966,0.0122812773917,0.266283202574,False,13,2.59999990463,0.916
3a1z MPD 231 A,SO4,MPD,0.316633900522,0.221867814728,0.0947660857941,False,2,2.59999990463,0.943
3a1z MPD 230 B,GOL,MPD,0.366670892928,0.0194721523908,0.347198740538,False,7,2.59999990463,0.832
3a1w SO4 1 A,SO4,SO4,0.730315489411,0.730315489411,0.0,True,1,1.89999997616,0.979
3a1v SO4 4 A,SO4,SO4,0.828258626017,0.828258626017,0.0,True,1,2.40000009537,0.958
3a1v SO4 3 B,SO4,SO4,0.661470033267,0.661470033267,0.0,True,1,2.40000009537,0.918
3a1v MPD 5 A,GOL,MPD,0.394875228624,0.0137852481459,0.381089980478,False,6,2.40000009537,0.914
3a1v MPD 2 B,MPD,MPD,0.472087823988,0.472087823988,0.0,True,1,2.40000009537,0.926
3a1s MPD 7 B,GOL,MPD,0.731747967257,0.043411857636,0.688336109621,False,3,1.5,0.922
3a1s MPD 6 A,MRD,MPD,0.469281291426,0.223829978938,0.245451312488,False,2,1.5,0.894
3a1l HEM 500 A,HEM,HEM,0.968690938869,0.968690938869,0.0,True,1,2.5,0.973
3a18 HEM 354 D,HEM,HEM,0.596956718694,0.596956718694,0.0,True,1,1.79999995232,0.981
3a18 HEM 354 C,HEM,HEM,0.688845252321,0.688845252321,0.0,True,1,1.79999995232,0.976
3a18 HEM 354 B,HEM,HEM,0.849538471993,0.849538471993,0.0,True,1,1.79999995232,0.975
3a18 HEM 354 A,HEM,HEM,0.801615413962,0.801615413962,0.0,True,1,1.79999995232,0.973
3a16 HEM 354 D,HEM,HEM,0.915436279949,0.915436279949,0.0,True,1,1.60000002384,0.959
3a16 HEM 354 C,HEM,HEM,0.933226508671,0.933226508671,0.0,True,1,1.60000002384,0.969
3a16 HEM 354 B,HEM,HEM,0.983676570613,0.983676570613,0.0,True,1,1.60000002384,0.966
3a16 HEM 354 A,HEM,HEM,0.589450858761,0.589450858761,0.0,True,1,1.60000002384,0.966
3a15 HEM 354 D,HEM,HEM,0.776721263711,0.776721263711,0.0,True,1,1.79999995232,0.978
3a15 HEM 354 C,HEM,HEM,0.972984858814,0.972984858814,0.0,True,1,1.79999995232,0.978
3a15 HEM 354 B,HEM,HEM,0.804319087648,0.804319087648,0.0,True,1,1.79999995232,0.984
3a15 HEM 354 A,HEM,HEM,0.984168514028,0.984168514028,0.0,True,1,1.79999995232,0.984
3a14 NDP 3003 A,SUC,NDP,0.574810199947,0.00841461165232,0.566395588295,False,7,2.0,0.806
3a14 NDP 3002 B,NAP,NDP,0.796707084696,0.0124642557593,0.784242828936,False,3,2.0,0.879
3a14 NDP 3001 A,ADP,NDP,0.162451507474,0.0152912164005,0.147160291074,False,13,2.0,0.886
3a14 MPD 801 B,SO4,MPD,0.338594449544,0.0020595169675,0.336534932576,False,25,2.0,0.813
3a14 MPD 800 A,MLI,MPD,0.243605624686,0.0615645947754,0.182041029911,False,5,2.0,0.863
3a13 KCX 189 J,M3L,KCX,0.424633716864,0.0724616435511,0.352172073313,False,3,2.29999995232,0.973
3a0w MPD 804 A,GOL,MPD,0.280255760147,0.0472179644217,0.233037795725,False,3,1.70000004768,0.838
3a0w MPD 803 B,GOL,MPD,0.892618232339,0.0258585892038,0.866759643135,False,2,1.70000004768,0.831
3a0v EOH 102 A,DMS,EOH,0.796221095621,0.00022315062664,0.795997944994,False,188,1.70000004768,0.906
3a0e SO4 116 A,SO4,SO4,0.751990958659,0.751990958659,0.0,True,1,2.0,0.9
3a0e SO4 115 A,SO4,SO4,0.911119268306,0.911119268306,0.0,True,1,2.0,0.965
3a0e SO4 114 A,SO4,SO4,0.843086929292,0.843086929292,0.0,True,1,2.0,0.924
3a0e SO4 113 A,SO4,SO4,0.873370436149,0.873370436149,0.0,True,1,2.0,0.978
3a0e SO4 112 A,SO4,SO4,0.79935363325,0.79935363325,0.0,True,1,2.0,0.994
3a0d SO4 116 A,SO4,SO4,0.856043272537,0.856043272537,0.0,True,1,2.20000004768,0.868
3a0d SO4 115 A,SO4,SO4,0.485062346191,0.485062346191,0.0,True,1,2.20000004768,0.967
3a0d SO4 114 A,SO4,SO4,0.863954494769,0.863954494769,0.0,True,1,2.20000004768,0.9
3a0d SO4 113 A,SO4,SO4,0.786780931211,0.786780931211,0.0,True,1,2.20000004768,0.957
3a0d SO4 112 A,SO4,SO4,0.932804482457,0.932804482457,0.0,True,1,2.20000004768,0.992
3a0b HEM 6041 v,HEM,HEM,0.245983835964,0.245983835964,0.0,True,1,3.70000004768,0.933
3a0b HEM 6040 e,CLA,HEM,0.419691427278,0.154342870279,0.265348556999,False,2,3.70000004768,0.852
3a0b HEM 1041 V,HEM,HEM,0.682365817933,0.682365817933,0.0,True,1,3.70000004768,0.929
3a0b HEM 1040 E,SF4,HEM,0.162242864992,0.0355135116977,0.126729353294,False,5,3.70000004768,0.907
3a06 NDP 3003 A,ANP,NDP,0.392770948804,0.00896374426207,0.383807204541,False,9,2.0,0.894
3a06 NDP 3002 B,NAP,NDP,0.652664439049,0.0430962092252,0.609568229824,False,4,2.0,0.935
3a06 NDP 3001 A,NAP,NDP,0.737781283336,0.0487015706381,0.689079712697,False,2,2.0,0.933
3a03 SO4 217 A,SO4,SO4,0.925170582099,0.925170582099,0.0,True,1,1.5,0.994
346d 5CM 6 A,NAG,5CM,0.221975040758,0.0193233446677,0.202651696091,False,12,1.79999995232,0.935
346d 5CM 4 A,ADE,5CM,0.209776920882,0.113721975086,0.0960549457959,False,2,1.79999995232,0.933
345d 5CM 2 A,5CM,5CM,0.958464797563,0.958464797563,0.0,True,1,1.70000004768,0.965
343d 5CM 38 G,5CM,5CM,0.174271687895,0.174271687895,0.0,True,1,1.89999997616,0.923
343d 5CM 26 E,5CM,5CM,0.533625004787,0.533625004787,0.0,True,1,1.89999997616,0.92
343d 5CM 2 A,3DR,5CM,0.496979534008,0.144751881831,0.352227652177,False,2,1.89999997616,0.929
342d 5CM 4 A,ADE,5CM,0.175021538738,0.154269823354,0.0207517153834,False,2,1.79999995232,0.945
342d 5CM 2 A,SO4,5CM,0.541312904148,0.00398106256671,0.537331841581,False,14,1.79999995232,0.958
341d 5CM 4 A,GOL,5CM,0.185226963535,0.0112665259792,0.173960437556,False,9,1.70000004768,0.974
341d 5CM 2 A,SO4,5CM,0.158141678472,0.00768857531418,0.150453103158,False,29,1.70000004768,0.971
340d 5CM 4 A,NAG,5CM,0.187351424792,0.0158216726547,0.171529752137,False,13,1.5,0.968
340d 5CM 2 A,5CM,5CM,0.282233324919,0.282233324919,0.0,True,1,1.5,0.973
339d 5CM 6 A,5CM,5CM,0.801226055872,0.801226055872,0.0,True,1,2.20000004768,0.967
339d 5CM 2 A,5CM,5CM,0.752390395872,0.752390395872,0.0,True,1,2.20000004768,0.983
338d 5CM 2 A,5CM,5CM,0.948584547033,0.948584547033,0.0,True,1,1.70000004768,0.968
337d 5CM 6 A,NAG,5CM,0.543776594106,0.132550781375,0.411225812731,False,2,1.89999997616,0.948
337d 5CM 4 A,NAG,5CM,0.992794148349,0.000279655988121,0.992514492361,False,5,1.89999997616,0.958
327d 5CM 4 A,5CM,5CM,0.540067493084,0.540067493084,0.0,True,1,1.89999997616,0.974
327d 5CM 2 A,NAG,5CM,0.737741938082,0.0863040382373,0.651437899845,False,2,1.89999997616,0.967
326d 5CM 8 A,5CM,5CM,0.793945634564,0.793945634564,0.0,True,1,2.29999995232,0.977
326d 5CM 2 A,NAG,5CM,0.970887534128,0.019078245348,0.95180928878,False,2,2.29999995232,0.949
326d 5CM 18 B,NAG,5CM,0.206393141711,0.162803936098,0.0435892056125,False,2,2.29999995232,0.966
314d NCO 15 A,NCO,NCO,0.841379667219,0.841379667219,0.0,True,1,1.89999997616,0.969
312d NCO 15 B,NCO,NCO,0.888385691006,0.888385691006,0.0,True,1,1.70000004768,0.954
2zzx PO4 502 B,PO4,PO4,0.358711767809,0.358711767809,0.0,True,1,1.70000004768,0.953
2zzx PO4 501 A,GOL,PO4,0.316670435239,0.229965563773,0.0867048714667,False,3,1.70000004768,0.962
2zzu FUC 1060 L,MAN,FUC,0.611545897288,0.0908425817028,0.520703315585,False,2,2.40000009537,0.946
2zzu BGC 1052 L,NAG,BGC,0.128013531691,0.0453028022532,0.0827107294383,False,4,2.40000009537,0.714
2zzr SO4 403 A,SO4,SO4,0.893462210826,0.893462210826,0.0,True,1,1.70000004768,0.952
2zzr SO4 402 A,SO4,SO4,0.940419355369,0.940419355369,0.0,True,1,1.70000004768,0.97
2zzr SO4 401 A,SO4,SO4,0.773983547691,0.773983547691,0.0,True,1,1.70000004768,0.9
2zzk CIT 802 B,NAG,CIT,0.214017528319,0.100221231632,0.113796296687,False,3,2.70000004768,0.817
2zzk CIT 802 A,NAG,CIT,0.857137307165,0.00315263762006,0.853984669545,False,12,2.70000004768,0.699
2zzk CIT 801 B,FLC,CIT,0.290656960913,0.0603536003565,0.230303360556,False,3,2.70000004768,0.905
2zzk CIT 801 A,CIT,CIT,0.190826538494,0.190826538494,0.0,True,1,2.70000004768,0.876
2zzj CIT 240 A,NAG,CIT,0.410917829142,0.00476451172182,0.40615331742,False,12,1.79999995232,0.892
2zze OCS 717 B,SEP,OCS,0.230018790144,0.019761647285,0.210257142859,False,7,2.20000004768,0.978
2zze OCS 717 A,TPO,OCS,0.453593231248,0.02302751119,0.430565720058,False,6,2.20000004768,0.959
2zzd BGC 5001 F,BGC,BGC,0.199861837347,0.199861837347,0.0,True,1,1.79999995232,0.916
2zzc NAP 901 D,NAP,NAP,0.750586136916,0.750586136916,0.0,True,1,2.59999990463,0.966
2zzc NAP 901 C,NAP,NAP,0.671695299806,0.671695299806,0.0,True,1,2.59999990463,0.939
2zzc NAP 901 B,NAP,NAP,0.516173769431,0.516173769431,0.0,True,1,2.59999990463,0.973
2zzc NAP 901 A,NAP,NAP,0.765036188987,0.765036188987,0.0,True,1,2.59999990463,0.962
2zzc FAD 900 D,FAD,FAD,0.931682017175,0.931682017175,0.0,True,1,2.59999990463,0.975
2zzc FAD 900 C,FAD,FAD,0.283381481306,0.283381481306,0.0,True,1,2.59999990463,0.963
2zzc FAD 900 B,FAD,FAD,0.988507739883,0.988507739883,0.0,True,1,2.59999990463,0.98
2zzc FAD 900 A,FAD,FAD,0.683220346171,0.683220346171,0.0,True,1,2.59999990463,0.965
2zzb SO4 502 D,SO4,SO4,0.560687089159,0.560687089159,0.0,True,1,3.20000004768,0.943
2zzb SO4 502 C,SO4,SO4,0.560769160708,0.560769160708,0.0,True,1,3.20000004768,0.935
2zzb SO4 502 B,PO4,SO4,0.573415095459,0.155931766077,0.417483329382,False,2,3.20000004768,0.945
2zzb SO4 502 A,SO4,SO4,0.752964051571,0.752964051571,0.0,True,1,3.20000004768,0.92
2zzb FAD 500 D,FAD,FAD,0.944776141901,0.944776141901,0.0,True,1,3.20000004768,0.952
2zzb FAD 500 C,FAD,FAD,0.94123280602,0.94123280602,0.0,True,1,3.20000004768,0.945
2zzb FAD 500 B,FAD,FAD,0.864306459428,0.864306459428,0.0,True,1,3.20000004768,0.958
2zzb FAD 500 A,FAD,FAD,0.95602576736,0.95602576736,0.0,True,1,3.20000004768,0.951
2zza NAP 163 B,NDP,NAP,0.916879296338,0.0645318397161,0.852347456622,False,2,2.0,0.973
2zza NAP 163 A,NDP,NAP,0.956761577471,0.0195929215167,0.937168655954,False,2,2.0,0.969
2zz0 SO4 901 D,SO4,SO4,0.398256204614,0.398256204614,0.0,True,1,2.79999995232,0.929
2zz0 SO4 901 C,SO4,SO4,0.686951500632,0.686951500632,0.0,True,1,2.79999995232,0.957
2zz0 SO4 901 B,SO4,SO4,0.515908609771,0.515908609771,0.0,True,1,2.79999995232,0.947
2zz0 SO4 901 A,SO4,SO4,0.672358780701,0.672358780701,0.0,True,1,2.79999995232,0.951
2zz0 FAD 900 D,FAD,FAD,0.933555285256,0.933555285256,0.0,True,1,2.79999995232,0.969
2zz0 FAD 900 C,FAD,FAD,0.987549028461,0.987549028461,0.0,True,1,2.79999995232,0.956
2zz0 FAD 900 B,FAD,FAD,0.940831176355,0.940831176355,0.0,True,1,2.79999995232,0.977
2zz0 FAD 900 A,FAD,FAD,0.838731254432,0.838731254432,0.0,True,1,2.79999995232,0.968
2zyq TAR 302 B,GOL,TAR,0.502038918388,0.002276474283,0.499762444105,False,19,2.0,0.779
2zyl FES 451 A,FES,FES,0.96968279006,0.96968279006,0.0,True,1,2.29999995232,0.995
2zyc PO4 401 A,SO4,PO4,0.708940379771,0.255642619021,0.45329776075,False,2,1.70000004768,0.97
2zyb SO4 510 A,SO4,SO4,0.84664232729,0.84664232729,0.0,True,1,2.59999990463,0.99
2zxw FME 1 O,GOL,FME,0.29347459081,0.0429352981467,0.250539292663,False,3,2.5,0.963
2zxw FME 1 N,SO4,FME,0.312006011084,0.262068402025,0.0499376090598,False,2,2.5,0.916
2zxw FME 1 B,CSO,FME,0.339350733103,0.0114218376093,0.327928895494,False,8,2.5,0.977
2zxw FME 1 A,CIT,FME,0.278018375509,0.015395187135,0.262623188374,False,7,2.5,0.924
2zxw CHD 86 G,CHD,CHD,0.744187980558,0.744187980558,0.0,True,1,2.5,0.978
2zxw CHD 525 C,CHD,CHD,0.882364796494,0.882364796494,0.0,True,1,2.5,0.963
2zxw CHD 271 C,BOG,CHD,0.539443959606,0.000529211871947,0.538914747734,False,56,2.5,0.857
2zxw CHD 1525 P,CHD,CHD,0.446701235257,0.446701235257,0.0,True,1,2.5,0.947
2zxw CHD 1271 P,GOL,CHD,0.193765875967,0.00136364446653,0.192402231501,False,90,2.5,0.824
2zxq MPD 1697 A,SO4,MPD,0.693190291102,0.00118996865803,0.692000322444,False,20,2.0,0.792
2zxq MPD 1696 A,GOL,MPD,0.297903394876,0.0509496260088,0.246953768867,False,3,2.0,0.861
2zxl SO4 4 A,SO4,SO4,0.843138129683,0.843138129683,0.0,True,1,2.40000009537,0.967
2zxl SO4 3 B,SO4,SO4,0.373125788346,0.373125788346,0.0,True,1,2.40000009537,0.913
2zxi FAD 618 D,FAD,FAD,0.82440124336,0.82440124336,0.0,True,1,2.29999995232,0.984
2zxi FAD 618 C,FAD,FAD,0.908687665499,0.908687665499,0.0,True,1,2.29999995232,0.984
2zxi FAD 618 B,FAD,FAD,0.945190671092,0.945190671092,0.0,True,1,2.29999995232,0.983
2zxi FAD 618 A,FAD,FAD,0.881361752356,0.881361752356,0.0,True,1,2.29999995232,0.984
2zxh PO4 620 A,SO4,PO4,0.536662087148,0.0378398833671,0.498822203781,False,3,3.20000004768,0.868
2zxh PO4 619 B,SO4,PO4,0.360562825304,0.034606750911,0.325956074393,False,5,3.20000004768,0.93
2zxh PO4 619 A,SO4,PO4,0.693780902126,0.0237958019379,0.669985100188,False,4,3.20000004768,0.822
2zxh FAD 618 B,FAD,FAD,0.815356371224,0.815356371224,0.0,True,1,3.20000004768,0.952
2zxh FAD 618 A,FAD,FAD,0.837397228604,0.837397228604,0.0,True,1,3.20000004768,0.964
2zxg SO4 902 A,SO4,SO4,0.976912718228,0.976912718228,0.0,True,1,1.5,0.982
2zx4 PO4 197 B,SO4,PO4,0.586803496929,0.189303183106,0.397500313822,False,2,2.70000004768,0.977
2zx4 PO4 196 B,SO4,PO4,0.553589929013,0.108061365649,0.445528563364,False,3,2.70000004768,0.964
2zx3 PO4 197 B,EDO,PO4,0.67082590715,0.00971082945117,0.661115077699,False,6,2.09999990463,0.946
2zx3 PO4 196 B,SO4,PO4,0.468163427741,0.123067693208,0.345095734533,False,3,2.09999990463,0.948
2zx2 PO4 197 A,PO4,PO4,0.40477814309,0.40477814309,0.0,True,1,1.79999995232,0.928
2zx2 PO4 196 B,PO4,PO4,0.805657678342,0.805657678342,0.0,True,1,1.79999995232,0.983
2zx1 PO4 198 B,ACT,PO4,0.236959379067,0.136900891251,0.100058487815,False,2,1.89999997616,0.894
2zx1 PO4 198 A,SO4,PO4,0.627231077782,0.132985672098,0.494245405684,False,2,1.89999997616,0.953
2zx1 PO4 197 B,PO4,PO4,0.595749297799,0.595749297799,0.0,True,1,1.89999997616,0.957
2zx1 PO4 197 A,SO4,PO4,0.731310649797,0.0908278982236,0.640482751574,False,2,1.89999997616,0.937
2zx1 PO4 196 A,PO4,PO4,0.547775022709,0.547775022709,0.0,True,1,1.89999997616,0.927
2zx0 PO4 197 B,DMS,PO4,0.306997572482,0.157532395393,0.149465177089,False,3,1.89999997616,0.935
2zx0 PO4 196 B,PO4,PO4,0.530003731156,0.530003731156,0.0,True,1,1.89999997616,0.968
2zx0 PO4 196 A,SO4,PO4,0.514906367427,0.108818801365,0.406087566062,False,3,1.89999997616,0.927
2zwu HEM 417 A,HEM,HEM,0.947016126704,0.947016126704,0.0,True,1,1.29999995232,0.991
2zwt HEM 417 A,HEM,HEM,0.953693812777,0.953693812777,0.0,True,1,1.29999995232,0.991
2zwm SO4 131 B,SO4,SO4,0.755230859847,0.755230859847,0.0,True,1,2.0,0.967
2zwm SO4 131 A,SO4,SO4,0.748873082995,0.748873082995,0.0,True,1,2.0,0.958
2zwm SO4 130 B,SO4,SO4,0.702436870027,0.702436870027,0.0,True,1,2.0,0.97
2zwm SO4 130 A,SO4,SO4,0.541658114092,0.541658114092,0.0,True,1,2.0,0.977
2zwl FUC 1060 L,NAG,FUC,0.983246289834,0.00229006949249,0.980956220341,False,2,2.20000004768,0.925
2zwl BGC 1052 L,NAG,BGC,0.975245037597,0.00238906370008,0.972855973897,False,3,2.20000004768,0.78
2zwj HEM 153 A,HEM,HEM,0.852779643102,0.852779643102,0.0,True,1,1.79999995232,0.945
2zwa CIT 802 B,CIT,CIT,0.443695870568,0.443695870568,0.0,True,1,1.70000004768,0.951
2zwa CIT 802 A,CIT,CIT,0.258349180329,0.258349180329,0.0,True,1,1.70000004768,0.917
2zw6 SO4 404 A,SO4,SO4,0.815021151946,0.815021151946,0.0,True,1,2.5,0.954
2zw6 SO4 403 B,HYP,SO4,0.525050250325,0.0260606657873,0.498989584537,False,4,2.5,0.964
2zw6 SO4 402 A,SO4,SO4,0.902192291231,0.902192291231,0.0,True,1,2.5,0.971
2zw6 SO4 401 A,SO4,SO4,0.376659853348,0.376659853348,0.0,True,1,2.5,0.992
2zw4 SO4 411 D,SO4,SO4,0.921061595202,0.921061595202,0.0,True,1,2.70000004768,0.94
2zw4 SO4 410 D,SO4,SO4,0.251591303528,0.251591303528,0.0,True,1,2.70000004768,0.879
2zw4 SO4 409 D,SO4,SO4,0.840393216639,0.840393216639,0.0,True,1,2.70000004768,0.927
2zw4 SO4 408 D,PO4,SO4,0.236598730251,0.232352690259,0.00424603999196,False,2,2.70000004768,0.975
2zw4 SO4 407 B,SO4,SO4,0.8559070364,0.8559070364,0.0,True,1,2.70000004768,0.924
2zw4 SO4 406 A,SO4,SO4,0.800102571168,0.800102571168,0.0,True,1,2.70000004768,0.928
2zw4 SO4 405 A,SO4,SO4,0.964145380186,0.964145380186,0.0,True,1,2.70000004768,0.959
2zw4 SO4 404 D,SO4,SO4,0.810858636658,0.810858636658,0.0,True,1,2.70000004768,0.983
2zw4 SO4 403 B,SO4,SO4,0.758128636313,0.758128636313,0.0,True,1,2.70000004768,0.979
2zvx SO4 4001 A,SO4,SO4,0.911212535848,0.911212535848,0.0,True,1,1.10000002384,0.98
2zvw SO4 961 H,SO4,SO4,0.813505693805,0.813505693805,0.0,True,1,2.5,0.947
2zvw SO4 951 F,SO4,SO4,0.714651992713,0.714651992713,0.0,True,1,2.5,0.964
2zvw SO4 941 E,SO4,SO4,0.552050862433,0.552050862433,0.0,True,1,2.5,0.893
2zvw SO4 931 D,SO4,SO4,0.699128568532,0.699128568532,0.0,True,1,2.5,0.972
2zvw SO4 921 C,SO4,SO4,0.684228627914,0.684228627914,0.0,True,1,2.5,0.901
2zvw SO4 911 B,SO4,SO4,0.913916432675,0.913916432675,0.0,True,1,2.5,0.934
2zvw SO4 901 A,SO4,SO4,0.483365975336,0.483365975336,0.0,True,1,2.5,0.89
2zvv SO4 911 B,SO4,SO4,0.727914430147,0.727914430147,0.0,True,1,2.0,0.916
2zvv SO4 901 A,SO4,SO4,0.644663178368,0.644663178368,0.0,True,1,2.0,0.925
2zvl SO4 262 F,SO4,SO4,0.670191561666,0.670191561666,0.0,True,1,2.5,0.889
2zvl SO4 262 D,SO4,SO4,0.868963365208,0.868963365208,0.0,True,1,2.5,0.914
2zvl SO4 262 C,SO4,SO4,0.846377519765,0.846377519765,0.0,True,1,2.5,0.937
2zvl SO4 262 A,SO4,SO4,0.757488593795,0.757488593795,0.0,True,1,2.5,0.926
2zvf SO4 206 A,SO4,SO4,0.932482406863,0.932482406863,0.0,True,1,3.20000004768,0.966
2zvf SO4 205 F,SO4,SO4,0.579545599047,0.579545599047,0.0,True,1,3.20000004768,0.899
2zvf SO4 204 C,SO4,SO4,0.948247028114,0.948247028114,0.0,True,1,3.20000004768,0.944
2zvf SO4 203 G,SO4,SO4,0.982149822573,0.982149822573,0.0,True,1,3.20000004768,0.931
2zvf SO4 202 B,SO4,SO4,0.789302569395,0.789302569395,0.0,True,1,3.20000004768,0.966
2zvf SO4 201 D,SO4,SO4,0.797490989135,0.797490989135,0.0,True,1,3.20000004768,0.923
2zux MPD 643 A,GOL,MPD,0.37357128993,0.261016335635,0.112554954294,False,2,1.29999995232,0.764
2zuw SO4 4011 D,EDO,SO4,0.314552878317,0.289406715204,0.0251461631129,False,2,2.09999990463,0.934
2zur SO4 181 X,DMS,SO4,0.309593792552,0.16446603764,0.145127754912,False,3,1.79999995232,0.865
2zur SO4 180 X,SO4,SO4,0.593147705539,0.593147705539,0.0,True,1,1.79999995232,0.972
2zun PO4 463 A,SO4,PO4,0.85803985104,0.0655948251878,0.792445025852,False,2,2.0,0.952
2zuj HEM 417 A,HEM,HEM,0.933215492803,0.933215492803,0.0,True,1,1.60000002384,0.987
2zui HEM 417 A,HEM,HEM,0.970895261963,0.970895261963,0.0,True,1,1.5,0.986
2zuh HEM 417 A,HEM,HEM,0.964794047,0.964794047,0.0,True,1,1.60000002384,0.989
2zue ANP 700 A,NAD,ANP_MG,0.0892824313259,0.00341322017695,0.085869211149,False,45,2.0,0.9
2zu2 MPD 4001 A,SO4,MPD,0.46255884405,0.00205143235913,0.460507411691,False,14,1.79999995232,0.859
2ztw NAD 400 A,NAD,NAD,0.193994582263,0.193994582263,0.0,True,1,2.79999995232,0.897
2ztv NAD 300 D,GOL,NAD,0.117939843747,0.0306915702574,0.0872482734896,False,9,2.0,0.842
2ztv NAD 300 C,NAD,NAD,0.267717250814,0.267717250814,0.0,True,1,2.0,0.885
2ztv NAD 300 B,GSH,NAD,0.36894938531,0.162308304785,0.206641080525,False,2,2.0,0.823
2ztv NAD 300 A,NAD,NAD,0.978235737496,0.978235737496,0.0,True,1,2.0,0.956
2ztu NAD 300 D,NAD,NAD,0.113879069578,0.113879069578,0.0,True,1,2.0,0.735
2ztu NAD 300 C,SAH,NAD,0.3406910978,0.0433045671761,0.297386530624,False,4,2.0,0.86
2ztu NAD 300 A,SAH,NAD,0.557648574333,0.0113692515176,0.546279322815,False,9,2.0,0.869
2ztm NAD 300 D,NAD,NAD,0.750246708043,0.750246708043,0.0,True,1,2.29999995232,0.931
2ztm NAD 300 C,NAD,NAD,0.681199639666,0.681199639666,0.0,True,1,2.29999995232,0.956
2ztm NAD 300 A,NAD,NAD,0.887643345926,0.887643345926,0.0,True,1,2.29999995232,0.931
2ztl NAD 300 D,NAD,NAD,0.89564973574,0.89564973574,0.0,True,1,1.79999995232,0.966
2ztl NAD 300 C,NAP,NAD,0.460404690856,0.174084083839,0.286320607017,False,2,1.79999995232,0.98
2ztl NAD 300 B,GSH,NAD,0.256028353876,0.0562269317673,0.199801422109,False,3,1.79999995232,0.864
2ztl NAD 300 A,NAD,NAD,0.908646610726,0.908646610726,0.0,True,1,1.79999995232,0.972
2zt9 HEM 303 A,HEM,HEM,0.546804924986,0.546804924986,0.0,True,1,3.0,0.98
2zt9 HEM 302 A,HEM,HEM,0.969477486951,0.969477486951,0.0,True,1,3.0,0.984
2zt9 HEM 301 C,HEM,HEM,0.942383730409,0.942383730409,0.0,True,1,3.0,0.973
2zt9 HEM 301 A,HEM,HEM,0.965396554784,0.965396554784,0.0,True,1,3.0,0.99
2zt9 FES 200 D,FES,FES,0.817807780899,0.817807780899,0.0,True,1,3.0,0.969
2zt7 ATP 1200 A,AGS,ATP,0.124037002314,0.0250226118533,0.0990143904606,False,7,2.70000004768,0.926
2zt4 SO4 156 A,SO4,SO4,0.994329686039,0.994329686039,0.0,True,1,1.20000004768,0.997
2zt4 HEM 154 A,HEM,HEM,0.82237385545,0.82237385545,0.0,True,1,1.20000004768,0.991
2zt3 SO4 156 A,SO4,SO4,0.991668677906,0.991668677906,0.0,True,1,1.20000004768,0.997
2zt3 HEM 154 A,HEM,HEM,0.897226552252,0.897226552252,0.0,True,1,1.20000004768,0.992
2zt2 SO4 156 A,SO4,SO4,0.991960295445,0.991960295445,0.0,True,1,1.20000004768,0.996
2zt2 HEM 154 A,HEM,HEM,0.880108457467,0.880108457467,0.0,True,1,1.20000004768,0.991
2zt1 SO4 156 A,SO4,SO4,0.988889208424,0.988889208424,0.0,True,1,1.20000004768,0.997
2zt1 HEM 154 A,HEM,HEM,0.945166816158,0.945166816158,0.0,True,1,1.20000004768,0.987
2zt0 SO4 156 A,SO4,SO4,0.990226938784,0.990226938784,0.0,True,1,1.20000004768,0.997
2zt0 HEM 154 A,HEM,HEM,0.927339944928,0.927339944928,0.0,True,1,1.20000004768,0.989
2zsz SO4 156 A,SO4,SO4,0.992086686802,0.992086686802,0.0,True,1,1.20000004768,0.997
2zsz HEM 154 A,HEM,HEM,0.943032580032,0.943032580032,0.0,True,1,1.20000004768,0.988
2zsy SO4 156 A,SO4,SO4,0.97633505415,0.97633505415,0.0,True,1,1.20000004768,0.993
2zsy HEM 154 A,HEM,HEM,0.958462870334,0.958462870334,0.0,True,1,1.20000004768,0.983
2zsx SO4 156 A,SO4,SO4,0.982362421773,0.982362421773,0.0,True,1,1.20000004768,0.993
2zsx HEM 154 A,HEM,HEM,0.835719016573,0.835719016573,0.0,True,1,1.20000004768,0.984
2zst SO4 156 A,SO4,SO4,0.988036621483,0.988036621483,0.0,True,1,1.20000004768,0.995
2zst HEM 154 A,HEM,HEM,0.913954888042,0.913954888042,0.0,True,1,1.20000004768,0.986
2zss SO4 156 A,SO4,SO4,0.991798329738,0.991798329738,0.0,True,1,1.20000004768,0.996
2zss HEM 154 A,HEM,HEM,0.909714484229,0.909714484229,0.0,True,1,1.20000004768,0.987
2zsr SO4 156 A,SO4,SO4,0.992325050395,0.992325050395,0.0,True,1,1.20000004768,0.996
2zsr HEM 154 A,HEM,HEM,0.645868150742,0.645868150742,0.0,True,1,1.20000004768,0.991
2zsq SO4 157 A,SO4,SO4,0.963736289618,0.963736289618,0.0,True,1,1.20000004768,0.981
2zsq SO4 156 A,SO4,SO4,0.99139825247,0.99139825247,0.0,True,1,1.20000004768,0.995
2zsq HEM 154 A,HEM,HEM,0.941230482089,0.941230482089,0.0,True,1,1.20000004768,0.985
2zsp SO4 156 A,SO4,SO4,0.989295546051,0.989295546051,0.0,True,1,1.20000004768,0.997
2zsp HEM 154 A,HEM,HEM,0.771743061549,0.771743061549,0.0,True,1,1.20000004768,0.991
2zso SO4 157 A,SO4,SO4,0.968551759525,0.968551759525,0.0,True,1,1.20000004768,0.992
2zso SO4 156 A,SO4,SO4,0.992844766301,0.992844766301,0.0,True,1,1.20000004768,0.997
2zso HEM 154 A,HEM,HEM,0.942450992231,0.942450992231,0.0,True,1,1.20000004768,0.988
2zsn SO4 156 A,SO4,SO4,0.994751661718,0.994751661718,0.0,True,1,1.20000004768,0.996
2zsn HEM 154 A,HEM,HEM,0.937072740708,0.937072740708,0.0,True,1,1.20000004768,0.988
2zsm PMP 1003 C,PLP,PMP,0.777559725398,0.0330667612282,0.74449296417,False,3,2.29999995232,0.959
2zsm PMP 1002 B,PLP,PMP,0.991422454333,0.000687047175536,0.990735407157,False,3,2.29999995232,0.961
2zsm PMP 1001 A,PLP,PMP,0.981786616742,0.0055701392823,0.97621647746,False,3,2.29999995232,0.957
2zsb ADP 315 A,UDP,ADP,0.777449085238,0.0554734239798,0.721975661258,False,2,2.79999995232,0.927
2zsa ADP 800 A,ADP,ADP,0.360703996999,0.360703996999,0.0,True,1,2.5,0.967
2zs9 ADP 315 A,ADP,ADP,0.370161377063,0.370161377063,0.0,True,1,2.70000004768,0.923
2zs8 ADP 315 A,ADP,ADP,0.491189155503,0.491189155503,0.0,True,1,2.79999995232,0.921
2zrx FMN 669 D,FMN,FMN,0.996907999473,0.996907999473,0.0,True,1,3.0,0.969
2zrx FMN 669 C,FMN,FMN,0.993923323707,0.993923323707,0.0,True,1,3.0,0.966
2zrx FMN 669 B,FMN,FMN,0.841481914797,0.841481914797,0.0,True,1,3.0,0.98
2zrx FMN 669 A,FMN,FMN,0.995458186894,0.995458186894,0.0,True,1,3.0,0.971
2zrw FMN 669 D,FMN,FMN,0.992133323927,0.992133323927,0.0,True,1,2.40000009537,0.976
2zrw FMN 669 C,FMN,FMN,0.917705621125,0.917705621125,0.0,True,1,2.40000009537,0.984
2zrw FMN 669 B,FMN,FMN,0.910510145615,0.910510145615,0.0,True,1,2.40000009537,0.984
2zrw FMN 669 A,FMN,FMN,0.98445293073,0.98445293073,0.0,True,1,2.40000009537,0.974
2zru FMN 669 D,FMN,FMN,0.995240212601,0.995240212601,0.0,True,1,2.0,0.974
2zru FMN 669 C,FMN,FMN,0.997714656879,0.997714656879,0.0,True,1,2.0,0.982
2zru FMN 669 B,FMN,FMN,0.779975142378,0.779975142378,0.0,True,1,2.0,0.972
2zru FMN 669 A,FMN,FMN,0.988110526623,0.988110526623,0.0,True,1,2.0,0.98
2zro ADP 500 A,ADP_MG,ADP,0.490976237941,0.0693990085014,0.421577229439,False,2,2.90000009537,0.885
2zrn PO4 500 A,PO4,PO4,0.317440217388,0.317440217388,0.0,True,1,3.29999995232,0.962
2zri ADP 500 A,TPO,ADP,0.360157815835,0.0378343880097,0.322323427825,False,5,3.29999995232,0.824
2zrh PO4 500 A,SO4,PO4,0.771644554342,0.114216185979,0.657428368363,False,2,3.20000004768,0.975
2zrd ADP 500 A,ADP,ADP,0.104269310891,0.104269310891,0.0,True,1,3.09999990463,0.902
2zrc PO4 500 A,SO4,PO4,0.460267249832,0.448140222367,0.0121270274649,False,2,3.09999990463,0.986
2zrb PO4 501 A,FES,PO4,0.271891720251,0.262198876861,0.00969284338937,False,2,3.29999995232,0.901
2zr7 PO4 501 A,SO4,PO4,0.249103305972,0.14544840738,0.103654898592,False,2,3.59999990463,0.845
2zr6 SO4 400 A,GOL,SO4,0.42704167605,0.090589767189,0.336451908861,False,3,2.5,0.876
2zr5 SO4 400 A,GOL,SO4,0.229837067064,0.221809936805,0.00802713025824,False,2,2.59999990463,0.83
2zr4 SO4 400 A,SO4,SO4,0.833554771387,0.833554771387,0.0,True,1,2.0,0.959
2zr2 SO4 2007 A,SO4,SO4,0.94429694391,0.94429694391,0.0,True,1,2.79999995232,0.972
2zr2 SO4 2006 B,SO4,SO4,0.380330696497,0.380330696497,0.0,True,1,2.79999995232,0.841
2zr2 SO4 2005 A,SO4,SO4,0.5744901593,0.5744901593,0.0,True,1,2.79999995232,0.939
2zr2 SO4 2004 B,SO4,SO4,0.843166375731,0.843166375731,0.0,True,1,2.79999995232,0.937
2zr2 SO4 2003 A,SO4,SO4,0.66408391999,0.66408391999,0.0,True,1,2.79999995232,0.906
2zr2 SO4 2002 B,SO4,SO4,0.819598698814,0.819598698814,0.0,True,1,2.79999995232,0.967
2zr2 SO4 2001 A,SO4,SO4,0.809003391521,0.809003391521,0.0,True,1,2.79999995232,0.962
2zr0 PO4 500 A,SO4,PO4,0.866358276635,0.060899402476,0.805458874159,False,2,3.0,0.98
2zqz SO4 9 C,SO4,SO4,0.893241927157,0.893241927157,0.0,True,1,2.09999990463,0.99
2zqz SO4 8 B,SO4,SO4,0.698621524819,0.698621524819,0.0,True,1,2.09999990463,0.982
2zqz SO4 7 A,SO4,SO4,0.714118173609,0.714118173609,0.0,True,1,2.09999990463,0.99
2zqz SO4 6 F,SO4,SO4,0.898321346411,0.898321346411,0.0,True,1,2.09999990463,0.979
2zqz SO4 5 D,SO4,SO4,0.915844096447,0.915844096447,0.0,True,1,2.09999990463,0.958
2zqz SO4 4 E,SO4,SO4,0.918933507569,0.918933507569,0.0,True,1,2.09999990463,0.98
2zqz SO4 339 F,SO4,SO4,0.863323148681,0.863323148681,0.0,True,1,2.09999990463,0.987
2zqz SO4 3 C,SO4,SO4,0.960966641482,0.960966641482,0.0,True,1,2.09999990463,0.973
2zqz SO4 2 A,SO4,SO4,0.365225616294,0.365225616294,0.0,True,1,2.09999990463,0.974
2zqz SO4 11 D,SO4,SO4,0.836074083761,0.836074083761,0.0,True,1,2.09999990463,0.989
2zqz SO4 10 E,SO4,SO4,0.737594525978,0.737594525978,0.0,True,1,2.09999990463,0.982
2zqz SO4 1 B,MES,SO4,0.190668761082,0.0895148692262,0.101153891856,False,4,2.09999990463,0.974
2zqx HEM 501 C,HEM,HEM,0.586307755088,0.586307755088,0.0,True,1,2.40000009537,0.952
2zqx HEM 501 B,HEM,HEM,0.972861714174,0.972861714174,0.0,True,1,2.40000009537,0.978
2zqx HEM 501 A,HEM,HEM,0.993886317332,0.993886317332,0.0,True,1,2.40000009537,0.975
2zqv SO4 400 A,SO4,SO4,0.618406672549,0.618406672549,0.0,True,1,2.5,0.929
2zqu SO4 400 A,SO4,SO4,0.814459569598,0.814459569598,0.0,True,1,2.5,0.881
2zqt SO4 400 A,SO4,SO4,0.820106482423,0.820106482423,0.0,True,1,1.5,0.874
2zqo PO4 422 B,SO4,PO4,0.492601022355,0.247864674386,0.244736347969,False,2,1.79999995232,0.929
2zqo PO4 421 A,SO4,PO4,0.648268413975,0.148624047996,0.499644365979,False,2,1.79999995232,0.943
2zqn PO4 402 A,SO4,PO4,0.605181295415,0.0265073627303,0.578673932685,False,5,1.89999997616,0.958
2zqn PO4 401 A,SO4,PO4,0.729251913787,0.0958849069414,0.633367006845,False,2,1.89999997616,0.943
2zqm CIT 300 A,CIT,CIT,0.834365257182,0.834365257182,0.0,True,1,1.89999997616,0.951
2zqj HEM 501 C,HEM,HEM,0.868356755726,0.868356755726,0.0,True,1,2.90000009537,0.971
2zqj HEM 501 B,HEM,HEM,0.84471189668,0.84471189668,0.0,True,1,2.90000009537,0.975
2zqj HEM 501 A,HEM,HEM,0.910839445117,0.910839445117,0.0,True,1,2.90000009537,0.976
2zqb SO4 159 C,SO4,SO4,0.595323013423,0.595323013423,0.0,True,1,2.5,0.963
2zqb SO4 159 B,SO4,SO4,0.470718943918,0.470718943918,0.0,True,1,2.5,0.966
2zqb SO4 159 A,SO4,SO4,0.653617966817,0.653617966817,0.0,True,1,2.5,0.989
2zq1 SO4 701 A,SO4,SO4,0.913843497012,0.913843497012,0.0,True,1,1.70000004768,0.92
2zpq SO4 2002 A,SO4,SO4,0.926365642565,0.926365642565,0.0,True,1,1.89999997616,0.977
2zpq SO4 2001 A,SO4,SO4,0.662066284525,0.662066284525,0.0,True,1,1.89999997616,0.957
2zpo SO4 123 A,SO4,SO4,0.666260741097,0.666260741097,0.0,True,1,1.60000002384,0.981
2zpo SO4 122 A,SO4,SO4,0.736391197137,0.736391197137,0.0,True,1,1.60000002384,0.928
2zpo SO4 121 A,SO4,SO4,0.955806289148,0.955806289148,0.0,True,1,1.60000002384,0.952
2zpo SO4 120 A,SO4,SO4,0.864121928227,0.864121928227,0.0,True,1,1.60000002384,0.964
2zpn SO4 118 A,SO4,SO4,0.950626951833,0.950626951833,0.0,True,1,2.70000004768,0.969
2zpn SO4 117 D,SO4,SO4,0.552154980523,0.552154980523,0.0,True,1,2.70000004768,0.93
2zpn SO4 117 C,SO4,SO4,0.613894419026,0.613894419026,0.0,True,1,2.70000004768,0.905
2zpn SO4 117 B,SO4,SO4,0.457182509837,0.457182509837,0.0,True,1,2.70000004768,0.864
2zpn SO4 117 A,SO4,SO4,0.583821353842,0.583821353842,0.0,True,1,2.70000004768,0.975
2zpi TRS 1400 B,GOL,TRS,0.912704751425,0.00829525395131,0.904409497474,False,3,1.5,0.905
2zph TRS 1901 B,GOL,TRS,0.956605809817,0.00268401833126,0.953921791486,False,4,1.60000002384,0.898
2zpa SO4 801 B,GDP,SO4,0.196188731209,0.00440558824759,0.191783142962,False,24,2.40000009537,0.913
2zpa ADP 800 A,ADP,ADP,0.578247268938,0.578247268938,0.0,True,1,2.40000009537,0.945
2zpa ACO 701 B,ACO,ACO,0.88313562505,0.88313562505,0.0,True,1,2.40000009537,0.858
2zpa ACO 700 A,ACO,ACO,0.777921498024,0.777921498024,0.0,True,1,2.40000009537,0.872
2zp0 FUC 1060 L,MAN,FUC,0.690581688397,0.13701251418,0.553569174216,False,2,2.40000009537,0.939
2zp0 BGC 1052 L,1PE,BGC,0.0892841951017,0.0282933132915,0.0609908818102,False,9,2.40000009537,0.854
2zoz SO4 186 B,PO4,SO4,0.583420275044,0.353020509766,0.230399765278,False,2,2.0,0.974
2zoz SO4 185 B,SO4,SO4,0.912477445814,0.912477445814,0.0,True,1,2.0,0.951
2zoz SO4 184 A,SO4,SO4,0.846196045723,0.846196045723,0.0,True,1,2.0,0.982
2zox PLM 477 A,PEG,PLM,0.262386847774,0.00127593277011,0.261110915003,False,42,1.89999997616,0.609
2zox PLM 475 A,PGE,PLM,0.189753655964,0.148280772439,0.0414728835245,False,2,1.89999997616,0.705
2zoq SO4 380 A,SO4,SO4,0.885349273094,0.885349273094,0.0,True,1,2.40000009537,0.96
2zop SO4 307 F,SO4,SO4,0.928613159281,0.928613159281,0.0,True,1,2.09999990463,0.969
2zop SO4 306 C,SO4,SO4,0.780707951743,0.780707951743,0.0,True,1,2.09999990463,0.823
2zop SO4 305 B,SO4,SO4,0.859431369416,0.859431369416,0.0,True,1,2.09999990463,0.978
2zop SO4 304 A,SO4,SO4,0.82072671023,0.82072671023,0.0,True,1,2.09999990463,0.953
2zop SO4 303 B,SO4,SO4,0.900836266855,0.900836266855,0.0,True,1,2.09999990463,0.968
2zop SO4 302 A,SO4,SO4,0.92681154585,0.92681154585,0.0,True,1,2.09999990463,0.971
2zop SO4 301 B,SO4,SO4,0.95507963715,0.95507963715,0.0,True,1,2.09999990463,0.958
2zoo SUC 700 A,SUC,SUC,0.692544754194,0.692544754194,0.0,True,1,2.0,0.981
2zoo SO4 803 A,SO4,SO4,0.51256038995,0.51256038995,0.0,True,1,2.0,0.895
2zoo HEM 600 A,HEM,HEM,0.819444053774,0.819444053774,0.0,True,1,2.0,0.985
2zon HEM 200 G,HEM,HEM,0.549195349471,0.549195349471,0.0,True,1,1.70000004768,0.98
2zom SO4 114 C,SO4,SO4,0.788361950724,0.788361950724,0.0,True,1,3.0,0.897
2zom SO4 114 B,EDO,SO4,0.283646366833,0.232207335875,0.0514390309577,False,3,3.0,0.845
2zom SO4 114 A,SO4,SO4,0.425688602446,0.425688602446,0.0,True,1,3.0,0.842
2zol SO4 10 F,SO4,SO4,0.87561973861,0.87561973861,0.0,True,1,2.70000004768,0.968
2zol ABA 1 F,HYP,ABA,0.187739469802,0.111607762437,0.0761317073649,False,2,2.70000004768,0.971
2zol ABA 1 E,EDO,ABA,0.402649576218,0.00457237020195,0.398077206016,False,18,2.70000004768,0.965
2zok SO4 279 G,SO4,SO4,0.665599086002,0.665599086002,0.0,True,1,2.09999990463,0.955
2zok SO4 279 E,SO4,SO4,0.921440521033,0.921440521033,0.0,True,1,2.09999990463,0.976
2zok SO4 279 A,SO4,SO4,0.925083146084,0.925083146084,0.0,True,1,2.09999990463,0.975
2zok SO4 10 I,SO4,SO4,0.858621782355,0.858621782355,0.0,True,1,2.09999990463,0.975
2zok ABA 1 L,MLY,ABA,0.622722857897,0.113725165668,0.508997692229,False,2,2.09999990463,0.954
2zok ABA 1 K,ACT_ZN,ABA,0.237715138942,0.0485843329078,0.189130806034,False,3,2.09999990463,0.974
2zok ABA 1 J,MLY,ABA,0.77219616844,0.0219783155557,0.750217852884,False,3,2.09999990463,0.978
2zok ABA 1 I,BME,ABA,0.903817634877,0.00103499921921,0.902782635658,False,13,2.09999990463,0.972
2zod SO4 702 B,SO4,SO4,0.902155754156,0.902155754156,0.0,True,1,2.0,0.971
2zod SO4 701 A,SO4,SO4,0.860733662199,0.860733662199,0.0,True,1,2.0,0.973
2zo3 TYS 63 I,TYS,TYS,0.918734744172,0.918734744172,0.0,True,1,1.70000004768,0.924
2znk TYS 63 I,TYS,TYS,0.877186590143,0.877186590143,0.0,True,1,1.79999995232,0.921
2znh MAN 603 B,GOL,MAN,0.265601685078,0.0066350707389,0.258966614339,False,22,2.79999995232,0.748
2znh CIT 605 B,SO4,CIT,0.782503334007,0.000227765471064,0.782275568536,False,90,2.79999995232,0.788
2zmn NAG 601 B,FUC_NAG_NAG,FUC_NAG,0.666859097764,0.0885996431963,0.578259454568,False,2,2.90000009537,0.867
2zml NAG 601 B,NAG_NAG,FUC_NAG,0.434321413002,0.00626994490071,0.428051468101,False,4,2.59999990463,0.851
2zml NAG 501 A,NAG,FUC_NAG,0.495714547389,0.172341309875,0.323373237514,False,2,2.59999990463,0.925
2zml FUC 502 B,SO4,FUC,0.30486696937,0.0180737590866,0.286793210283,False,10,2.59999990463,0.841
2zmk NAG 307 C,NAG,FUC_NAG,0.796376144811,0.0444805818191,0.751895562992,False,4,2.5,0.829
2zmk NAG 305 A,NAG,FUC_NAG,0.922745635782,0.0250192160608,0.897726419721,False,2,2.5,0.92
2zmk NAG 303 B,NAG,FUC_NAG,0.763546761273,0.0230771538052,0.740469607468,False,3,2.5,0.855
2zmk NAG 303 A,NAG,FUC_NAG,0.432208788483,0.0805116645949,0.351697123888,False,3,2.5,0.831
2zmf CMP 2001 B,CMP,CMP,0.830942764157,0.830942764157,0.0,True,1,2.09999990463,0.985
2zmf CMP 2001 A,CMP,CMP,0.945797211446,0.945797211446,0.0,True,1,2.09999990463,0.989
2zmb SO4 691 A,SO4,SO4,0.625920015405,0.625920015405,0.0,True,1,2.90000009537,0.93
2zma SO4 513 A,GOL,SO4,0.546475924642,0.00608791530089,0.540388009341,False,12,1.5,0.898
2zma SO4 512 A,SO4,SO4,0.596653424911,0.596653424911,0.0,True,1,1.5,0.777
2zma SO4 511 A,GOL,SO4,0.430091736356,0.294383548541,0.135708187814,False,2,1.5,0.77
2zma SO4 509 A,SO4,SO4,0.599956388158,0.599956388158,0.0,True,1,1.5,0.865
2zm9 SO4 508 A,SO4,SO4,0.348429615435,0.348429615435,0.0,True,1,1.5,0.835
2zm9 SO4 506 A,SO4,SO4,0.627445159152,0.627445159152,0.0,True,1,1.5,0.875
2zm8 SO4 509 A,SO4,SO4,0.621129933128,0.621129933128,0.0,True,1,1.5,0.886
2zm7 SO4 511 A,SO4,SO4,0.244771895508,0.244771895508,0.0,True,1,1.60000002384,0.822
2zm7 SO4 510 A,GOL,SO4,0.387808970517,0.219929099307,0.167879871211,False,2,1.60000002384,0.805
2zm7 SO4 509 A,EDO,SO4,0.677382910547,0.0448674999303,0.632515410617,False,3,1.60000002384,0.801
2zm4 SO4 603 A,SO4,SO4,0.649663308314,0.649663308314,0.0,True,1,2.70000004768,0.964
2zm4 SO4 602 A,SO4,SO4,0.651054047972,0.651054047972,0.0,True,1,2.70000004768,0.993
2zm2 SO4 513 A,GOL,SO4,0.338456804931,0.038733797901,0.29972300703,False,5,1.60000002384,0.761
2zm2 SO4 512 A,SO4,SO4,0.796818623624,0.796818623624,0.0,True,1,1.60000002384,0.84
2zm2 SO4 511 A,SO4,SO4,0.717296209504,0.717296209504,0.0,True,1,1.60000002384,0.919
2zm2 SO4 510 A,SO4,SO4,0.502657339971,0.502657339971,0.0,True,1,1.60000002384,0.846
2zm1 SO4 511 A,DMS,SO4,0.770257336564,0.15672850149,0.613528835075,False,2,2.09999990463,0.974
2zm1 SO4 510 A,PO4,SO4,0.492332961432,0.440674098065,0.0516588633673,False,2,2.09999990463,0.994
2zm0 SO4 394 A,SO4,SO4,0.781864007117,0.781864007117,0.0,True,1,1.5,0.906
2zly SO4 394 A,SO4,SO4,0.885149064658,0.885149064658,0.0,True,1,1.60000002384,0.855
2zlw HEM 147 D,NAD,HEM,0.187723382918,0.039752283749,0.147971099169,False,2,2.90000009537,0.904
2zlw HEM 142 C,SO4,HEM,0.114535033455,0.0644800067478,0.0500550267072,False,3,2.90000009537,0.924
2zlw HEM 142 A,NAG,HEM,0.323404059022,0.0205292588484,0.302874800174,False,7,2.90000009537,0.941
2zlv HEM 142 A,HEM,HEM,0.794329265439,0.794329265439,0.0,True,1,2.0,0.952
2zlu HEM 147 B,HEM,HEM,0.974095945596,0.974095945596,0.0,True,1,2.0,0.936
2zlu HEM 142 A,HEM,HEM,0.718097923756,0.718097923756,0.0,True,1,2.0,0.951
2zlt HEM 147 B,HEM,HEM,0.949425818649,0.949425818649,0.0,True,1,1.89999997616,0.934
2zlt HEM 142 A,HEM,HEM,0.964144458627,0.964144458627,0.0,True,1,1.89999997616,0.959
2zlb SO4 300 A,SO4,SO4,0.883366246883,0.883366246883,0.0,True,1,2.20000004768,0.994
2zks SO4 244 A,SO4,SO4,0.583183955365,0.583183955365,0.0,True,1,2.70000004768,0.914
2zks SO4 243 A,SO4,SO4,0.830273243246,0.830273243246,0.0,True,1,2.70000004768,0.959
2zks SO4 242 A,SO4,SO4,0.320574863054,0.320574863054,0.0,True,1,2.70000004768,0.924
2zks SO4 241 A,SO4,SO4,0.879309180836,0.879309180836,0.0,True,1,2.70000004768,0.899
2zkn BGC 136 A,EDO,BGC,0.522351820412,0.000552839804354,0.521798980607,False,57,1.89999997616,0.817
2zki SO4 508 H,GOL,SO4,0.418378650134,0.074831586447,0.343547063687,False,3,2.90000009537,0.813
2zki SO4 507 H,SO4,SO4,0.483352961587,0.483352961587,0.0,True,1,2.90000009537,0.901
2zki SO4 507 B,SO4,SO4,0.805108040457,0.805108040457,0.0,True,1,2.90000009537,0.926
2zki SO4 506 D,SO4,SO4,0.557853385564,0.557853385564,0.0,True,1,2.90000009537,0.862
2zki SO4 506 C,SEP,SO4,0.2511518461,0.0972666465279,0.153885199573,False,3,2.90000009537,0.965
2zki SO4 506 B,SO4,SO4,0.579526158167,0.579526158167,0.0,True,1,2.90000009537,0.846
2zki SO4 506 A,SO4,SO4,0.778859633759,0.778859633759,0.0,True,1,2.90000009537,0.904
2zki SO4 505 H,SO4,SO4,0.413001679245,0.413001679245,0.0,True,1,2.90000009537,0.869
2zki SO4 505 G,SO4,SO4,0.493916072955,0.493916072955,0.0,True,1,2.90000009537,0.945
2zki SO4 505 F,SO4,SO4,0.386580151197,0.386580151197,0.0,True,1,2.90000009537,0.901
2zki SO4 505 E,SO4,SO4,0.767023232772,0.767023232772,0.0,True,1,2.90000009537,0.866
2zki SO4 505 D,SO4,SO4,0.76264479383,0.76264479383,0.0,True,1,2.90000009537,0.898
2zki SO4 505 C,GOL,SO4,0.261853196608,0.218542177273,0.043311019335,False,2,2.90000009537,0.903
2zki SO4 505 B,SO4,SO4,0.389096197857,0.389096197857,0.0,True,1,2.90000009537,0.88
2zki SO4 505 A,SO4,SO4,0.618114188129,0.618114188129,0.0,True,1,2.90000009537,0.907
2zki SO4 504 H,SO4,SO4,0.437852231547,0.437852231547,0.0,True,1,2.90000009537,0.913
2zki SO4 504 G,SO4,SO4,0.735296379376,0.735296379376,0.0,True,1,2.90000009537,0.805
2zki SO4 504 F,SO4,SO4,0.512193932606,0.512193932606,0.0,True,1,2.90000009537,0.829
2zki SO4 504 E,SO4,SO4,0.562373675129,0.562373675129,0.0,True,1,2.90000009537,0.836
2zki SO4 504 D,SO4,SO4,0.709715977035,0.709715977035,0.0,True,1,2.90000009537,0.886
2zki SO4 504 C,SO4,SO4,0.724607650399,0.724607650399,0.0,True,1,2.90000009537,0.919
2zki SO4 504 B,SO4,SO4,0.85510293658,0.85510293658,0.0,True,1,2.90000009537,0.852
2zki SO4 504 A,SO4,SO4,0.576779652801,0.576779652801,0.0,True,1,2.90000009537,0.872
2zki SO4 503 H,SO4,SO4,0.890197645223,0.890197645223,0.0,True,1,2.90000009537,0.98
2zki SO4 503 G,SO4,SO4,0.738686920327,0.738686920327,0.0,True,1,2.90000009537,0.969
2zki SO4 503 F,SO4,SO4,0.655654764458,0.655654764458,0.0,True,1,2.90000009537,0.943
2zki SO4 503 E,SO4,SO4,0.884433091289,0.884433091289,0.0,True,1,2.90000009537,0.932
2zki SO4 503 D,SO4,SO4,0.924311721374,0.924311721374,0.0,True,1,2.90000009537,0.962
2zki SO4 503 C,SO4,SO4,0.939714941835,0.939714941835,0.0,True,1,2.90000009537,0.95
2zki SO4 503 B,SO4,SO4,0.863658271857,0.863658271857,0.0,True,1,2.90000009537,0.919
2zki SO4 503 A,SO4,SO4,0.929946390205,0.929946390205,0.0,True,1,2.90000009537,0.973
2zki SO4 502 H,SO4,SO4,0.453361595173,0.453361595173,0.0,True,1,2.90000009537,0.947
2zki SO4 502 G,SO4,SO4,0.905941716732,0.905941716732,0.0,True,1,2.90000009537,0.948
2zki SO4 502 F,SO4,SO4,0.93403677867,0.93403677867,0.0,True,1,2.90000009537,0.909
2zki SO4 502 E,SO4,SO4,0.902436927304,0.902436927304,0.0,True,1,2.90000009537,0.97
2zki SO4 502 D,SO4,SO4,0.823820494655,0.823820494655,0.0,True,1,2.90000009537,0.887
2zki SO4 502 C,SO4,SO4,0.86758906038,0.86758906038,0.0,True,1,2.90000009537,0.947
2zki SO4 502 B,SO4,SO4,0.890457790152,0.890457790152,0.0,True,1,2.90000009537,0.932
2zki SO4 502 A,SO4,SO4,0.807921247979,0.807921247979,0.0,True,1,2.90000009537,0.914
2zki SO4 501 H,SO4,SO4,0.569850875151,0.569850875151,0.0,True,1,2.90000009537,0.966
2zki SO4 501 G,SO4,SO4,0.806919298764,0.806919298764,0.0,True,1,2.90000009537,0.96
2zki SO4 501 F,SO4,SO4,0.932148618474,0.932148618474,0.0,True,1,2.90000009537,0.981
2zki SO4 501 E,SO4,SO4,0.835898421634,0.835898421634,0.0,True,1,2.90000009537,0.964
2zki SO4 501 D,SO4,SO4,0.793502276362,0.793502276362,0.0,True,1,2.90000009537,0.977
2zki SO4 501 C,SO4,SO4,0.941464451024,0.941464451024,0.0,True,1,2.90000009537,0.968
2zki SO4 501 B,SO4,SO4,0.859976090123,0.859976090123,0.0,True,1,2.90000009537,0.974
2zki SO4 501 A,SO4,SO4,0.915543530558,0.915543530558,0.0,True,1,2.90000009537,0.971
2zjx SO4 4003 A,SO4,SO4,0.839102513683,0.839102513683,0.0,True,1,1.10000002384,0.934
2zj9 IPA 362 B,ACT,IPA,0.76645573182,0.0299531308255,0.736502600995,False,3,1.70000004768,0.938
2zj9 IPA 362 A,ACT,IPA,0.363829809199,0.0158423578128,0.347987451386,False,6,1.70000004768,0.945
2zj5 SO4 905 A,SO4,SO4,0.757828779258,0.757828779258,0.0,True,1,2.40000009537,0.977
2zj5 SO4 904 A,SO4,SO4,0.844651627931,0.844651627931,0.0,True,1,2.40000009537,0.957
2zj5 SO4 903 A,SO4,SO4,0.753648911246,0.753648911246,0.0,True,1,2.40000009537,0.913
2zj5 SO4 902 A,SO4,SO4,0.654557721171,0.654557721171,0.0,True,1,2.40000009537,0.965
2zj5 ADP 801 A,ATP,ADP,0.388185875489,0.00693940750372,0.381246467985,False,18,2.40000009537,0.917
2zj2 SO4 905 A,SO4,SO4,0.79848649867,0.79848649867,0.0,True,1,2.40000009537,0.977
2zj2 SO4 904 A,SO4,SO4,0.881556384542,0.881556384542,0.0,True,1,2.40000009537,0.932
2zj2 SO4 903 A,SO4,SO4,0.662466184132,0.662466184132,0.0,True,1,2.40000009537,0.935
2zj2 SO4 902 A,SO4,SO4,0.82912109421,0.82912109421,0.0,True,1,2.40000009537,0.938
2zj1 NAD 550 D,NAD,NAD,0.798698770225,0.798698770225,0.0,True,1,2.0,0.961
2zj1 NAD 550 C,NAD,NAD,0.891600151647,0.891600151647,0.0,True,1,2.0,0.954
2zj1 NAD 550 B,NAD,NAD,0.846313574316,0.846313574316,0.0,True,1,2.0,0.965
2zj1 NAD 550 A,NAD,NAD,0.913869696384,0.913869696384,0.0,True,1,2.0,0.956
2zj0 NAD 550 D,NAD,NAD,0.897805159018,0.897805159018,0.0,True,1,2.40000009537,0.978
2zj0 NAD 550 C,NAD,NAD,0.956999922168,0.956999922168,0.0,True,1,2.40000009537,0.963
2zj0 NAD 550 B,NAD,NAD,0.891206887582,0.891206887582,0.0,True,1,2.40000009537,0.966
2zj0 NAD 550 A,NAD,NAD,0.981896561184,0.981896561184,0.0,True,1,2.40000009537,0.97
2ziz NAD 550 D,NAP,NAD,0.297602903224,0.268770336329,0.0288325668944,False,2,2.20000004768,0.966
2ziz NAD 550 C,NAI,NAD,0.319809035392,0.290656088942,0.0291529464504,False,3,2.20000004768,0.972
2ziz NAD 550 B,NAD,NAD,0.938843992822,0.938843992822,0.0,True,1,2.20000004768,0.958
2ziz NAD 550 A,NAD,NAD,0.725296893938,0.725296893938,0.0,True,1,2.20000004768,0.963
2zit NAD 702 F,NAD,NAD,0.734273812043,0.734273812043,0.0,True,1,3.0,0.971
2zit NAD 701 D,NAD,NAD,0.423803364686,0.423803364686,0.0,True,1,3.0,0.966
2zit NAD 700 B,ATP,NAD,0.289194517557,0.0388585078857,0.250336009671,False,6,3.0,0.965
2ziq TYS 63 I,TYS,TYS,0.977064834682,0.977064834682,0.0,True,1,1.60000002384,0.929
2zin ANP 501 A,C2E,ANP_MG,0.197129726494,0.104041960419,0.0930877660748,False,3,1.79999995232,0.971
2zim POP 901 A,EDO,POP,0.361743129733,0.000597866729043,0.361145263004,False,49,2.09999990463,0.825
2zic TRS 942 A,TRS,TRS,0.869507002901,0.869507002901,0.0,True,1,2.20000004768,0.985
2zi9 ADP 301 B,ADP,ADP,0.590212508156,0.590212508156,0.0,True,1,2.5,0.961
2zi9 ADP 301 A,ADP,ADP,0.703185152625,0.703185152625,0.0,True,1,2.5,0.948
2zi3 ADP 301 B,GDP,ADP,0.336313761413,0.286408713835,0.049905047578,False,2,2.29999995232,0.965
2zi3 ADP 301 A,ADP,ADP,0.599425458468,0.599425458468,0.0,True,1,2.29999995232,0.963
2zi2 TYS 63 I,TYS,TYS,0.957226967406,0.957226967406,0.0,True,1,1.60000002384,0.942
2zhw TYS 63 I,TYS,TYS,0.480099933824,0.480099933824,0.0,True,1,2.0,0.924
2zhq TYS 63 I,PLP,TYS,0.0672646761675,0.0377639366162,0.0295007395512,False,3,2.0,0.949
2zhi SO4 320 A,SO4,SO4,0.856931075818,0.856931075818,0.0,True,1,1.60000002384,0.958
2zhh FES 501 A,SO4,FES,0.766434069149,0.0311931481638,0.735240920985,False,3,3.20000004768,0.993
2zhg FES 501 A,ATP_MG,FES,0.216862166987,0.0459499535389,0.170912213448,False,4,2.79999995232,0.984
2zhf TYS 63 I,TYS,TYS,0.728348125564,0.728348125564,0.0,True,1,2.0,0.91
2zhe TYS 63 I,PLP,TYS,0.221981977502,0.0108288204116,0.211153157091,False,14,2.09999990463,0.91
2zhd SO4 701 A,SO4,SO4,0.540058370715,0.540058370715,0.0,True,1,1.89999997616,0.963
2zhb SO4 438 A,SO4,SO4,0.888511388123,0.888511388123,0.0,True,1,3.0,0.952
2zhb SO4 1 A,SO4,SO4,0.700169720929,0.700169720929,0.0,True,1,3.0,0.966
2zha SO4 503 A,SO4,SO4,0.82600669302,0.82600669302,0.0,True,1,3.0,0.965
2zh9 SO4 439 A,SO4,SO4,0.927973819453,0.927973819453,0.0,True,1,2.90000009537,0.937
2zh9 SO4 438 A,SO4,SO4,0.781212440427,0.781212440427,0.0,True,1,2.90000009537,0.979
2zh8 SO4 702 A,SO4,SO4,0.833440355079,0.833440355079,0.0,True,1,2.70000004768,0.951
2zh8 SO4 701 A,SO4,SO4,0.836680496078,0.836680496078,0.0,True,1,2.70000004768,0.967
2zh7 SO4 702 A,SO4,SO4,0.874026590856,0.874026590856,0.0,True,1,3.0,0.938
2zh7 SO4 701 A,SO4,SO4,0.818852398243,0.818852398243,0.0,True,1,3.0,0.97
2zh6 SO4 4770 A,SO4,SO4,0.90267422521,0.90267422521,0.0,True,1,2.5,0.897
2zh6 ATP 501 A,ANP_MG,ATP,0.461410001772,0.0883945609016,0.37301544087,False,3,2.5,0.972
2zh5 SO4 4771 A,SO4,SO4,0.703213316486,0.703213316486,0.0,True,1,2.59999990463,0.903
2zh5 SO4 4770 A,SO4,SO4,0.898407965292,0.898407965292,0.0,True,1,2.59999990463,0.969
2zh4 SO4 4771 A,SO4,SO4,0.847132447194,0.847132447194,0.0,True,1,2.70000004768,0.961
2zh4 SO4 4770 A,SO4,SO4,0.677862671609,0.677862671609,0.0,True,1,2.70000004768,0.976
2zh3 SO4 4771 A,SO4,SO4,0.909187758089,0.909187758089,0.0,True,1,2.5,0.953
2zh3 SO4 4770 A,SO4,SO4,0.71297543884,0.71297543884,0.0,True,1,2.5,0.961
2zh2 SO4 439 A,SO4,SO4,0.764933228481,0.764933228481,0.0,True,1,2.70000004768,0.911
2zh2 SO4 438 A,SO4,SO4,0.744949894153,0.744949894153,0.0,True,1,2.70000004768,0.972
2zh1 SO4 439 A,SO4,SO4,0.954121259199,0.954121259199,0.0,True,1,2.79999995232,0.934
2zh1 SO4 438 A,SO4,SO4,0.735605891382,0.735605891382,0.0,True,1,2.79999995232,0.963
2zgz GNP 323 B,ANP_MG,GNP_MG,0.306168154562,0.0212352254375,0.284932929125,False,6,2.20000004768,0.975
2zgz GNP 323 A,ANP_MG,GNP_MG,0.329176760358,0.0106764776155,0.318500282742,False,8,2.20000004768,0.974
2zgy GDP 323 B,NAD,GDP_MG,0.472610608216,0.0107723014261,0.46183830679,False,10,1.89999997616,0.968
2zgy GDP 323 A,NAD,GDP_MG,0.319113798164,0.0321351764152,0.286978621749,False,5,1.89999997616,0.965
2zgx TYS 63 I,TYS,TYS,0.953705884618,0.953705884618,0.0,True,1,1.79999995232,0.933
2zgw ADN 1302 B,XYP,ADN,0.13511101774,0.0232846507519,0.111826366988,False,8,1.5,0.829
2zgv ADP 417 A,GSH,ADP,0.178253381383,0.0637463045636,0.114507076819,False,4,2.0,0.958
2zgm SO4 168 B,SO4,SO4,0.845162351668,0.845162351668,0.0,True,1,1.89999997616,0.962
2zgm SO4 168 A,DMS,SO4,0.469212967806,0.323765170825,0.145447796981,False,2,1.89999997616,0.922
2zgj SO4 244 A,ADP,SO4,0.34297575744,0.217845057965,0.125130699475,False,2,2.29999995232,0.786
2zgj SO4 243 A,SO4,SO4,0.715848589857,0.715848589857,0.0,True,1,2.29999995232,0.675
2zgj SO4 242 A,SO4,SO4,0.899500456424,0.899500456424,0.0,True,1,2.29999995232,0.908
2zgj SO4 241 A,SO4,SO4,0.885766494818,0.885766494818,0.0,True,1,2.29999995232,0.976
2zgi SO4 247 D,GOL,SO4,0.553981743475,0.0361339522052,0.51784779127,False,3,1.89999997616,0.974
2zgi SO4 247 C,SO4,SO4,0.89097951583,0.89097951583,0.0,True,1,1.89999997616,0.979
2zgi SO4 247 B,SO4,SO4,0.932468814082,0.932468814082,0.0,True,1,1.89999997616,0.993
2zgi SO4 247 A,SO4,SO4,0.946312982136,0.946312982136,0.0,True,1,1.89999997616,0.992
2zgh SO4 245 A,SO4,SO4,0.818642603525,0.818642603525,0.0,True,1,2.20000004768,0.866
2zgh SO4 244 A,SO4,SO4,0.888147755592,0.888147755592,0.0,True,1,2.20000004768,0.939
2zgh SO4 243 A,SO4,SO4,0.85649113399,0.85649113399,0.0,True,1,2.20000004768,0.915
2zgh SO4 241 A,SO4,SO4,0.786835960863,0.786835960863,0.0,True,1,2.20000004768,0.972
2zgc SO4 244 A,SO4,SO4,0.919443908279,0.919443908279,0.0,True,1,2.0,0.948
2zgc SO4 242 A,SO4,SO4,0.291311180098,0.291311180098,0.0,True,1,2.0,0.856
2zgc SO4 241 A,SO4,SO4,0.534639711412,0.534639711412,0.0,True,1,2.0,0.919
2zgb TYS 63 I,TYS,TYS,0.197978804758,0.197978804758,0.0,True,1,1.60000002384,0.934
2zg9 SO4 179 X,DMS,SO4,0.517241175915,0.035640679871,0.481600496044,False,5,1.79999995232,0.922
2zg9 SO4 178 X,SO4,SO4,0.87404123339,0.87404123339,0.0,True,1,1.79999995232,0.955
2zg9 SO4 177 X,SO4,SO4,0.78452970904,0.78452970904,0.0,True,1,1.79999995232,0.969
2zg8 SO4 177 X,SO4,SO4,0.923082720482,0.923082720482,0.0,True,1,1.60000002384,0.973
2zg7 SO4 176 X,SO4,SO4,0.955787139601,0.955787139601,0.0,True,1,1.70000004768,0.982
2zg1 SIA 241 A,NAG,SIA,0.360519309906,0.0036411941731,0.356878115733,False,11,2.70000004768,0.83
2zg0 TYS 63 I,TYS,TYS,0.912076282464,0.912076282464,0.0,True,1,1.70000004768,0.935
2zfw SO4 405 B,SO4,SO4,0.639937544064,0.639937544064,0.0,True,1,2.90000009537,0.946
2zfw SO4 404 E,SO4,SO4,0.922190094058,0.922190094058,0.0,True,1,2.90000009537,0.965
2zfw SO4 403 D,SO4,SO4,0.836798806266,0.836798806266,0.0,True,1,2.90000009537,0.905
2zfw SO4 402 B,SO4,SO4,0.553516337134,0.553516337134,0.0,True,1,2.90000009537,0.945
2zfw SO4 401 A,SO4,SO4,0.770713494229,0.770713494229,0.0,True,1,2.90000009537,0.893
2zfr TYS 63 I,TYS,TYS,0.695457520585,0.695457520585,0.0,True,1,1.79999995232,0.891
2zfq TYS 63 I,TYS,TYS,0.961634737828,0.961634737828,0.0,True,1,1.79999995232,0.913
2zfp TYS 63 I,TYS,TYS,0.958007929526,0.958007929526,0.0,True,1,2.20000004768,0.951
2zfn ACO 500 A,ACO,ACO,0.878704006902,0.878704006902,0.0,True,1,1.89999997616,0.971
2zfm ADP 2000 A,ADP,ADP,0.864284061016,0.864284061016,0.0,True,1,2.29999995232,0.92
2zfl ADP 2000 A,ADP,ADP,0.19466461196,0.19466461196,0.0,True,1,2.70000004768,0.957
2zfk ADP 2000 A,ADP,ADP,0.213281300576,0.213281300576,0.0,True,1,3.59999990463,0.885
2zfj ADP 2000 A,ADP,ADP,0.260384173527,0.260384173527,0.0,True,1,3.20000004768,0.921
2zfe MAN 410 A,NAG,MAN,0.958479529928,0.000868412617396,0.957611117311,False,8,2.5,0.797
2zfb HEM 150 B,HEM,HEM,0.907308483932,0.907308483932,0.0,True,1,3.0,0.95
2zfb HEM 150 A,HEC,HEM,0.506823810781,0.420546845801,0.0862769649806,False,2,3.0,0.951
2zfa FMN 375 B,FMN,FMN,0.97693394129,0.97693394129,0.0,True,1,1.79999995232,0.956
2zfa FMN 375 A,FMN,FMN,0.991486303278,0.991486303278,0.0,True,1,1.79999995232,0.941
2zet SO4 303 D,SO4,SO4,0.954463005376,0.954463005376,0.0,True,1,3.0,0.974
2zet SO4 303 C,SO4,SO4,0.931035710348,0.931035710348,0.0,True,1,3.0,0.949
2zep SO4 396 B,SO4,SO4,0.844645551713,0.844645551713,0.0,True,1,2.09999990463,0.984
2zep SO4 395 A,SO4,SO4,0.82532831062,0.82532831062,0.0,True,1,2.09999990463,0.985
2zeo SO4 396 B,SO4,SO4,0.959710632853,0.959710632853,0.0,True,1,1.70000004768,0.978
2zeo SO4 395 A,SO4,SO4,0.966534565707,0.966534565707,0.0,True,1,1.70000004768,0.983
2zen SO4 396 B,SO4,SO4,0.96415568984,0.96415568984,0.0,True,1,1.79999995232,0.964
2zen SO4 395 A,SO4,SO4,0.718009588143,0.718009588143,0.0,True,1,1.79999995232,0.945
2zem SO4 396 B,SO4,SO4,0.85931444344,0.85931444344,0.0,True,1,2.20000004768,0.969
2zem SO4 395 A,SO4,SO4,0.880121753355,0.880121753355,0.0,True,1,2.20000004768,0.978
2zel SO4 396 B,SO4,SO4,0.908100221453,0.908100221453,0.0,True,1,2.0,0.959
2zel SO4 395 A,SO4,SO4,0.899619361813,0.899619361813,0.0,True,1,2.0,0.984
2zej GDP 2 B,GDP_MG,GDP_MG,0.879066285974,0.879066285974,0.0,True,1,2.0,0.988
2zej GDP 1 A,ADP_MG,GDP_MG,0.429098772146,0.0869203387263,0.34217843342,False,4,2.0,0.983
2zeh SO4 396 B,SO4,SO4,0.922999067905,0.922999067905,0.0,True,1,1.79999995232,0.967
2zeh SO4 395 A,SO4,SO4,0.789418919403,0.789418919403,0.0,True,1,1.79999995232,0.932
2zeg SO4 396 B,SO4,SO4,0.917144882504,0.917144882504,0.0,True,1,2.09999990463,0.978
2zeg SO4 395 A,SO4,SO4,0.639351639222,0.639351639222,0.0,True,1,2.09999990463,0.958
2zef SO4 396 B,SO4,SO4,0.978534370551,0.978534370551,0.0,True,1,1.70000004768,0.971
2zef SO4 395 A,SO4,SO4,0.750462597442,0.750462597442,0.0,True,1,1.70000004768,0.949
2zee SO4 396 B,SO4,SO4,0.848844793794,0.848844793794,0.0,True,1,2.0,0.982
2zee SO4 395 A,SO4,SO4,0.477443820758,0.477443820758,0.0,True,1,2.0,0.983
2zed SO4 396 B,SO4,SO4,0.932531353896,0.932531353896,0.0,True,1,1.70000004768,0.95
2zed SO4 395 A,SO4,SO4,0.875251265622,0.875251265622,0.0,True,1,1.70000004768,0.983
2zdy ADP 1501 B,NAD,ADP,0.11654406653,0.0226509567316,0.0938931097988,False,7,2.40000009537,0.897
2zdv PO4 603 H,SO4,PO4,0.366714850382,0.0945068474135,0.272208002968,False,3,1.70000004768,0.91
2zdq ATP 1501 A,ANP_MG,ATP,0.345674013977,0.00800110631216,0.337672907665,False,9,2.29999995232,0.974
2zdo HEM 200 D,HEM,HEM,0.225223411755,0.225223411755,0.0,True,1,1.79999995232,0.969
2zdo HEM 200 C,CMO_HEM,HEM,0.366312056329,0.226652209165,0.139659847164,False,2,1.79999995232,0.964
2zdo HEM 200 B,HEM,HEM,0.311380853543,0.311380853543,0.0,True,1,1.79999995232,0.976
2zdo HEM 200 A,HEM,HEM,0.669145838418,0.669145838418,0.0,True,1,1.79999995232,0.972
2zdl SO4 701 A,SO4,SO4,0.80254730703,0.80254730703,0.0,True,1,1.79999995232,0.95
2zdk SO4 701 A,SO4,SO4,0.978827002148,0.978827002148,0.0,True,1,1.70000004768,0.984
2zdi SO4 152 C,SO4,SO4,0.666005549159,0.666005549159,0.0,True,1,3.0,0.924
2zdi SO4 118 B,SO4,SO4,0.932320932013,0.932320932013,0.0,True,1,3.0,0.934
2zdi SO4 118 A,SO4,SO4,0.904297755737,0.904297755737,0.0,True,1,3.0,0.943
2zdh DAL 802 D,GOL,DAL,0.833545141107,0.000346663463836,0.833198477643,False,82,1.89999997616,0.693
2zdh DAL 801 A,GOL,DAL,0.839087421017,0.000805021735225,0.838282399282,False,27,1.89999997616,0.794
2zdg ADP 402 B,ADP,ADP,0.403469085485,0.403469085485,0.0,True,1,2.20000004768,0.938
2zdg ADP 401 A,ADP,ADP,0.122951456425,0.122951456425,0.0,True,1,2.20000004768,0.94
2zdc TRS 6646 A,SO4,TRS,0.870534710295,0.00672309861593,0.863811611679,False,5,2.0,0.893
2zdc SO4 6247 A,SO4,SO4,0.633240405019,0.633240405019,0.0,True,1,2.0,0.987
2zdc SO4 6246 C,SO4,SO4,0.576118030223,0.576118030223,0.0,True,1,2.0,0.964
2zdc SO4 6245 B,SO4,SO4,0.892935500822,0.892935500822,0.0,True,1,2.0,0.987
2zda PO4 1102 H,SO4,PO4,0.698642273561,0.264652753748,0.433989519813,False,2,1.70000004768,0.953
2zd1 SO4 556 A,SO4,SO4,0.864024092849,0.864024092849,0.0,True,1,1.79999995232,0.871
2zcw MPD 303 A,SO4,MPD,0.755370469526,0.0581751556609,0.697195313865,False,2,1.5,0.808
2zcw MPD 302 A,MRD,MPD,0.695086380367,0.166538709373,0.528547670993,False,2,1.5,0.637
2zcw MPD 301 A,MPD,MPD,0.607885858453,0.607885858453,0.0,True,1,1.5,0.741
2zcv SO4 1002 A,SO4,SO4,0.286907762936,0.286907762936,0.0,True,1,2.29999995232,0.966
2zcv NDP 400 A,MPD,NDP,0.197495350615,0.00182638336939,0.195668967246,False,64,2.29999995232,0.922
2zch PO4 1001 H,SO4,PO4,0.594359400405,0.139489959549,0.454869440856,False,2,2.79999995232,0.982
2zce ANP 501 A,ATP_MG,ANP_MG,0.166833146233,0.108086617622,0.0587465286111,False,2,1.79999995232,0.935
2zc0 PMP 409 D,PLP,PMP,0.733031472522,0.0115866694705,0.721444803051,False,4,2.29999995232,0.899
2zc0 PMP 409 C,PLP,PMP,0.446825629478,0.0156325931674,0.431193036311,False,11,2.29999995232,0.924
2zc0 PMP 409 B,PLP,PMP,0.979482471452,0.0059599897079,0.973522481745,False,2,2.29999995232,0.939
2zc0 PMP 409 A,LLP,PMP,0.419489716814,0.0449085589006,0.374581157914,False,4,2.29999995232,0.927
2zbz HEM 413 A,HEM,HEM,0.971116883279,0.971116883279,0.0,True,1,1.89999997616,0.985
2zby HEM 413 A,HEM,HEM,0.9879780014,0.9879780014,0.0,True,1,1.60000002384,0.986
2zbw FAD 1002 A,FAD,FAD,0.976801179412,0.976801179412,0.0,True,1,2.09999990463,0.926
2zbw FAD 1001 B,FAD,FAD,0.920499271869,0.920499271869,0.0,True,1,2.09999990463,0.975
2zbt MPD 902 D,MLY,MPD,0.116784665886,0.0183625651009,0.0984221007855,False,7,1.70000004768,0.779
2zbt MPD 901 C,MES,MPD,0.220499823378,0.00538102706212,0.215118796316,False,26,1.70000004768,0.856
2zbo SO4 2 A,SO4,SO4,0.727071624321,0.727071624321,0.0,True,1,1.60000002384,0.968
2zbo SO4 1 G,SO4,SO4,0.934024359145,0.934024359145,0.0,True,1,1.60000002384,0.979
2zbo HEM 111 K,HEC,HEM,0.537821059351,0.16326633651,0.374554722842,False,3,1.60000002384,0.987
2zbo HEM 111 I,HEC,HEM,0.599002937802,0.313333748072,0.285669189729,False,2,1.60000002384,0.982
2zbo HEM 111 G,HEM,HEM,0.7837307696,0.7837307696,0.0,True,1,1.60000002384,0.982
2zbo HEM 111 E,HEM,HEM,0.510017303609,0.510017303609,0.0,True,1,1.60000002384,0.977
2zbo HEM 111 C,HEC,HEM,0.842633534468,0.126877045173,0.715756489295,False,2,1.60000002384,0.987
2zbo HEM 111 A,HEC,HEM,0.804234020499,0.140610997748,0.663623022751,False,2,1.60000002384,0.987
2zbj PO4 1285 A,SO4,PO4,0.509726026501,0.395157799355,0.114568227145,False,2,2.09999990463,0.976
2zb8 SO4 601 A,SO4,SO4,0.902635775391,0.902635775391,0.0,True,1,2.0,0.984
2zb8 NAP 700 A,NAP,NAP,0.851403366094,0.851403366094,0.0,True,1,2.0,0.99
2zb7 NDP 900 A,NDP,NDP,0.491927976177,0.491927976177,0.0,True,1,1.79999995232,0.986
2zb4 NAP 500 A,NAP,NAP,0.578012128072,0.578012128072,0.0,True,1,1.60000002384,0.978
2zb3 NDP 900 A,NAP,NDP,0.685574207833,0.252583808008,0.432990399825,False,2,2.0,0.978
2zax HEM 417 A,HEM,HEM,0.96368856971,0.96368856971,0.0,True,1,1.60000002384,0.985
2zau PO4 903 B,SO4,PO4,0.896345530356,0.0621149111079,0.834230619249,False,2,2.0,0.885
2zau PO4 902 A,SO4,PO4,0.954669956393,0.0193827802197,0.935287176174,False,2,2.0,0.979
2zau PO4 901 C,SO4,PO4,0.945755817466,0.0264479702892,0.919307847177,False,2,2.0,0.964
2zao ADP 445 A,GDP,ADP,0.30132028234,0.190997848496,0.110322433844,False,2,3.20000004768,0.954
2zan ATP 446 A,ANP,ATP,0.425916133661,0.123530555223,0.302385578438,False,3,3.0,0.962
2zak TRS 1 A,GOL,TRS,0.62311372399,0.0601482935259,0.562965430464,False,3,2.0,0.835
2zaf FAD 500 D,FAD,FAD,0.948272372801,0.948272372801,0.0,True,1,2.5,0.96
2zaf FAD 500 C,FAD,FAD,0.972758097056,0.972758097056,0.0,True,1,2.5,0.96
2zaf FAD 500 B,FAD,FAD,0.981616822264,0.981616822264,0.0,True,1,2.5,0.973
2zaf FAD 500 A,FAD,FAD,0.978909754235,0.978909754235,0.0,True,1,2.5,0.967
2za9 SO4 402 A,SO4,SO4,0.892927913079,0.892927913079,0.0,True,1,2.09999990463,0.989
2za9 SO4 401 A,DMS,SO4,0.659270245656,0.194297761822,0.464972483834,False,2,2.09999990463,0.947
2z9w SO4 2605 B,SO4,SO4,0.789561295067,0.789561295067,0.0,True,1,1.60000002384,0.949
2z9w SO4 2604 B,SO4,SO4,0.674275291386,0.674275291386,0.0,True,1,1.60000002384,0.952
2z9w SO4 2602 B,SO4,SO4,0.827658695649,0.827658695649,0.0,True,1,1.60000002384,0.86
2z9w SO4 2601 B,SO4,SO4,0.98770447959,0.98770447959,0.0,True,1,1.60000002384,0.979
2z9w SO4 1605 A,SO4,SO4,0.287375902449,0.287375902449,0.0,True,1,1.60000002384,0.867
2z9w SO4 1603 A,SO4,SO4,0.930776708174,0.930776708174,0.0,True,1,1.60000002384,0.949
2z9w SO4 1601 A,SO4,SO4,0.979415733461,0.979415733461,0.0,True,1,1.60000002384,0.958
2z9v SO4 2604 B,SO4,SO4,0.909417064647,0.909417064647,0.0,True,1,1.70000004768,0.971
2z9v SO4 2602 B,SO4,SO4,0.811816525926,0.811816525926,0.0,True,1,1.70000004768,0.875
2z9v SO4 2601 B,SO4,SO4,0.97581291132,0.97581291132,0.0,True,1,1.70000004768,0.977
2z9v SO4 1603 A,SO4,SO4,0.896889550771,0.896889550771,0.0,True,1,1.70000004768,0.968
2z9v SO4 1601 A,SO4,SO4,0.887888297649,0.887888297649,0.0,True,1,1.70000004768,0.957
2z9u SO4 2604 B,SO4,SO4,0.966913215241,0.966913215241,0.0,True,1,1.89999997616,0.97
2z9u SO4 2602 B,SO4,SO4,0.267511494759,0.267511494759,0.0,True,1,1.89999997616,0.933
2z9u SO4 2601 B,SO4,SO4,0.913117073382,0.913117073382,0.0,True,1,1.89999997616,0.991
2z9u SO4 1603 A,SO4,SO4,0.836503499178,0.836503499178,0.0,True,1,1.89999997616,0.978
2z9u SO4 1602 A,GOL,SO4,0.422494161992,0.207172016064,0.215322145927,False,2,1.89999997616,0.809
2z9u SO4 1601 A,SO4,SO4,0.847722783664,0.847722783664,0.0,True,1,1.89999997616,0.995
2z9d FMN 402 B,FMN,FMN,0.965146503637,0.965146503637,0.0,True,1,2.09999990463,0.982
2z9d FMN 401 A,FMN,FMN,0.993329314233,0.993329314233,0.0,True,1,2.09999990463,0.977
2z9c FMN 201 A,MES,FMN,0.436336173364,0.000866065884167,0.43547010748,False,169,2.29999995232,0.975
2z9b FMN 201 A,FMN,FMN,0.99158074235,0.99158074235,0.0,True,1,1.70000004768,0.978
2z98 FMN 201 A,FMN,FMN,0.988703829117,0.988703829117,0.0,True,1,1.39999997616,0.981
2z95 NDP 1001 A,NAD,NDP,0.565203383234,0.0152853725606,0.549918010674,False,6,2.59999990463,0.875
2z92 CIT 2181 A,CIT,CIT,0.335330569357,0.335330569357,0.0,True,1,2.29999995232,0.883
2z8r MPD 633 B,MPD,MPD,0.603704643482,0.603704643482,0.0,True,1,1.39999997616,0.798
2z8r MPD 631 B,SO4,MPD,0.640595557526,0.0984161368136,0.542179420713,False,2,1.39999997616,0.9
2z8r MPD 630 B,GOL,MPD,0.514947703329,0.0859301965567,0.429017506773,False,2,1.39999997616,0.922
2z8r MPD 630 A,SO4,MPD,0.497521299463,0.0602196080074,0.437301691456,False,3,1.39999997616,0.904
2z8n SO4 305 B,SO4,SO4,0.774936015722,0.774936015722,0.0,True,1,1.70000004768,0.868
2z8n SO4 304 B,SO4,SO4,0.901332826582,0.901332826582,0.0,True,1,1.70000004768,0.771
2z8n SO4 303 B,SO4,SO4,0.520988827333,0.520988827333,0.0,True,1,1.70000004768,0.847
2z8n SO4 302 B,SO4,SO4,0.749420405115,0.749420405115,0.0,True,1,1.70000004768,0.891
2z8n SO4 302 A,SO4,SO4,0.685650421479,0.685650421479,0.0,True,1,1.70000004768,0.866
2z8n SO4 301 B,SO4,SO4,0.846696083197,0.846696083197,0.0,True,1,1.70000004768,0.958
2z8n SO4 301 A,SO4,SO4,0.832549255058,0.832549255058,0.0,True,1,1.70000004768,0.833
2z8n SO4 300 B,SO4,SO4,0.930262283313,0.930262283313,0.0,True,1,1.70000004768,0.982
2z8n SO4 300 A,SO4,SO4,0.775736219595,0.775736219595,0.0,True,1,1.70000004768,0.969
2z8l PO4 605 A,SO4,PO4,0.586774633452,0.182918015667,0.403856617785,False,2,1.70000004768,0.932
2z87 UDP 684 A,NAG,MN_UDP,0.836223144326,0.000656998623167,0.835566145703,False,53,2.79999995232,0.91
2z87 UDP 1 B,ANP_MG,MN_UDP,0.189006003751,0.00416942626687,0.184836577485,False,21,2.79999995232,0.926
2z86 UDP 1 C,ADP_MG,MN_UDP,0.298648721084,0.0125653077053,0.286083413379,False,11,2.40000009537,0.975
2z86 UDP 1 B,ATP_MG,MN_UDP,0.267212519075,0.0823865841532,0.184825934922,False,4,2.40000009537,0.959
2z85 HEM 147 B,HEM,HEM,0.919390139816,0.919390139816,0.0,True,1,1.60000002384,0.913
2z85 HEM 147 A,HEM,HEM,0.887750338221,0.887750338221,0.0,True,1,1.60000002384,0.933
2z7l SO4 2100 A,SO4,SO4,0.760172390444,0.760172390444,0.0,True,1,2.40000009537,0.981
2z7f NAG 4 E,NAG_NAG,FUC_NAG,0.661890056972,0.259188202522,0.40270185445,False,2,1.70000004768,0.878
2z7f NAG 1 E,NAG_NAG,FUC_NAG,0.756676034223,0.176699025964,0.579977008259,False,2,1.70000004768,0.838
2z7e SO4 159 A,SO4,SO4,0.705271202517,0.705271202517,0.0,True,1,2.29999995232,0.936
2z7e SO4 158 C,SO4,SO4,0.409418438197,0.409418438197,0.0,True,1,2.29999995232,0.937
2z7e SO4 158 A,SO4,SO4,0.924294916471,0.924294916471,0.0,True,1,2.29999995232,0.903
2z7e FES 158 B,FES,FES,0.987482429909,0.987482429909,0.0,True,1,2.29999995232,0.987
2z76 LDA 800 A,BOG,LDA,0.193070277334,0.106212813729,0.0868574636047,False,4,1.79999995232,0.87
2z73 SO4 1006 B,SO4,SO4,0.719153725428,0.719153725428,0.0,True,1,2.5,0.965
2z6w MLE 2 N,NAD,ABA,0.185914680545,0.00114904528785,0.184765635257,False,150,1.0,0.987
2z6w CIT 3001 A,CIT,CIT,0.243318274581,0.243318274581,0.0,True,1,1.0,0.981
2z6v SO4 395 A,SO4,SO4,0.81684923378,0.81684923378,0.0,True,1,2.59999990463,0.887
2z6t SO4 302 A,SO4,SO4,0.981394092456,0.981394092456,0.0,True,1,1.20000004768,0.987
2z6t SO4 301 A,SO4,SO4,0.989890645676,0.989890645676,0.0,True,1,1.20000004768,0.996
2z6t HEM 201 A,HEM,HEM,0.832040833458,0.832040833458,0.0,True,1,1.20000004768,0.99
2z6s SO4 302 A,SO4,SO4,0.950160261498,0.950160261498,0.0,True,1,1.29999995232,0.992
2z6s SO4 301 A,SO4,SO4,0.987255294608,0.987255294608,0.0,True,1,1.29999995232,0.996
2z6s HEM 201 A,HEM,HEM,0.870844875119,0.870844875119,0.0,True,1,1.29999995232,0.99
2z6r SO4 1307 A,SO4,SO4,0.618484308039,0.618484308039,0.0,True,1,1.5,0.906
2z6r SO4 1306 A,SO4,SO4,0.198407076295,0.198407076295,0.0,True,1,1.5,0.904
2z6r SO4 1305 A,SO4,SO4,0.655293051744,0.655293051744,0.0,True,1,1.5,0.927
2z6r SO4 1303 B,SO4,SO4,0.395469761,0.395469761,0.0,True,1,1.5,0.887
2z6r SO4 1302 B,SO4,SO4,0.862952548542,0.862952548542,0.0,True,1,1.5,0.967
2z6r SO4 1301 B,SO4,SO4,0.680059431931,0.680059431931,0.0,True,1,1.5,0.849
2z6j FMN 402 B,FMN,FMN,0.912001188209,0.912001188209,0.0,True,1,2.29999995232,0.929
2z6j FMN 401 A,FMN,FMN,0.997022583186,0.997022583186,0.0,True,1,2.29999995232,0.936
2z6i MPD 601 A,GOL,MPD,0.182018615207,0.135370347335,0.0466482678729,False,2,1.70000004768,0.879
2z6i FMN 402 B,FMN,FMN,0.993771992826,0.993771992826,0.0,True,1,1.70000004768,0.962
2z6i FMN 401 A,FMN,FMN,0.983164880934,0.983164880934,0.0,True,1,1.70000004768,0.953
2z6f HEM 3747 A,HEM,HEM,0.986374385706,0.986374385706,0.0,True,1,1.89999997616,0.956
2z6d FMN 500 B,FMN,FMN,0.811985614375,0.811985614375,0.0,True,1,2.0,0.977
2z6d FMN 500 A,FMN,FMN,0.985639835801,0.985639835801,0.0,True,1,2.0,0.977
2z6c FMN 500 B,FMN,FMN,0.923479442096,0.923479442096,0.0,True,1,2.09999990463,0.974
2z6c FMN 500 A,FMN,FMN,0.957055888656,0.957055888656,0.0,True,1,2.09999990463,0.964
2z68 SO4 703 A,SO4,SO4,0.473621265395,0.473621265395,0.0,True,1,1.60000002384,0.804
2z68 SO4 702 B,SO4,SO4,0.748347508965,0.748347508965,0.0,True,1,1.60000002384,0.928
2z68 SO4 701 A,SO4,SO4,0.862483317835,0.862483317835,0.0,True,1,1.60000002384,0.978
2z67 SO4 1002 C,SO4,SO4,0.82792059112,0.82792059112,0.0,True,1,2.5,0.953
2z67 SO4 1002 B,SO4,SO4,0.922794924496,0.922794924496,0.0,True,1,2.5,0.976
2z66 SO4 2004 D,SO4,SO4,0.844131534931,0.844131534931,0.0,True,1,1.89999997616,0.99
2z66 SO4 2003 C,SO4,SO4,0.727389592036,0.727389592036,0.0,True,1,1.89999997616,0.975
2z66 SO4 2002 B,SO4,SO4,0.743623825502,0.743623825502,0.0,True,1,1.89999997616,0.987
2z66 SO4 2001 A,SO4,SO4,0.849075902387,0.849075902387,0.0,True,1,1.89999997616,0.99
2z5z HEM 619 A,NAG_NAG,HEM,0.534317618987,0.063152284772,0.471165334215,False,3,3.5,0.953
2z5y FAD 600 A,FAD,FAD,0.931954857966,0.931954857966,0.0,True,1,2.20000004768,0.98
2z5x FAD 600 A,FAD,FAD,0.667208284739,0.667208284739,0.0,True,1,2.20000004768,0.982
2z5p SO4 301 A,SO4,SO4,0.885461732978,0.885461732978,0.0,True,1,1.70000004768,0.963
2z5k PO4 891 A,SO4,PO4,0.52878671823,0.015593818712,0.513192899518,False,5,2.59999990463,0.776
2z4t PO4 4001 A,SO4,PO4,0.800890876178,0.0780205511518,0.722870325026,False,2,2.5,0.873
2z4t PO4 4000 A,SO4,PO4,0.663714365291,0.0504451675999,0.613269197691,False,3,2.5,0.919
2z4r ADP 503 C,ADP_MG,ADP,0.313033972355,0.097487959232,0.215546013123,False,3,3.0,0.958
2z4r ADP 502 B,ADP_MG,ADP,0.266094757147,0.107164360906,0.158930396241,False,4,3.0,0.948
2z4r ADP 501 A,ADP_MG,ADP,0.412952049909,0.0961260644287,0.31682598548,False,3,3.0,0.952
2z4h SO4 4770 B,SEP,SO4,0.72915826599,0.00416436232373,0.724993903666,False,6,2.79999995232,0.978
2z47 HEM 1003 A,HEM,HEM,0.847419748488,0.847419748488,0.0,True,1,1.60000002384,0.976
2z42 SO4 403 A,PEG,SO4,0.293232647903,0.0565794314667,0.236653216436,False,4,1.60000002384,0.683
2z42 SO4 402 A,SO4,SO4,0.37267726876,0.37267726876,0.0,True,1,1.60000002384,0.861
2z42 SO4 401 A,SO4,SO4,0.977718426435,0.977718426435,0.0,True,1,1.60000002384,0.99
2z3z SO4 901 A,SO4,SO4,0.794805197705,0.794805197705,0.0,True,1,2.0,0.985
2z3w SO4 902 A,SO4,SO4,0.776369510066,0.776369510066,0.0,True,1,2.0,0.982
2z3u HEM 500 A,HEM,HEM,0.984241874328,0.984241874328,0.0,True,1,2.40000009537,0.98
2z3p TAR 502 B,TLA,TAR,0.668154514926,0.0491712338446,0.618983281081,False,2,2.5,0.893
2z3p TAR 501 A,TAR,TAR,0.306319491418,0.306319491418,0.0,True,1,2.5,0.883
2z3o TAR 502 B,TLA,TAR,0.210280636119,0.0150272645258,0.195253371593,False,10,2.40000009537,0.932
2z3o TAR 501 A,TLA,TAR,0.761546737105,0.10923187647,0.652314860635,False,2,2.40000009537,0.9
2z3n TAR 502 B,FLC,TAR,0.189352085513,0.00792181461515,0.181430270898,False,17,2.5,0.853
2z3n TAR 501 A,FLC,TAR,0.202913939133,0.00507595771819,0.197837981415,False,33,2.5,0.819
2z3m TAR 502 B,CIT,TAR,0.101690703502,0.0876895104246,0.0140011930774,False,2,2.70000004768,0.873
2z3m TAR 501 A,TLA,TAR,0.132619494614,0.109616088249,0.0230034063653,False,2,2.70000004768,0.877
2z3l TAR 502 B,FLC,TAR,0.100389694435,0.00404824806094,0.0963414463743,False,47,2.79999995232,0.874
2z3l TAR 501 A,SEP,TAR,0.361729287346,0.0952950866298,0.266434200716,False,2,2.79999995232,0.891
2z3k TAR 502 B,ADP_MG,TAR,0.150036674604,0.00541077742889,0.144625897176,False,33,2.90000009537,0.888
2z36 HEM 460 B,HEM,HEM,0.979122719877,0.979122719877,0.0,True,1,2.79999995232,0.979
2z36 HEM 450 A,HEM,HEM,0.993533920584,0.993533920584,0.0,True,1,2.79999995232,0.978
2z32 SO4 705 A,EDO,SO4,0.338674682026,0.0488507013221,0.289823980704,False,6,2.0,0.92
2z32 SO4 704 A,SO4,SO4,0.767607392052,0.767607392052,0.0,True,1,2.0,0.994
2z32 SO4 703 A,PO4,SO4,0.529132447949,0.438187142978,0.0909453049714,False,2,2.0,0.991
2z32 SO4 702 A,SO4,SO4,0.86239846176,0.86239846176,0.0,True,1,2.0,0.946
2z32 SO4 701 A,SO4,SO4,0.729464548067,0.729464548067,0.0,True,1,2.0,0.96
2z2t SO4 4001 E,SO4,SO4,0.8514238868,0.8514238868,0.0,True,1,2.09999990463,0.993
2z2s SO4 182 G,SO4,SO4,0.626848907602,0.626848907602,0.0,True,1,2.59999990463,0.937
2z2s SO4 182 E,SO4,SO4,0.576256454357,0.576256454357,0.0,True,1,2.59999990463,0.849
2z2f MPD 1002 A,GOL,MPD,0.276209258715,0.0194325887062,0.256776670009,False,7,1.5,0.603
2z2f MPD 1001 A,GOL,MPD,0.394256793243,0.0760591281981,0.318197665045,False,3,1.5,0.851
2z2e SO4 1001 B,SO4,SO4,0.466278383567,0.466278383567,0.0,True,1,2.0,0.982
2z2a KCX 102 B,MLY,KCX,0.313132831008,0.00762166149949,0.305511169509,False,15,1.89999997616,0.946
2z29 KCX 102 B,CSO,KCX,0.447977015241,0.0166781138534,0.431298901388,False,5,1.89999997616,0.949
2z28 KCX 102 B,MLY,KCX,0.49000634675,0.00461717528835,0.485389171462,False,13,1.89999997616,0.944
2z25 KCX 102 B,MLY,KCX,0.427157010671,0.0156805513931,0.411476459278,False,8,1.89999997616,0.949
2z24 KCX 102 B,MLY,KCX,0.48599069175,0.0265031348592,0.45948755689,False,4,1.89999997616,0.944
2z22 PO4 3322 A,PO4,PO4,0.756673821278,0.756673821278,0.0,True,1,2.0,0.991
2z22 PO4 2322 X,PO4,PO4,0.888465448374,0.888465448374,0.0,True,1,2.0,0.985
2z20 SO4 800 B,SO4,SO4,0.687241837511,0.687241837511,0.0,True,1,1.89999997616,0.977
2z20 SO4 700 A,SO4,SO4,0.896902492744,0.896902492744,0.0,True,1,1.89999997616,0.979
2z1m NDP 1101 D,NAD,NDP,0.1096949181,0.0213320184324,0.0883628996675,False,11,2.0,0.755
2z1m NDP 1001 A,PG4,NDP,0.107074276018,0.0207558149558,0.0863184610619,False,9,2.0,0.737
2z1k PO4 800 D,SO4,PO4,0.88553481975,0.0673616894991,0.81817313025,False,2,2.29999995232,0.962
2z0z SO4 199 A,SO4,SO4,0.737592896548,0.737592896548,0.0,True,1,2.0,0.952
2z0z SO4 198 A,SO4,SO4,0.590862933503,0.590862933503,0.0,True,1,2.0,0.93
2z0z SO4 197 A,SO4,SO4,0.651331370111,0.651331370111,0.0,True,1,2.0,0.914
2z0z SO4 196 A,SO4,SO4,0.785561429694,0.785561429694,0.0,True,1,2.0,0.964
2z0z SO4 195 A,SO4,SO4,0.493373993078,0.493373993078,0.0,True,1,2.0,0.988
2z0r SO4 508 L,SO4,SO4,0.690322385403,0.690322385403,0.0,True,1,2.29999995232,0.935
2z0r SO4 507 K,SO4,SO4,0.623060303655,0.623060303655,0.0,True,1,2.29999995232,0.957
2z0r SO4 506 D,SO4,SO4,0.551066694432,0.551066694432,0.0,True,1,2.29999995232,0.923
2z0r SO4 505 G,SO4,SO4,0.696328018241,0.696328018241,0.0,True,1,2.29999995232,0.837
2z0r SO4 504 I,SO4,SO4,0.533603374254,0.533603374254,0.0,True,1,2.29999995232,0.932
2z0r SO4 503 E,SO4,SO4,0.797622907842,0.797622907842,0.0,True,1,2.29999995232,0.887
2z0r SO4 502 F,SO4,SO4,0.681388471448,0.681388471448,0.0,True,1,2.29999995232,0.916
2z0r SO4 501 A,SO4,SO4,0.836007485565,0.836007485565,0.0,True,1,2.29999995232,0.961
2z0q SO4 504 A,SO4,SO4,0.919393499971,0.919393499971,0.0,True,1,1.79999995232,0.93
2z0q SO4 502 A,PO4,SO4,0.478296561535,0.363358152229,0.114938409307,False,2,1.79999995232,0.835
2z0q SO4 501 A,SO4,SO4,0.9231253172,0.9231253172,0.0,True,1,1.79999995232,0.983
2z0g PO4 115 D,SO4,PO4,0.79405645844,0.15142854991,0.64262790853,False,2,2.09999990463,0.976
2z0g PO4 115 A,SO4,PO4,0.795971683577,0.145412784245,0.650558899332,False,2,2.09999990463,0.961
2z0g PO4 114 D,SO4,PO4,0.767032243677,0.104439326856,0.662592916821,False,2,2.09999990463,0.962
2z0g PO4 114 C,SO4,PO4,0.742101209812,0.189662815541,0.552438394271,False,2,2.09999990463,0.975
2z0g PO4 114 B,SO4,PO4,0.509375935575,0.443271602944,0.0661043326313,False,2,2.09999990463,0.964
2z0g PO4 114 A,SO4,PO4,0.817052108406,0.0752751175476,0.741776990858,False,2,2.09999990463,0.916
2z0g PO4 113 C,SO4,PO4,0.780701862176,0.0366231605211,0.744078701655,False,3,2.09999990463,0.962
2z0g PO4 113 B,SO4,PO4,0.588758936036,0.0675654780556,0.521193457981,False,3,2.09999990463,0.949
2z0g PO4 113 A,SO4,PO4,0.546324888375,0.0757972737676,0.470527614607,False,3,2.09999990463,0.936
2z0b PO4 132 F,SO4,PO4,0.737632388428,0.187091833418,0.55054055501,False,2,2.0,0.964
2z0b PO4 132 A,SO4,PO4,0.794882769927,0.142936501402,0.651946268525,False,2,2.0,0.965
2z04 SO4 357 B,SO4,SO4,0.885245052442,0.885245052442,0.0,True,1,2.40000009537,0.939
2z04 SO4 1 A,SO4,SO4,0.856555817553,0.856555817553,0.0,True,1,2.40000009537,0.95
2z02 SO4 514 B,SO4,SO4,0.839167576017,0.839167576017,0.0,True,1,2.0,0.975
2z02 SO4 513 A,SO4,SO4,0.942892051497,0.942892051497,0.0,True,1,2.0,0.991
2z02 SO4 512 A,SO4,SO4,0.919523197696,0.919523197696,0.0,True,1,2.0,0.98
2z02 ATP 1527 A,SAM,ATP,0.212658964219,0.0123442032667,0.200314760952,False,11,2.0,0.952
2z02 ATP 1526 B,H4B,ATP,0.309805510332,0.0132664303891,0.296539079943,False,10,2.0,0.945
2yzy MPD 504 A,TLA,MPD,0.391503651748,0.0301520313111,0.361351620436,False,5,1.60000002384,0.712
2yzy MPD 503 A,MPD,MPD,0.7486575482,0.7486575482,0.0,True,1,1.60000002384,0.897
2yzy MPD 502 A,GOL,MPD,0.605133053276,0.0517592023931,0.553373850883,False,2,1.60000002384,0.921
2yzy MPD 501 A,ACT,MPD,0.22866820771,0.0205573662557,0.208110841455,False,12,1.60000002384,0.863
2yzs SO4 501 B,SO4,SO4,0.889289374687,0.889289374687,0.0,True,1,2.0,0.981
2yzm DAL 402 B,TRS,DAL,0.735636528549,0.00112837137197,0.734508157177,False,18,2.20000004768,0.781
2yzm DAL 401 A,TRS,DAL,0.719611887405,0.00140631895799,0.718205568447,False,15,2.20000004768,0.821
2yzl SO4 512 A,SO4,SO4,0.862795477561,0.862795477561,0.0,True,1,2.20000004768,0.988
2yzl SO4 511 A,SO4,SO4,0.562083086555,0.562083086555,0.0,True,1,2.20000004768,0.928
2yzl ADP 500 A,UDP,ADP,0.294798366868,0.166450932827,0.128347434041,False,3,2.20000004768,0.947
2yzk PO4 647 C,PO4,PO4,0.867001361043,0.867001361043,0.0,True,1,1.79999995232,0.912
2yzk PO4 646 B,PO4,PO4,0.858462030211,0.858462030211,0.0,True,1,1.79999995232,0.94
2yzj TRS 6646 A,TRS,TRS,0.882881977798,0.882881977798,0.0,True,1,1.70000004768,0.89
2yzh SO4 504 B,SO4,SO4,0.866723564271,0.866723564271,0.0,True,1,1.89999997616,0.926
2yzh SO4 503 A,SO4,SO4,0.761955891213,0.761955891213,0.0,True,1,1.89999997616,0.88
2yzh SO4 502 D,SO4,SO4,0.776713600806,0.776713600806,0.0,True,1,1.89999997616,0.944
2yzh SO4 501 C,SO4,SO4,0.905692391493,0.905692391493,0.0,True,1,1.89999997616,0.955
2yym SO4 602 A,GOL,SO4,0.389764124372,0.0309406452236,0.358823479148,False,4,1.70000004768,0.767
2yym SO4 601 A,GOL,SO4,0.420509124056,0.0668971039287,0.353612020127,False,4,1.70000004768,0.8
2yym SO4 600 A,SO4,SO4,0.469413103832,0.469413103832,0.0,True,1,1.70000004768,0.874
2yym FAD 500 A,FAD,FAD,0.768207868426,0.768207868426,0.0,True,1,1.70000004768,0.98
2yyl SO4 702 A,GOL,SO4,0.396717129011,0.0559606298032,0.340756499208,False,4,1.70000004768,0.76
2yyl SO4 701 A,MPD,SO4,0.348469784236,0.119325264885,0.229144519351,False,3,1.70000004768,0.861
2yyl SO4 700 A,MPD,SO4,0.408865783839,0.0368374769871,0.372028306852,False,5,1.70000004768,0.72
2yyj SO4 605 A,GOL,SO4,0.444390062528,0.0689922412886,0.37539782124,False,3,1.70000004768,0.741
2yyj SO4 604 A,SO4,SO4,0.824701487062,0.824701487062,0.0,True,1,1.70000004768,0.87
2yyj SO4 603 A,SO4,SO4,0.747891283388,0.747891283388,0.0,True,1,1.70000004768,0.927
2yyj SO4 602 A,SO4,SO4,0.438883419882,0.438883419882,0.0,True,1,1.70000004768,0.847
2yyj SO4 601 A,GOL,SO4,0.384463079644,0.0210496233974,0.363413456246,False,6,1.70000004768,0.762
2yyj SO4 600 A,SO4,SO4,0.726289429911,0.726289429911,0.0,True,1,1.70000004768,0.919
2yyj FAD 500 A,FAD,FAD,0.658815491253,0.658815491253,0.0,True,1,1.70000004768,0.965
2yyi SO4 603 A,SO4,SO4,0.706758171664,0.706758171664,0.0,True,1,1.70000004768,0.891
2yyi SO4 602 A,SO4,SO4,0.825314489598,0.825314489598,0.0,True,1,1.70000004768,0.907
2yyi SO4 601 A,GOL,SO4,0.464545473083,0.262949766056,0.201595707026,False,2,1.70000004768,0.833
2yyi SO4 600 A,SO4,SO4,0.852251031764,0.852251031764,0.0,True,1,1.70000004768,0.942
2yyi FAD 500 A,ACO,FAD,0.368451828397,0.276008123489,0.0924437049078,False,2,1.70000004768,0.929
2yyg SO4 604 A,SO4,SO4,0.766206958569,0.766206958569,0.0,True,1,2.0,0.928
2yyg SO4 603 A,SO4,SO4,0.940352387396,0.940352387396,0.0,True,1,2.0,0.965
2yyg SO4 602 A,SO4,SO4,0.577556631729,0.577556631729,0.0,True,1,2.0,0.938
2yyg SO4 601 A,GOL,SO4,0.318148859376,0.100120950145,0.218027909231,False,4,2.0,0.803
2yyg SO4 600 A,SO4,SO4,0.834474413042,0.834474413042,0.0,True,1,2.0,0.981
2yye PO4 901 B,SO4,PO4,0.693256564776,0.049693825778,0.643562738998,False,3,2.09999990463,0.925
2yy7 NAD 3002 B,NAD,NAD,0.509557173619,0.509557173619,0.0,True,1,2.0,0.976
2yy7 NAD 3001 A,NAD,NAD,0.48850569926,0.48850569926,0.0,True,1,2.0,0.977
2yy6 SO4 302 B,SO4,SO4,0.794786691008,0.794786691008,0.0,True,1,2.29999995232,0.958
2yy6 SO4 301 A,SO4,SO4,0.830713834393,0.830713834393,0.0,True,1,2.29999995232,0.961
2yy5 SO4 1367 C,SO4,SO4,0.834399624045,0.834399624045,0.0,True,1,2.5,0.992
2yy5 SO4 1366 C,SO4,SO4,0.886116328937,0.886116328937,0.0,True,1,2.5,0.977
2yy5 SO4 1365 D,DMS,SO4,0.525367035071,0.380772725904,0.144594309167,False,2,2.5,0.982
2yy5 SO4 1364 D,SO4,SO4,0.565577154994,0.565577154994,0.0,True,1,2.5,0.992
2yy5 SO4 1363 A,SO4,SO4,0.741315736099,0.741315736099,0.0,True,1,2.5,0.991
2yy5 SO4 1362 A,SO4,SO4,0.636005612435,0.636005612435,0.0,True,1,2.5,0.984
2yy5 SO4 1361 B,SO4,SO4,0.903840900333,0.903840900333,0.0,True,1,2.5,0.979
2yy5 SO4 1360 B,SO4,SO4,0.653286834911,0.653286834911,0.0,True,1,2.5,0.991
2yxu PO4 1527 B,SO4,PO4,0.659113195669,0.0233686709968,0.635744524672,False,5,2.20000004768,0.946
2yxu PO4 1517 B,GOL,PO4,0.650916133611,0.0299468882217,0.62096924539,False,4,2.20000004768,0.948
2yxu PO4 1505 A,SO4,PO4,0.348257428865,0.0248671258339,0.323390303031,False,7,2.20000004768,0.947
2yxu PO4 1503 B,SO4,PO4,0.261452349261,0.108614443004,0.152837906257,False,4,2.20000004768,0.936
2yxu PO4 1501 A,GOL,PO4,0.34873186872,0.0903716638077,0.258360204912,False,4,2.20000004768,0.941
2yxu MPD 1041 B,SO4,MPD,0.281052207723,0.0192193884774,0.261832819246,False,7,2.20000004768,0.751
2yxu MPD 1037 A,SO4,MPD,0.381330010317,0.0196928842606,0.361637126056,False,8,2.20000004768,0.897
2yxu MPD 1031 B,GOL,MPD,0.208879734451,0.004169336549,0.204710397902,False,20,2.20000004768,0.879
2yxu MPD 1029 B,SO4,MPD,0.258891386722,0.068556834464,0.190334552258,False,4,2.20000004768,0.869
2yxu MPD 1025 B,EDO,MPD,0.343698413217,0.000827079564487,0.342871333653,False,29,2.20000004768,0.881
2yxu MPD 1023 B,GOL,MPD,0.209955269208,0.00655805104667,0.203397218161,False,12,2.20000004768,0.905
2yxu MPD 1021 B,GOL,MPD,0.311087752852,0.0390197498766,0.272068002975,False,5,2.20000004768,0.959
2yxu MPD 1019 B,SO4,MPD,0.31158957236,0.0584887887869,0.253100783573,False,4,2.20000004768,0.947
2yxu MPD 1015 B,GOL,MPD,0.697604560516,0.0189538665393,0.678650693977,False,5,2.20000004768,0.791
2yxu MPD 1011 A,SO4,MPD,0.320223880684,0.00465025319523,0.315573627489,False,8,2.20000004768,0.876
2yxt PO4 1349 B,SO4,PO4,0.770763796726,0.166183457507,0.604580339219,False,2,2.0,0.943
2yxt PO4 1347 B,SO4,PO4,0.355573375252,0.0323289986818,0.32324437657,False,6,2.0,0.909
2yxt PO4 1337 B,GOL,PO4,0.519799883083,0.0408065772262,0.478993305857,False,4,2.0,0.847
2yxt PO4 1335 B,EDO,PO4,0.496945943872,0.00129145555049,0.495654488322,False,22,2.0,0.861
2yxt PO4 1329 B,SO4,PO4,0.636743470555,0.0756018749045,0.56114159565,False,3,2.0,0.913
2yxt PO4 1319 A,SO4,PO4,0.861136714552,0.0464493772972,0.814687337254,False,2,2.0,0.926
2yxt MPD 1053 B,SO4,MPD,0.441867163768,0.049315927468,0.3925512363,False,7,2.0,0.922
2yxt MPD 1039 B,SO4,MPD,0.271115307005,0.114402971089,0.156712335916,False,4,2.0,0.961
2yxt MPD 1033 B,MPD,MPD,0.445331373258,0.445331373258,0.0,True,1,2.0,0.911
2yxt MPD 1031 B,MPD,MPD,0.579283925754,0.579283925754,0.0,True,1,2.0,0.946
2yxt MPD 1027 B,MPD,MPD,0.893093907587,0.893093907587,0.0,True,1,2.0,0.94
2yxt MPD 1025 B,GOL,MPD,0.343382392736,0.00698293291675,0.336399459819,False,8,2.0,0.885
2yxt MPD 1023 B,MPD,MPD,0.926952526381,0.926952526381,0.0,True,1,2.0,0.933
2yxt MPD 1013 A,GOL,MPD,0.330841231694,0.00190355929034,0.328937672404,False,27,2.0,0.934
2yxt MPD 1009 A,SO4,MPD,0.307929253067,0.191490780837,0.11643847223,False,2,2.0,0.93
2yxt MPD 1005 A,NAG,MPD,0.412258334565,0.00321896023124,0.409039374334,False,9,2.0,0.912
2yxt MPD 1003 A,MPD,MPD,0.601067021306,0.601067021306,0.0,True,1,2.0,0.929
2yx6 ADP 1001 C,ADP,ADP,0.237638144035,0.237638144035,0.0,True,1,2.0,0.937
2yww ATP 402 A,PEG,ATP,0.122844322363,0.00141803967018,0.121426282693,False,136,2.0,0.958
2yww ATP 400 B,NAG,ATP,0.140069870185,0.00307658062524,0.13699328956,False,54,2.0,0.965
2ywv SO4 548 B,SO4,SO4,0.677353974413,0.677353974413,0.0,True,1,1.79999995232,0.916
2ywv SO4 546 B,SO4,SO4,0.815039985971,0.815039985971,0.0,True,1,1.79999995232,0.874
2ywv SO4 545 A,SO4,SO4,0.797218956687,0.797218956687,0.0,True,1,1.79999995232,0.918
2ywv SO4 544 A,SO4,SO4,0.904565682032,0.904565682032,0.0,True,1,1.79999995232,0.973
2ywv SO4 543 A,SO4,SO4,0.957419473984,0.957419473984,0.0,True,1,1.79999995232,0.975
2ywv SO4 542 B,SO4,SO4,0.82478882895,0.82478882895,0.0,True,1,1.79999995232,0.97
2ywv SO4 541 B,SO4,SO4,0.866096917467,0.866096917467,0.0,True,1,1.79999995232,0.984
2ywl FAD 1002 B,FAD,FAD,0.319550517457,0.319550517457,0.0,True,1,1.60000002384,0.944
2ywl FAD 1001 A,FAD,FAD,0.972614679374,0.972614679374,0.0,True,1,1.60000002384,0.947
2ywh GDP 801 A,ADP_MG,GDP_MG,0.136077031954,0.110408954335,0.0256680776185,False,2,2.20000004768,0.93
2ywf GNP 801 A,GDP,GNP_MG,0.1587572522,0.00246638426189,0.156290867938,False,34,2.20000004768,0.916
2yw9 NAP 501 H,NAP,NAP,0.274623559597,0.274623559597,0.0,True,1,2.5,0.838
2yw9 NAP 500 D,NAP,NAP,0.852718830024,0.852718830024,0.0,True,1,2.5,0.838
2yw8 SO4 303 A,SO4,SO4,0.452789913503,0.452789913503,0.0,True,1,3.0,0.964
2yw2 PO4 646 B,PO4,PO4,0.646812947207,0.646812947207,0.0,True,1,1.79999995232,0.964
2yw2 PO4 645 A,PO4,PO4,0.552978358954,0.552978358954,0.0,True,1,1.79999995232,0.949
2yw2 ATP 647 B,ATP,ATP,0.427112235218,0.427112235218,0.0,True,1,1.79999995232,0.94
2yw2 ATP 646 A,ATP,ATP,0.684901012126,0.684901012126,0.0,True,1,1.79999995232,0.921
2yvj NAI 504 P,SO4,NAI,0.394589982055,0.000915714813282,0.393674267241,False,104,1.89999997616,0.934
2yvj NAI 503 A,SO4,NAI,0.566628005763,0.00206370256557,0.564564303197,False,25,1.89999997616,0.946
2yvj FES 500 B,FES,FES,0.939341583403,0.939341583403,0.0,True,1,1.89999997616,0.99
2yvj FAD 502 P,FAD,FAD,0.643599890897,0.643599890897,0.0,True,1,1.89999997616,0.952
2yvj FAD 501 A,CIT,FAD,0.248027859716,0.0249140056706,0.223113854045,False,7,1.89999997616,0.953
2yvg FAD 1449 A,FAD,FAD,0.988501762495,0.988501762495,0.0,True,1,1.60000002384,0.98
2yvf NAD 1500 A,ADP,NAD,0.248227313061,0.210137596921,0.0380897161395,False,2,1.60000002384,0.89
2yvf FAD 1449 A,FAD,FAD,0.987088236016,0.987088236016,0.0,True,1,1.60000002384,0.986
2yv6 SO4 201 A,SO4,SO4,0.834678318345,0.834678318345,0.0,True,1,2.5,0.979
2yut NAP 500 A,NDP,NAP,0.493221367423,0.337209237668,0.156012129755,False,2,2.20000004768,0.961
2ytz SO4 1007 A,SO4,SO4,0.841971717056,0.841971717056,0.0,True,1,2.59999990463,0.943
2ytz SO4 1005 A,SO4,SO4,0.678696639499,0.678696639499,0.0,True,1,2.59999990463,0.991
2ytz SO4 1004 A,SO4,SO4,0.920443778693,0.920443778693,0.0,True,1,2.59999990463,0.974
2ytz SO4 1003 B,SO4,SO4,0.883539690683,0.883539690683,0.0,True,1,2.59999990463,0.966
2ysk SO4 146 A,GOL,SO4,0.314021425427,0.144453608537,0.16956781689,False,2,1.89999997616,0.92
2yrx PO4 601 A,SO4,PO4,0.82860536025,0.0728134098024,0.755791950448,False,2,1.89999997616,0.931
2yrx PO4 600 A,SO4,PO4,0.85226925438,0.0787970305208,0.773472223859,False,2,1.89999997616,0.875
2yrw PO4 646 A,GOL,PO4,0.551933277766,0.0317081601222,0.520225117644,False,4,2.20000004768,0.889
2yrs HEM 148 O,HEM,HEM,0.948044748244,0.948044748244,0.0,True,1,2.29999995232,0.98
2yrs HEM 148 K,HEM,HEM,0.968425465965,0.968425465965,0.0,True,1,2.29999995232,0.966
2yrs HEM 148 D,HEM,HEM,0.929644196496,0.929644196496,0.0,True,1,2.29999995232,0.97
2yrs HEM 148 B,HEM,HEM,0.99009631478,0.99009631478,0.0,True,1,2.29999995232,0.976
2yrs HEM 142 M,HEM,HEM,0.967174751354,0.967174751354,0.0,True,1,2.29999995232,0.969
2yrs HEM 142 I,HEM,HEM,0.993471710033,0.993471710033,0.0,True,1,2.29999995232,0.985
2yrs HEM 142 C,HEM,HEM,0.980280179261,0.980280179261,0.0,True,1,2.29999995232,0.972
2yrs HEM 142 A,HEM,HEM,0.94944076329,0.94944076329,0.0,True,1,2.29999995232,0.963
2yrf SO4 502 B,SO4,SO4,0.911643394537,0.911643394537,0.0,True,1,2.70000004768,0.989
2yrf SO4 501 A,SO4,SO4,0.724573251043,0.724573251043,0.0,True,1,2.70000004768,0.976
2yr6 FAD 801 B,FAD,FAD,0.943962198929,0.943962198929,0.0,True,1,1.39999997616,0.989
2yr6 FAD 801 A,FAD,FAD,0.950100470631,0.950100470631,0.0,True,1,1.39999997616,0.99
2yr5 FAD 801 B,FAD,FAD,0.871344876674,0.871344876674,0.0,True,1,1.29999995232,0.991
2yr5 FAD 801 A,FAD,FAD,0.893255506311,0.893255506311,0.0,True,1,1.29999995232,0.993
2yr4 SO4 2001 B,SO4,SO4,0.683828478237,0.683828478237,0.0,True,1,1.70000004768,0.929
2yqu PO4 1701 B,SO4,PO4,0.707856207541,0.1815951628,0.526261044742,False,2,1.70000004768,0.974
2yqu FAD 1602 B,FAD,FAD,0.974764016572,0.974764016572,0.0,True,1,1.70000004768,0.969
2yqu FAD 1601 A,FAD,FAD,0.980486891953,0.980486891953,0.0,True,1,1.70000004768,0.96
2yqj SO4 2102 B,SO4,SO4,0.820545524779,0.820545524779,0.0,True,1,2.29999995232,0.955
2yqj SO4 1102 A,SO4,SO4,0.672043255351,0.672043255351,0.0,True,1,2.29999995232,0.94
2yqh SO4 2102 B,SO4,SO4,0.837667785007,0.837667785007,0.0,True,1,2.29999995232,0.944
2yqh SO4 1102 A,SO4,SO4,0.844755727629,0.844755727629,0.0,True,1,2.29999995232,0.953
2yqb HEM 600 A,HEC,HEM,0.875291632753,0.0861257063401,0.789165926413,False,2,1.39999997616,0.99
2yq5 NAD 0 D,NAD,NAD,0.961141737974,0.961141737974,0.0,True,1,2.79999995232,0.936
2yq5 NAD 0 C,NAD,NAD,0.822451521645,0.822451521645,0.0,True,1,2.79999995232,0.966
2yq5 NAD 0 B,NAD,NAD,0.811593187052,0.811593187052,0.0,True,1,2.79999995232,0.969
2yq5 NAD 0 A,NAD,NAD,0.967886741227,0.967886741227,0.0,True,1,2.79999995232,0.93
2ypg BGC 1337 A,NAG,BGC,0.497989203013,0.00156448967168,0.496424713341,False,20,2.90000009537,0.815
2yp1 SO4 1328 D,EDO,SO4,0.55553175583,0.0721446087818,0.483387147049,False,3,2.29999995232,0.955
2yor SO4 1360 B,SO4,SO4,0.390213998367,0.390213998367,0.0,True,1,2.20000004768,0.92
2yor SO4 1359 B,SO4,SO4,0.652312333502,0.652312333502,0.0,True,1,2.20000004768,0.943
2yor SO4 1358 A,SO4,SO4,0.617902024883,0.617902024883,0.0,True,1,2.20000004768,0.962
2yor SO4 1357 B,SO4,SO4,0.585548497861,0.585548497861,0.0,True,1,2.20000004768,0.966
2yor SO4 1357 A,SO4,SO4,0.902198452361,0.902198452361,0.0,True,1,2.20000004768,0.987
2yor SO4 1355 A,SO4,SO4,0.430731703675,0.430731703675,0.0,True,1,2.20000004768,0.943
2yor MAN 365 B,NAG,MAN,0.350940308316,0.0057972018187,0.345143106498,False,21,2.20000004768,0.907
2yoo HEM 1402 D,HEM,HEM,0.965134624301,0.965134624301,0.0,True,1,1.70000004768,0.987
2yoo HEM 1402 C,HEM,HEM,0.955639737797,0.955639737797,0.0,True,1,1.70000004768,0.986
2yoo HEM 1402 B,HEM,HEM,0.976206918754,0.976206918754,0.0,True,1,1.70000004768,0.983
2yoo HEM 1402 A,HEM,HEM,0.97771403812,0.97771403812,0.0,True,1,1.70000004768,0.985
2yoj PO4 1571 A,PO4,PO4,0.896150227823,0.896150227823,0.0,True,1,1.79999995232,0.979
2yoj PO4 1570 A,SO4,PO4,0.724088747243,0.129154119496,0.594934627747,False,2,1.79999995232,0.955
2yoj PO4 1566 B,SO4,PO4,0.815868930448,0.137111539136,0.678757391312,False,2,1.79999995232,0.886
2yoj PO4 1565 B,SO4,PO4,0.823057359978,0.135359660164,0.687697699813,False,2,1.79999995232,0.961
2yoc SO4 2087 B,SO4,SO4,0.681164025834,0.681164025834,0.0,True,1,2.90000009537,0.888
2yoc SO4 2086 B,SO4,SO4,0.590290487237,0.590290487237,0.0,True,1,2.90000009537,0.732
2yoc SO4 2085 B,SO4,SO4,0.711223953226,0.711223953226,0.0,True,1,2.90000009537,0.952
2yoc SO4 2084 B,SO4,SO4,0.906314599206,0.906314599206,0.0,True,1,2.90000009537,0.864
2yoc SO4 2083 B,SO4,SO4,0.354190699333,0.354190699333,0.0,True,1,2.90000009537,0.8
2yoc SO4 2082 B,GOL,SO4,0.233970007278,0.123537179183,0.110432828096,False,2,2.90000009537,0.865
2yoc SO4 2081 B,SO4,SO4,0.839582775331,0.839582775331,0.0,True,1,2.90000009537,0.834
2yoc SO4 2080 B,SO4,SO4,0.945063409635,0.945063409635,0.0,True,1,2.90000009537,0.897
2yoc SO4 2079 B,SO4,SO4,0.97430252044,0.97430252044,0.0,True,1,2.90000009537,0.979
2yoc SO4 2078 A,SO4,SO4,0.344053020278,0.344053020278,0.0,True,1,2.90000009537,0.83
2yoc SO4 2077 A,SO4,SO4,0.23703097901,0.23703097901,0.0,True,1,2.90000009537,0.933
2yoc SO4 2076 A,SO4,SO4,0.835951145119,0.835951145119,0.0,True,1,2.90000009537,0.896
2yoc SO4 2075 A,SO4,SO4,0.845649949327,0.845649949327,0.0,True,1,2.90000009537,0.955
2yob SO4 1391 A,SO4,SO4,0.583392006432,0.583392006432,0.0,True,1,1.89999997616,0.931
2yob SO4 1390 B,SO4,SO4,0.841700699858,0.841700699858,0.0,True,1,1.89999997616,0.97
2yob BTB 1390 A,TRS,BTB,0.251231995862,0.0948856386482,0.156346357214,False,3,1.89999997616,0.79
2ynw SO4 1298 B,SO4,SO4,0.476551334689,0.476551334689,0.0,True,1,1.70000004768,0.939
2ynv OCS 221 A,OCS,OCS,0.389550582465,0.389550582465,0.0,True,1,2.09999990463,0.964
2ynn SO4 1304 A,SO4,SO4,0.859641909426,0.859641909426,0.0,True,1,1.79999995232,0.972
2ynn SO4 1303 A,SO4,SO4,0.358969180056,0.358969180056,0.0,True,1,1.79999995232,0.919
2ynn SO4 1302 A,SO4,SO4,0.81219793291,0.81219793291,0.0,True,1,1.79999995232,0.91
2yne SO4 1411 A,SO4,SO4,0.789729067905,0.789729067905,0.0,True,1,1.70000004768,0.942
2ynd SO4 1414 A,SO4,SO4,0.853705652803,0.853705652803,0.0,True,1,1.89999997616,0.971
2ync SO4 1411 A,SO4,SO4,0.848985947338,0.848985947338,0.0,True,1,1.79999995232,0.972
2yn3 PO4 6366 C,SO4,PO4,0.964477152878,0.0119299004019,0.952547252477,False,2,2.09999990463,0.997
2yn0 PO4 1261 A,PO4,PO4,0.939467943394,0.939467943394,0.0,True,1,1.5,0.993
2ymz SO4 1132 D,SO4,SO4,0.78059366416,0.78059366416,0.0,True,1,1.79999995232,0.945
2ymz SO4 1132 C,SO4,SO4,0.69287165321,0.69287165321,0.0,True,1,1.79999995232,0.946
2ymz SO4 1132 B,SO4,SO4,0.908949989223,0.908949989223,0.0,True,1,1.79999995232,0.966
2ymz SO4 1132 A,SO4,SO4,0.78687133852,0.78687133852,0.0,True,1,1.79999995232,0.946
2ymm SO4 1237 D,SO4,SO4,0.694472158531,0.694472158531,0.0,True,1,1.60000002384,0.982
2yme PO4 1208 E,SO4,PO4,0.413007884799,0.0398870326441,0.373120852155,False,5,2.40000009537,0.967
2yme PO4 1208 C,GOL,PO4,0.185624281774,0.0230224396621,0.162601842112,False,7,2.40000009537,0.938
2yme PO4 1208 A,SO4,PO4,0.31893281403,0.0612595871666,0.257673226863,False,3,2.40000009537,0.815
2ymd PO4 1217 D,SO4,PO4,0.862393407038,0.0641760191275,0.79821738791,False,2,2.0,0.989
2ymd PO4 1216 F,SO4,PO4,0.739124864232,0.0802440717878,0.658880792445,False,2,2.0,0.982
2ymd PO4 1215 E,SO4,PO4,0.812912758918,0.114188508729,0.698724250189,False,2,2.0,0.985
2ymd PO4 1215 C,SO4,PO4,0.771585907015,0.0315527591998,0.740033147816,False,2,2.0,0.989
2ymd PO4 1215 A,SO4,PO4,0.493288120035,0.0498688706645,0.44341924937,False,4,2.0,0.954
2ymd PO4 1214 J,SO4,PO4,0.47961921132,0.322489419082,0.157129792238,False,2,2.0,0.983
2ymd PO4 1214 I,SO4,PO4,0.789078576378,0.100160297459,0.68891827892,False,2,2.0,0.985
2ymd PO4 1214 G,SO4,PO4,0.570084669343,0.0620701119912,0.508014557351,False,3,2.0,0.972
2ymd PO4 1214 B,PO4,PO4,0.475250518192,0.475250518192,0.0,True,1,2.0,0.989
2ymd PO4 1207 H,SO4,PO4,0.873236023026,0.0312193911837,0.842016631842,False,2,2.0,0.992
2ym9 SO4 1341 A,SO4,SO4,0.915223796557,0.915223796557,0.0,True,1,3.0,0.927
2ym9 SO4 1340 A,SO4,SO4,0.911057110031,0.911057110031,0.0,True,1,3.0,0.947
2ym9 SO4 1338 B,SO4,SO4,0.787182251349,0.787182251349,0.0,True,1,3.0,0.887
2ym2 NAP 1543 A,NAP,NAP,0.838485345498,0.838485345498,0.0,True,1,2.70000004768,0.975
2ym2 FAD 700 A,FAD,FAD,0.992521630229,0.992521630229,0.0,True,1,2.70000004768,0.982
2ym1 NAP 1543 A,NAP,NAP,0.648525031375,0.648525031375,0.0,True,1,2.29999995232,0.981
2ym1 FAD 700 A,FAD,FAD,0.972091874532,0.972091874532,0.0,True,1,2.29999995232,0.98
2ylz SO4 1544 A,GOL,SO4,0.509586073377,0.0641152088855,0.445470864492,False,4,2.0,0.946
2ylz FAD 700 A,FAD,FAD,0.972662762196,0.972662762196,0.0,True,1,2.0,0.964
2yly SO4 1500 B,SO4,SO4,0.730915052499,0.730915052499,0.0,True,1,3.20000004768,0.833
2yly SO4 1500 A,SO4,SO4,0.606258605878,0.606258605878,0.0,True,1,3.20000004768,0.955
2ylx NAP 701 A,NAP,NAP,0.85796806517,0.85796806517,0.0,True,1,2.20000004768,0.98
2ylx FAD 700 A,FAD,FAD,0.981300250224,0.981300250224,0.0,True,1,2.20000004768,0.978
2ylw NAP 701 A,NAP,NAP,0.559464385582,0.559464385582,0.0,True,1,2.90000009537,0.984
2ylw FAD 700 A,FAD,FAD,0.988676913992,0.988676913992,0.0,True,1,2.90000009537,0.98
2ylt FAD 700 A,ADP,FAD,0.117866178625,0.00706953641788,0.110796642207,False,28,2.70000004768,0.979
2yls NAP 701 A,NAP,NAP,0.840146559955,0.840146559955,0.0,True,1,2.29999995232,0.984
2yls FAD 700 A,FAD,FAD,0.990112840332,0.990112840332,0.0,True,1,2.29999995232,0.976
2ylr NAP 701 A,NAP,NAP,0.846929959629,0.846929959629,0.0,True,1,2.29999995232,0.979
2ylr FAD 700 A,FAD,FAD,0.949231653916,0.949231653916,0.0,True,1,2.29999995232,0.976
2ylq SO4 1920 A,SO4,SO4,0.747929680685,0.747929680685,0.0,True,1,2.40000009537,0.899
2ylp SO4 1920 A,SO4,SO4,0.916792116271,0.916792116271,0.0,True,1,2.29999995232,0.978
2ylo SO4 1921 A,SO4,SO4,0.81336721505,0.81336721505,0.0,True,1,2.5,0.949
2ylj HEM 350 A,HEM,HEM,0.982802838088,0.982802838088,0.0,True,1,1.70000004768,0.985
2ylg SO4 131 A,SO4,SO4,0.942554131307,0.942554131307,0.0,True,1,1.0,0.993
2ykt SO4 1235 A,SO4,SO4,0.88040671782,0.88040671782,0.0,True,1,2.09999990463,0.901
2ykk SO4 1523 A,SO4,SO4,0.948194394708,0.948194394708,0.0,True,1,1.79999995232,0.93
2ykg SO4 1923 A,SO4,SO4,0.657210420702,0.657210420702,0.0,True,1,2.5,0.978
2yk6 SO4 1376 A,SO4,SO4,0.534070677084,0.534070677084,0.0,True,1,2.79999995232,0.953
2yk5 SO4 1380 A,SO4,SO4,0.734558771993,0.734558771993,0.0,True,1,2.29999995232,0.971
2yk5 SO4 1379 A,SO4,SO4,0.572200706615,0.572200706615,0.0,True,1,2.29999995232,0.976
2yk5 SO4 1378 A,SO4,SO4,0.585067943624,0.585067943624,0.0,True,1,2.29999995232,0.961
2yk5 PO4 1376 A,SO4,PO4,0.646563386815,0.292934586181,0.353628800634,False,2,2.29999995232,0.976
2yk4 SO4 1378 A,SO4,SO4,0.915226170435,0.915226170435,0.0,True,1,1.89999997616,0.967
2yk3 SO4 1115 C,SO4,SO4,0.958258250613,0.958258250613,0.0,True,1,1.60000002384,0.951
2yk3 SO4 1115 B,SO4,SO4,0.774431135388,0.774431135388,0.0,True,1,1.60000002384,0.982
2yk3 SO4 1115 A,SO4,SO4,0.861294140205,0.861294140205,0.0,True,1,1.60000002384,0.979
2yk3 HEM 200 C,HEM,HEM,0.49201644721,0.49201644721,0.0,True,1,1.60000002384,0.983
2yk3 HEM 200 B,HEM,HEM,0.641964618585,0.641964618585,0.0,True,1,1.60000002384,0.983
2yk3 HEM 200 A,HEM,HEM,0.489763677277,0.489763677277,0.0,True,1,1.60000002384,0.977
2yk0 SO4 1720 A,SO4,SO4,0.824645739348,0.824645739348,0.0,True,1,2.79999995232,0.905
2yjz SO4 1197 C,SO4,SO4,0.913313496108,0.913313496108,0.0,True,1,2.20000004768,0.956
2yjz SO4 1196 D,SO4,SO4,0.851191751321,0.851191751321,0.0,True,1,2.20000004768,0.981
2yjz SO4 1196 C,SO4,SO4,0.88359600079,0.88359600079,0.0,True,1,2.20000004768,0.961
2yjz SO4 1196 B,SO4,SO4,0.962003298116,0.962003298116,0.0,True,1,2.20000004768,0.986
2yjz SO4 1196 A,SO4,SO4,0.751692772528,0.751692772528,0.0,True,1,2.20000004768,0.98
2yjz NAP 1200 D,NAP,NAP,0.494262174978,0.494262174978,0.0,True,1,2.20000004768,0.96
2yjz NAP 1200 C,NAP,NAP,0.432044908488,0.432044908488,0.0,True,1,2.20000004768,0.96
2yjz NAP 1200 B,NDP,NAP,0.417771895262,0.391794983311,0.0259769119513,False,2,2.20000004768,0.971
2yjz NAP 1200 A,NDP,NAP,0.747361924828,0.114759125507,0.632602799321,False,2,2.20000004768,0.956
2yjq SO4 1528 A,SO4,SO4,0.637504257463,0.637504257463,0.0,True,1,2.20000004768,0.965
2yjl SO4 152 C,SO4,SO4,0.780334904992,0.780334904992,0.0,True,1,1.79999995232,0.931
2yjl SO4 151 C,SO4,SO4,0.541018887947,0.541018887947,0.0,True,1,1.79999995232,0.865
2yjl SO4 151 A,SO4,SO4,0.499150975391,0.499150975391,0.0,True,1,1.79999995232,0.889
2yjl SO4 150 A,SO4,SO4,0.931260020866,0.931260020866,0.0,True,1,1.79999995232,0.994
2yjg SO4 1429 A,SO4,SO4,0.919163828004,0.919163828004,0.0,True,1,1.79999995232,0.925
2yjg SO4 1428 B,SO4,SO4,0.951683240632,0.951683240632,0.0,True,1,1.79999995232,0.977
2yjg SO4 1428 A,SO4,SO4,0.894517812403,0.894517812403,0.0,True,1,1.79999995232,0.98
2yjg SO4 1427 B,SO4,SO4,0.916747793445,0.916747793445,0.0,True,1,1.79999995232,0.981
2yjg SO4 1426 B,SO4,SO4,0.882209096581,0.882209096581,0.0,True,1,1.79999995232,0.954
2yjf ATP 1377 E,ATP_MG,ATP,0.118075233905,0.00418638335221,0.113888850553,False,46,3.5,0.862
2yjf ATP 1377 D,ATP,ATP,0.703156286974,0.703156286974,0.0,True,1,3.5,0.883
2yjf ATP 1377 C,ATP,ATP,0.555258040066,0.555258040066,0.0,True,1,3.5,0.958
2yjf ATP 1377 A,ATP,ATP,0.286316789212,0.286316789212,0.0,True,1,3.5,0.938
2yj6 PO4 1637 B,SO4,PO4,0.929674417424,0.0184867332306,0.911187684194,False,2,2.20000004768,0.98
2yj4 PO4 1636 A,SO4,PO4,0.543381615799,0.241074886659,0.30230672914,False,2,2.40000009537,0.931
2yj3 SO4 1635 A,SO4,SO4,0.818652059149,0.818652059149,0.0,True,1,2.20000004768,0.952
2yj0 SO4 1070 E,SO4,SO4,0.896509028141,0.896509028141,0.0,True,1,2.40000009537,0.982
2yj0 SO4 1070 D,SO4,SO4,0.844691187046,0.844691187046,0.0,True,1,2.40000009537,0.976
2yj0 COA 200 A,FAD,COA,0.321959922122,0.121858048082,0.200101874041,False,3,2.40000009537,0.937
2yiz FMN 1070 D,CXS,FMN,0.0997755762256,0.0166758110884,0.0830997651372,False,16,1.70000004768,0.816
2yiz FMN 1070 C,PO4,FMN,0.21522017471,0.00217781697029,0.213042357739,False,30,1.70000004768,0.842
2yiz FMN 1070 B,PO4,FMN,0.208185844094,0.00280689817815,0.205378945916,False,24,1.70000004768,0.847
2yiz FMN 1070 A,CXS,FMN,0.119726162293,0.00544252809473,0.114283634199,False,34,1.70000004768,0.857
2yiu HEM 501 D,HEM,HEM,0.692764641057,0.692764641057,0.0,True,1,2.70000004768,0.979
2yiu HEM 501 A,HEM,HEM,0.850076999564,0.850076999564,0.0,True,1,2.70000004768,0.98
2yiu HEM 500 D,HEM_OXY,HEM,0.671588941584,0.154944619673,0.516644321911,False,2,2.70000004768,0.981
2yiu HEM 500 A,HEM,HEM,0.526485360917,0.526485360917,0.0,True,1,2.70000004768,0.981
2yiu FES 500 F,FES,FES,0.989297973029,0.989297973029,0.0,True,1,2.70000004768,0.993
2yiu FES 500 C,FES,FES,0.968748754527,0.968748754527,0.0,True,1,2.70000004768,0.987
2yio SO4 1139 A,DMF,SO4,0.372386222351,0.164473182104,0.207913040247,False,2,2.40000009537,0.826
2yio SO4 1138 A,SO4,SO4,0.855112624044,0.855112624044,0.0,True,1,2.40000009537,0.988
2yim PO4 1361 D,SO4,PO4,0.952738863831,0.0316498472396,0.921089016592,False,2,1.39999997616,0.926
2yil SO4 1136 E,SO4,SO4,0.936556801793,0.936556801793,0.0,True,1,2.0,0.973
2yil SO4 1136 C,SO4,SO4,0.950706275895,0.950706275895,0.0,True,1,2.0,0.979
2yil SO4 1135 E,SO4,SO4,0.511888787814,0.511888787814,0.0,True,1,2.0,0.842
2yih SO4 1523 A,EDO,SO4,0.389830102824,0.268552027878,0.121278074946,False,2,1.70000004768,0.928
2yih SO4 1522 A,EDO,SO4,0.416706079124,0.153181180529,0.263524898596,False,2,1.70000004768,0.964
2yih BGC 1544 A,FAD,BGC,0.117454319979,0.0041072554027,0.113347064577,False,35,1.70000004768,0.897
2yhu NDP 301 D,NAP,NDP,0.964833564497,0.025495608823,0.939337955674,False,2,2.0,0.958
2yhu NDP 301 C,NAP,NDP,0.866721680146,0.0296053170489,0.837116363097,False,3,2.0,0.917
2yhu NDP 301 B,NAP,NDP,0.961967469087,0.00750752220418,0.954459946883,False,2,2.0,0.952
2yhu NDP 301 A,NAP,NDP,0.985240227035,0.00852455149524,0.976715675539,False,2,2.0,0.953
2yhi NAP 1269 D,NAP,NAP,0.915589419208,0.915589419208,0.0,True,1,1.79999995232,0.975
2yhi NAP 1269 C,NAP,NAP,0.97025076981,0.97025076981,0.0,True,1,1.79999995232,0.971
2yhi NAP 1269 B,NAP,NAP,0.954658750793,0.954658750793,0.0,True,1,1.79999995232,0.97
2yhi NAP 1269 A,NAP,NAP,0.985976432862,0.985976432862,0.0,True,1,1.79999995232,0.977
2yhe SO4 801 F,SO4,SO4,0.431705386169,0.431705386169,0.0,True,1,2.70000004768,0.995
2yhe SO4 801 E,SO4,SO4,0.80620236873,0.80620236873,0.0,True,1,2.70000004768,0.99
2yhe SO4 801 D,SO4,SO4,0.69750466196,0.69750466196,0.0,True,1,2.70000004768,0.99
2yhe SO4 801 C,SO4,SO4,0.728379845963,0.728379845963,0.0,True,1,2.70000004768,0.992
2yhe SO4 801 B,SO4,SO4,0.551064365105,0.551064365105,0.0,True,1,2.70000004768,0.995
2yhe SO4 801 A,SO4,SO4,0.471109076397,0.471109076397,0.0,True,1,2.70000004768,0.995
2yhd SO4 1000 A,SO4,SO4,0.648597564486,0.648597564486,0.0,True,1,2.20000004768,0.922
2yhb SO4 1939 A,SO4,SO4,0.371397203003,0.371397203003,0.0,True,1,3.70000004768,0.977
2yha SO4 1939 A,SO4,SO4,0.949005226859,0.949005226859,0.0,True,1,1.89999997616,0.979
2yh6 SO4 1190 A,SO4,SO4,0.80472966949,0.80472966949,0.0,True,1,1.5,0.961
2yh6 SO4 1189 D,SO4,SO4,0.29128495228,0.29128495228,0.0,True,1,1.5,0.937
2yh6 SO4 1189 B,EDO,SO4,0.662862396736,0.0290209230075,0.633841473729,False,4,1.5,0.903
2yh6 SO4 1189 A,SO4,SO4,0.940082717717,0.940082717717,0.0,True,1,1.5,0.968
2yh6 SO4 1188 C,ACT,SO4,0.272279036071,0.067201849452,0.205077186619,False,5,1.5,0.828
2yh6 SO4 1188 A,SO4,SO4,0.886382070471,0.886382070471,0.0,True,1,1.5,0.979
2yh2 SO4 1314 A,SO4,SO4,0.662014567106,0.662014567106,0.0,True,1,2.20000004768,0.977
2ygv SO4 1156 C,SO4,SO4,0.628357162045,0.628357162045,0.0,True,1,2.90000009537,0.942
2ygv SO4 1156 B,SO4,SO4,0.673113527664,0.673113527664,0.0,True,1,2.90000009537,0.925
2ygv SO4 1156 A,SO4,SO4,0.749753464761,0.749753464761,0.0,True,1,2.90000009537,0.953
2ygv SO4 1155 D,SO4,SO4,0.834944131187,0.834944131187,0.0,True,1,2.90000009537,0.98
2ygg MPD 1686 A,GOL,MPD,0.344258161339,0.00952862931421,0.334729532025,False,9,2.20000004768,0.939
2yg7 FAD 600 B,ADP,FAD,0.199886827447,0.11291464278,0.0869721846671,False,3,2.79999995232,0.93
2yg7 FAD 600 A,GDP,FAD,0.212610669792,0.0421145530361,0.170496116756,False,4,2.79999995232,0.952
2yg6 SO4 1451 B,SO4,SO4,0.940086889458,0.940086889458,0.0,True,1,2.5,0.978
2yg6 SO4 1451 A,SO4,SO4,0.498582137724,0.498582137724,0.0,True,1,2.5,0.902
2yg6 FAD 600 B,FAD,FAD,0.967845144559,0.967845144559,0.0,True,1,2.5,0.989
2yg6 FAD 600 A,FAD,FAD,0.677053753358,0.677053753358,0.0,True,1,2.5,0.984
2yg5 SO4 1456 A,SO4,SO4,0.57960227622,0.57960227622,0.0,True,1,1.89999997616,0.941
2yg5 SO4 1453 A,DMS,SO4,0.949421821303,0.019040908384,0.930380912919,False,2,1.89999997616,0.963
2yg5 FAD 600 A,FAD,FAD,0.983460637227,0.983460637227,0.0,True,1,1.89999997616,0.958
2yg4 SO4 1454 B,SO4,SO4,0.554943976198,0.554943976198,0.0,True,1,2.29999995232,0.805
2yg4 SO4 1454 A,SO4,SO4,0.490483571037,0.490483571037,0.0,True,1,2.29999995232,0.859
2yg4 SO4 1453 A,SO4,SO4,0.652008140657,0.652008140657,0.0,True,1,2.29999995232,0.885
2yg4 FAD 600 B,FAD,FAD,0.977072626859,0.977072626859,0.0,True,1,2.29999995232,0.983
2yg4 FAD 600 A,FAD,FAD,0.921246415106,0.921246415106,0.0,True,1,2.29999995232,0.982
2yg3 SO4 1454 A,DMS,SO4,0.59352922105,0.272090422556,0.321438798494,False,2,2.0,0.915
2yg3 SO4 1452 A,SO4,SO4,0.923791145558,0.923791145558,0.0,True,1,2.0,0.967
2yg3 FAD 600 B,FAD,FAD,0.858280442659,0.858280442659,0.0,True,1,2.0,0.972
2yg3 FAD 600 A,FAD,FAD,0.97374626263,0.97374626263,0.0,True,1,2.0,0.972
2yft SO4 1699 A,SO4,SO4,0.867094357521,0.867094357521,0.0,True,1,1.79999995232,0.939
2yft SO4 1698 A,ACT,SO4,0.25689897106,0.204168449899,0.0527305211614,False,2,1.79999995232,0.944
2yfs SUC 1710 A,FLC,SUC,0.352398274526,0.0243161613409,0.328082113185,False,6,2.59999990463,0.763
2yfs SUC 1709 A,SUC,SUC,0.265639206696,0.265639206696,0.0,True,1,2.59999990463,0.951
2yfs SO4 1716 A,SO4,SO4,0.310076786335,0.310076786335,0.0,True,1,2.59999990463,0.855
2yfs SO4 1715 A,SO4,SO4,0.778709161372,0.778709161372,0.0,True,1,2.59999990463,0.943
2yfs SO4 1714 A,SO4,SO4,0.775670139045,0.775670139045,0.0,True,1,2.59999990463,0.965
2yfr SO4 1720 A,EDO,SO4,0.251598080287,0.14623727304,0.105360807247,False,3,1.79999995232,0.947
2yfr SO4 1719 A,SO4,SO4,0.279114222225,0.279114222225,0.0,True,1,1.79999995232,0.923
2yfr SO4 1718 A,PO4,SO4,0.426128173716,0.18964214845,0.236486025266,False,2,1.79999995232,0.926
2yfr SO4 1717 A,PO4,SO4,0.464258847391,0.280642536047,0.183616311344,False,2,1.79999995232,0.977
2yfr SO4 1716 A,SO4,SO4,0.80475432877,0.80475432877,0.0,True,1,1.79999995232,0.992
2yfr SO4 1715 A,SO4,SO4,0.277585272588,0.277585272588,0.0,True,1,1.79999995232,0.944
2yfr SO4 1714 A,SO4,SO4,0.675833497089,0.675833497089,0.0,True,1,1.79999995232,0.97
2yfq SO4 1423 B,SO4,SO4,0.273496392172,0.273496392172,0.0,True,1,2.90000009537,0.963
2yfq SO4 1423 A,SO4,SO4,0.94314398869,0.94314398869,0.0,True,1,2.90000009537,0.938
2yfq SO4 1422 B,SO4,SO4,0.925077228971,0.925077228971,0.0,True,1,2.90000009537,0.952
2yfq SO4 1422 A,MES,SO4,0.292360863361,0.255630186003,0.0367306773586,False,2,2.90000009537,0.95
2yfl FES 900 K,FES,FES,0.989940229854,0.989940229854,0.0,True,1,2.5,0.959
2yfl FES 900 I,FES,FES,0.952300742035,0.952300742035,0.0,True,1,2.5,0.965
2yfl FES 900 G,FES,FES,0.982191484688,0.982191484688,0.0,True,1,2.5,0.977
2yfl FES 900 E,FES,FES,0.990955509429,0.990955509429,0.0,True,1,2.5,0.966
2yfl FES 900 C,FES,FES,0.996064811685,0.996064811685,0.0,True,1,2.5,0.977
2yfl FES 900 A,FES,FES,0.997616440927,0.997616440927,0.0,True,1,2.5,0.984
2yfj FES 900 K,FES,FES,0.989289917978,0.989289917978,0.0,True,1,2.09999990463,0.958
2yfj FES 900 E,FES,FES,0.995849215519,0.995849215519,0.0,True,1,2.09999990463,0.978
2yfj FES 900 C,FES,FES,0.9839305444,0.9839305444,0.0,True,1,2.09999990463,0.983
2yfi FES 900 K,FES,FES,0.994778735377,0.994778735377,0.0,True,1,2.20000004768,0.95
2yfi FES 900 I,FES,FES,0.994991487445,0.994991487445,0.0,True,1,2.20000004768,0.914
2yfi FES 900 G,FES,FES,0.989035986783,0.989035986783,0.0,True,1,2.20000004768,0.954
2yfi FES 900 E,FES,FES,0.990206774305,0.990206774305,0.0,True,1,2.20000004768,0.986
2yfi FES 900 C,FES,FES,0.986574938122,0.986574938122,0.0,True,1,2.20000004768,0.97
2yfi FES 900 A,FES,FES,0.994031674441,0.994031674441,0.0,True,1,2.20000004768,0.964
2yfb SO4 1279 B,SO4,SO4,0.789863014268,0.789863014268,0.0,True,1,1.89999997616,0.985
2yfb SO4 1278 B,SO4,SO4,0.835499285749,0.835499285749,0.0,True,1,1.89999997616,0.984
2yfb SO4 1278 A,SO4,SO4,0.901464140998,0.901464140998,0.0,True,1,1.89999997616,0.983
2yfa SO4 1284 A,SO4,SO4,0.828906733868,0.828906733868,0.0,True,1,1.79999995232,0.987
2yfa SO4 1283 B,SO4,SO4,0.854416363761,0.854416363761,0.0,True,1,1.79999995232,0.943
2yfa SO4 1283 A,SO4,SO4,0.768517668697,0.768517668697,0.0,True,1,1.79999995232,0.986
2yf4 SO4 1148 C,SO4,SO4,0.741498488502,0.741498488502,0.0,True,1,1.70000004768,0.993
2yf3 SO4 1150 C,NCO,SO4,0.341606117758,0.202543607327,0.139062510431,False,2,2.0,0.982
2yf0 SO4 1506 A,SO4,SO4,0.421377132271,0.421377132271,0.0,True,1,2.70000004768,0.898
2yex SO4 1279 A,SO4,SO4,0.972679345721,0.972679345721,0.0,True,1,1.29999995232,0.994
2yev FME 1 F,SO4,FME,0.345249942356,0.00914764672513,0.33610229563,False,15,2.40000009537,0.923
2yeu SO4 1145 F,SO4,SO4,0.418997875048,0.418997875048,0.0,True,1,2.0,0.987
2yer SO4 1271 A,SO4,SO4,0.838223886476,0.838223886476,0.0,True,1,1.79999995232,0.994
2yek SO4 1182 C,SO4,SO4,0.946992167802,0.946992167802,0.0,True,1,2.0,0.983
2yef ANP 1228 A,ANP_MG,ANP_MG,0.421699167235,0.421699167235,0.0,True,1,1.5,0.977
2yee SO4 1226 A,SO4,SO4,0.367031396195,0.367031396195,0.0,True,1,2.29999995232,0.944
2yee SO4 1225 A,SO4,SO4,0.415748052372,0.415748052372,0.0,True,1,2.29999995232,0.913
2yec SO4 1224 A,SO4,SO4,0.742752687801,0.742752687801,0.0,True,1,2.09999990463,0.953
2ye2 SO4 1224 A,DMS,SO4,0.728003397427,0.175621670081,0.552381727345,False,2,1.89999997616,0.887
2ydy SO4 1327 A,SO4,SO4,0.878398967813,0.878398967813,0.0,True,1,2.20000004768,0.984
2ydy SO4 1326 A,SO4,SO4,0.939331280799,0.939331280799,0.0,True,1,2.20000004768,0.976
2ydy SO4 1325 A,SO4,SO4,0.673090084028,0.673090084028,0.0,True,1,2.20000004768,0.979
2ydx SO4 1344 B,SO4,SO4,0.85588806435,0.85588806435,0.0,True,1,2.79999995232,0.964
2ydx SO4 1343 B,EDO,SO4,0.341211084809,0.138492865532,0.202718219276,False,3,2.79999995232,0.888
2ydx SO4 1343 A,SO4,SO4,0.465722384426,0.465722384426,0.0,True,1,2.79999995232,0.935
2ydx SO4 1342 E,SO4,SO4,0.702024688256,0.702024688256,0.0,True,1,2.79999995232,0.921
2ydx SO4 1342 D,SO4,SO4,0.850121718553,0.850121718553,0.0,True,1,2.79999995232,0.928
2ydx SO4 1342 C,SO4,SO4,0.788300338087,0.788300338087,0.0,True,1,2.79999995232,0.967
2ydx SO4 1342 B,SO4,SO4,0.574904240604,0.574904240604,0.0,True,1,2.79999995232,0.907
2ydx SO4 1342 A,SO4,SO4,0.398869640329,0.398869640329,0.0,True,1,2.79999995232,0.937
2ydx SO4 1341 E,SO4,SO4,0.901447667281,0.901447667281,0.0,True,1,2.79999995232,0.957
2ydx SO4 1341 D,SO4,SO4,0.766487917991,0.766487917991,0.0,True,1,2.79999995232,0.924
2ydx SO4 1341 C,SO4,SO4,0.937978053848,0.937978053848,0.0,True,1,2.79999995232,0.963
2ydx SO4 1341 B,GOL,SO4,0.748736687995,0.191960496056,0.556776191939,False,2,2.79999995232,0.936
2ydx SO4 1341 A,SO4,SO4,0.89294989316,0.89294989316,0.0,True,1,2.79999995232,0.971
2ydx SO4 1340 E,SO4,SO4,0.78570011907,0.78570011907,0.0,True,1,2.79999995232,0.946
2ydx SO4 1340 D,GOL,SO4,0.609844243625,0.279186922061,0.330657321565,False,2,2.79999995232,0.922
2ydx SO4 1340 C,SO4,SO4,0.774937905252,0.774937905252,0.0,True,1,2.79999995232,0.949
2ydx SO4 1340 B,SO4,SO4,0.689284167952,0.689284167952,0.0,True,1,2.79999995232,0.912
2ydx SO4 1340 A,SO4,SO4,0.81357692368,0.81357692368,0.0,True,1,2.79999995232,0.972
2ydx NAP 1339 D,NAP,NAP,0.578662948745,0.578662948745,0.0,True,1,2.79999995232,0.971
2ydx NAP 1339 B,NDP,NAP,0.505859812876,0.449927162782,0.0559326500948,False,2,2.79999995232,0.986
2ydw SO4 1183 B,SO4,SO4,0.813561427172,0.813561427172,0.0,True,1,1.89999997616,0.979
2ydt SO4 1505 A,SO4,SO4,0.926220389795,0.926220389795,0.0,True,1,1.60000002384,0.933
2ydt SO4 1504 A,SO4,SO4,0.929475670214,0.929475670214,0.0,True,1,1.60000002384,0.969
2ydt SO4 1503 A,SO4,SO4,0.747107338652,0.747107338652,0.0,True,1,1.60000002384,0.965
2ydt SO4 1502 A,SO4,SO4,0.970705035259,0.970705035259,0.0,True,1,1.60000002384,0.985
2ydk SO4 1271 A,SO4,SO4,0.811516300992,0.811516300992,0.0,True,1,1.89999997616,0.985
2ydj PO4 1271 B,SO4,PO4,0.854780437212,0.104167546714,0.750612890498,False,2,1.79999995232,0.993
2ydj PO4 1271 A,SO4,PO4,0.865931147263,0.10409724363,0.761833903634,False,2,1.79999995232,0.991
2ydi SO4 1281 A,SO4,SO4,0.630890129708,0.630890129708,0.0,True,1,1.60000002384,0.961
2yde SO4 905 A,SO4,SO4,0.481868340766,0.481868340766,0.0,True,1,2.20000004768,0.945
2yde SO4 903 A,SO4,SO4,0.736747375775,0.736747375775,0.0,True,1,2.20000004768,0.887
2yde SO4 902 A,SO4,SO4,0.838707337746,0.838707337746,0.0,True,1,2.20000004768,0.772
2yde SO4 901 A,SO4,SO4,0.292189141098,0.292189141098,0.0,True,1,2.20000004768,0.886
2ydb NAP 1379 A,NAG,NAP,0.819843185155,0.00271554536686,0.817127639788,False,10,2.20000004768,0.683
2yda IPA 1299 B,GOL,IPA,0.57798478378,0.00164704248152,0.576337741298,False,16,1.89999997616,0.903
2yda IPA 1298 B,SO4,IPA,0.346864312313,0.000716617418492,0.346147694895,False,35,1.89999997616,0.902
2yd7 PO4 1222 B,SO4,PO4,0.590292873415,0.145417752521,0.444875120894,False,2,2.0,0.952
2yd7 PO4 1221 B,SO4,PO4,0.843119516292,0.0708074300524,0.77231208624,False,2,2.0,0.947
2yd7 PO4 1221 A,GOL,PO4,0.379450631726,0.0122852584502,0.367165373276,False,6,2.0,0.848
2yd4 SO4 1236 A,SO4,SO4,0.742579156422,0.742579156422,0.0,True,1,1.70000004768,0.909
2yck SO4 1270 X,EDO,SO4,0.741877683496,0.0430021993915,0.698875484105,False,2,2.20000004768,0.783
2yck SO4 1269 X,GOL,SO4,0.46240622961,0.0347635230264,0.427642706583,False,4,2.20000004768,0.797
2yck SO4 1268 X,EDO,SO4,0.671567173816,0.068158548676,0.60340862514,False,3,2.20000004768,0.867
2yck SO4 1267 X,EDO,SO4,0.287262650473,0.0973742714743,0.189888378999,False,4,2.20000004768,0.906
2yck SO4 1266 X,SO4,SO4,0.699104505816,0.699104505816,0.0,True,1,2.20000004768,0.941
2yck SO4 1264 X,SO4,SO4,0.705032265389,0.705032265389,0.0,True,1,2.20000004768,0.948
2ycj SO4 1267 A,SO4,SO4,0.649044851522,0.649044851522,0.0,True,1,2.0,0.886
2ycj SO4 1265 A,GOL,SO4,0.374848702751,0.0892319413972,0.285616761354,False,3,2.0,0.891
2yci SO4 489 X,EDO,SO4,0.269302310375,0.259169977479,0.0101323328961,False,3,1.79999995232,0.875
2yci SO4 488 X,SO4,SO4,0.919397746439,0.919397746439,0.0,True,1,1.79999995232,0.959
2ycg MPD 1295 A,GOL,MPD,0.249920702457,0.00232112225557,0.247599580202,False,28,1.79999995232,0.947
2ycg HEM 295 A,HEM,HEM,0.974576587349,0.974576587349,0.0,True,1,1.79999995232,0.985
2ycd PO4 601 A,SO4,PO4,0.835213010977,0.028719777214,0.806493233763,False,3,1.39999997616,0.969
2yca HEM 450 A,HEM,HEM,0.985510710064,0.985510710064,0.0,True,1,1.79999995232,0.991
2yc0 SO4 905 A,SO4,SO4,0.887691813735,0.887691813735,0.0,True,1,2.0,0.978
2yc0 SO4 902 A,SO4,SO4,0.899321487996,0.899321487996,0.0,True,1,2.0,0.826
2yc0 SO4 901 A,SO4,SO4,0.727293872771,0.727293872771,0.0,True,1,2.0,0.932
2ybx PO4 1406 A,SO4,PO4,0.919541970418,0.0374448348315,0.882097135587,False,2,2.59999990463,0.936
2ybf SO4 1362 B,SO4,SO4,0.930417412501,0.930417412501,0.0,True,1,2.0,0.967
2ybd PO4 1200 A,SO4,PO4,0.713048727056,0.0251494260692,0.687899300987,False,5,2.0,0.882
2yb8 SO4 1417 B,SO4,SO4,0.360971671121,0.360971671121,0.0,True,1,2.29999995232,0.91
2yb8 SO4 1416 B,SO4,SO4,0.761142084246,0.761142084246,0.0,True,1,2.29999995232,0.959
2yb8 SO4 1415 B,SO4,SO4,0.96987708453,0.96987708453,0.0,True,1,2.29999995232,0.994
2yb4 SO4 1290 A,SO4,SO4,0.418444158231,0.418444158231,0.0,True,1,2.20000004768,0.879
2yb4 SO4 1289 A,SO4,SO4,0.966525351979,0.966525351979,0.0,True,1,2.20000004768,0.988
2yb0 SO4 1268 D,SO4,SO4,0.853711090431,0.853711090431,0.0,True,1,2.29999995232,0.948
2yb0 SO4 1268 B,SO4,SO4,0.921016577555,0.921016577555,0.0,True,1,2.29999995232,0.944
2yb0 SO4 1268 A,SO4,SO4,0.833624572237,0.833624572237,0.0,True,1,2.29999995232,0.953
2yaz UMP 1266 E,AMP,UMP,0.271398510102,0.00280060224178,0.268597907861,False,25,2.40000009537,0.981
2yaz UMP 1265 D,ADP,UMP,0.577115765646,0.00132844714525,0.5757873185,False,48,2.40000009537,0.972
2yaz UMP 1265 B,GDP,UMP,0.344599657068,0.00342939668254,0.341170260385,False,35,2.40000009537,0.966
2yaz SO4 1268 A,SO4,SO4,0.756981818963,0.756981818963,0.0,True,1,2.40000009537,0.933
2yaz SO4 1267 D,SO4,SO4,0.649492222992,0.649492222992,0.0,True,1,2.40000009537,0.872
2yaz SO4 1266 A,SO4,SO4,0.423265932901,0.423265932901,0.0,True,1,2.40000009537,0.937
2yaz SO4 1265 E,SO4,SO4,0.891872145825,0.891872145825,0.0,True,1,2.40000009537,0.939
2yax CSS 31 C,CSS,CSS,0.60240907277,0.60240907277,0.0,True,1,1.79999995232,0.968
2yax CSS 31 B,CSS,CSS,0.485110164062,0.485110164062,0.0,True,1,1.79999995232,0.953
2yax CSS 31 A,CSO,CSS,0.331491137726,0.278168249005,0.0533228887215,False,2,1.79999995232,0.932
2yav CSS 31 F,YCM,CSS,0.256013769298,0.0780130677803,0.178000701518,False,4,1.70000004768,0.94
2yav CSS 31 E,CSO,CSS,0.566876532173,0.056819234463,0.51005729771,False,3,1.70000004768,0.954
2yav CSS 31 C,CSO,CSS,0.546308484457,0.106896074179,0.439412410278,False,3,1.70000004768,0.963
2yav CSS 31 B,CSX,CSS,0.347703657177,0.0163615966016,0.331342060576,False,7,1.70000004768,0.94
2yav CSS 31 A,YCM,CSS,0.267085251755,0.0961649468846,0.17092030487,False,4,1.70000004768,0.941
2yau NDP 550 B,AMP,NDP,0.344541807703,0.013055155716,0.331486651987,False,10,3.5,0.917
2yau NDP 550 A,AMP,NDP,0.157487593397,0.0233955151626,0.134092078234,False,7,3.5,0.908
2yas SO4 402 A,SO4,SO4,0.838524768109,0.838524768109,0.0,True,1,1.70000004768,0.943
2yas SO4 401 A,SO4,SO4,0.899329754329,0.899329754329,0.0,True,1,1.70000004768,0.98
2yas SO4 400 A,SO4,SO4,0.739497957932,0.739497957932,0.0,True,1,1.70000004768,0.973
2yar MPD 1468 A,GOL,MPD,0.391431580891,0.18584333941,0.205588241481,False,2,1.79999995232,0.911
2yar MPD 1466 A,GOL,MPD,0.640852436953,0.00328700159711,0.637565435356,False,10,1.79999995232,0.936
2yaq MPD 1472 A,DMS,MPD,0.617737184099,0.00215673954955,0.61558044455,False,16,1.79999995232,0.873
2yaq MPD 1470 A,GOL,MPD,0.22123326711,0.0800994112485,0.141133855862,False,4,1.79999995232,0.857
2yaq MPD 1466 A,GOL,MPD,0.538629862434,0.0108100263634,0.52781983607,False,10,1.79999995232,0.941
2yap MPD 1472 A,DMS,MPD,0.556226135784,0.00277373515209,0.553452400632,False,18,1.79999995232,0.906
2yap MPD 1466 A,TAR,MPD,0.369104759999,0.0116770191734,0.357427740825,False,9,1.79999995232,0.945
2yao MPD 1472 A,DMS,MPD,0.749091958675,0.00132759392795,0.747764364747,False,12,1.79999995232,0.901
2yao MPD 1466 A,GOL,MPD,0.40837235839,0.00427919364237,0.404093164748,False,18,1.79999995232,0.966
2yan GSH 1341 A,ADP,GSH,0.0513192714055,0.0394853619205,0.011833909485,False,2,1.89999997616,0.978
2yan GSH 1338 B,FME,GSH,0.193944384272,0.00342387322924,0.190520511043,False,29,1.89999997616,0.843
2yam MPD 1472 A,DMS,MPD,0.934418923789,0.000416728636239,0.934002195152,False,17,1.79999995232,0.851
2yam MPD 1470 A,GOL,MPD,0.278599032951,0.0664667941328,0.212132238818,False,3,1.79999995232,0.878
2yam MPD 1466 A,CIT,MPD,0.123457569864,0.0161996373884,0.107257932475,False,11,1.79999995232,0.946
2yah MPD 1465 A,GOL,MPD,0.360922354904,0.022285913409,0.338636441495,False,7,1.79999995232,0.962
2yaf MPD 1472 A,DMS,MPD,0.571552658063,0.000560283900072,0.570992374163,False,21,1.60000002384,0.842
2yaf MPD 1466 A,GOL,MPD,0.912342578519,0.000968533888782,0.91137404463,False,15,1.60000002384,0.944
2yae MPD 1472 A,DMS,MPD,0.442081969103,0.00125548242305,0.44082648668,False,29,1.60000002384,0.917
2yae MPD 1466 A,GOL,MPD,0.497815860684,0.0204731119872,0.477342748697,False,6,1.60000002384,0.958
2y99 NAD 1276 B,NAD,NAD,0.351846143748,0.351846143748,0.0,True,1,2.09999990463,0.898
2y99 NAD 1276 A,NAI,NAD,0.228867850737,0.219718769442,0.00914908129478,False,2,2.09999990463,0.881
2y98 HEM 450 A,HEM,HEM,0.991258152596,0.991258152596,0.0,True,1,1.70000004768,0.982
2y91 CIT 1294 A,GOL,CIT,0.35717234165,0.255414133624,0.101758208026,False,2,2.0,0.911
2y8q ADP 1327 E,ADP,ADP,0.462924129641,0.462924129641,0.0,True,1,2.79999995232,0.979
2y8l ADP 1328 E,GTP,ADP,0.368429483444,0.0251406358092,0.343288847635,False,5,2.5,0.92
2y8l ADP 1327 E,UDP,ADP,0.246450569896,0.0849379816042,0.161512588291,False,2,2.5,0.981
2y8h HEM 502 B,HEM_OXY,HEM,0.446613118471,0.0628337541719,0.383779364299,False,4,1.89999997616,0.966
2y8h HEM 500 A,CYN_HEM,HEM,0.411837928395,0.164222944353,0.247614984042,False,3,1.89999997616,0.972
2y8e GNP 1176 B,GNP_MG,GNP_MG,0.949560668639,0.949560668639,0.0,True,1,1.39999997616,0.991
2y8e GNP 1176 A,GNP_MG,GNP_MG,0.971611718675,0.971611718675,0.0,True,1,1.39999997616,0.991
2y79 HEM 502 B,HEM,HEM,0.366791616454,0.366791616454,0.0,True,1,1.79999995232,0.971
2y79 HEM 500 A,HEM,HEM,0.66475729529,0.66475729529,0.0,True,1,1.79999995232,0.981
2y6v PO4 1388 C,SO4,PO4,0.816779277825,0.0354114621398,0.781367815685,False,2,2.79999995232,0.93
2y6v PO4 1382 B,SO4,PO4,0.634606909291,0.0542001295098,0.580406779782,False,3,2.79999995232,0.879
2y6v PO4 1382 A,SO4,PO4,0.654900040477,0.21079543545,0.444104605028,False,2,2.79999995232,0.944
2y6v CME 13 C,CSO,CME,0.324117093891,0.0236744441796,0.300442649711,False,6,2.79999995232,0.943
2y6v CME 13 B,CSO,CME,0.170463455029,0.0871202471221,0.0833432079071,False,5,2.79999995232,0.913
2y6v CME 13 A,CSO,CME,0.391952997403,0.0939556207241,0.297997376679,False,3,2.79999995232,0.936
2y6u CME 13 A,CSO,CME,0.411718689128,0.228092051405,0.183626637723,False,2,1.89999997616,0.955
2y6r FAD 1384 D,FAD,FAD,0.296762193533,0.296762193533,0.0,True,1,3.09999990463,0.964
2y6r FAD 1384 C,FAD,FAD,0.568858103412,0.568858103412,0.0,True,1,3.09999990463,0.959
2y6r FAD 1384 B,APR,FAD,0.466651331513,0.224714208631,0.241937122882,False,2,3.09999990463,0.961
2y6r FAD 1384 A,FAD,FAD,0.540053935699,0.540053935699,0.0,True,1,3.09999990463,0.964
2y6q FAD 1384 D,ADP,FAD,0.259567465373,0.00658121545393,0.252986249919,False,22,2.40000009537,0.973
2y6q FAD 1384 C,AMP,FAD,0.219106280483,0.0013256637983,0.217780616685,False,152,2.40000009537,0.975
2y6q FAD 1384 B,ADP_MG,FAD,0.103009225298,0.0559247880472,0.0470844372507,False,3,2.40000009537,0.978
2y6q FAD 1384 A,FAD,FAD,0.878562601649,0.878562601649,0.0,True,1,2.40000009537,0.976
2y6p IPA 1236 A,GOL,IPA,0.305383377676,0.018697733486,0.28668564419,False,6,2.09999990463,0.938
2y6i TRS 1795 A,SO4,TRS,0.540889554401,0.000117619382588,0.540771935018,False,200,3.29999995232,0.758
2y6i TRS 1794 A,MAN,TRS,0.14516854621,0.00490683235898,0.140261713851,False,30,3.29999995232,0.863
2y6g BGC 1171 A,EDO,BGC,0.772652303879,0.00100244511437,0.771649858765,False,17,1.29999995232,0.936
2y6b HEM 251 A,HEM,HEM,0.985497568471,0.985497568471,0.0,True,1,1.89999997616,0.949
2y6a HEM 251 A,HEM,HEM,0.996770970038,0.996770970038,0.0,True,1,2.0,0.991
2y68 KCX 198 A,KCX,KCX,0.957294681715,0.957294681715,0.0,True,1,1.5,0.983
2y67 KCX 198 A,KCX,KCX,0.555891156549,0.555891156549,0.0,True,1,1.89999997616,0.977
2y66 KCX 198 A,KCX,KCX,0.940862715776,0.940862715776,0.0,True,1,1.5,0.991
2y5z HEM 450 C,HEM,HEM,0.970870814575,0.970870814575,0.0,True,1,2.09999990463,0.987
2y5z HEM 450 B,HEM,HEM,0.979617462203,0.979617462203,0.0,True,1,2.09999990463,0.989
2y5z HEM 450 A,HEM,HEM,0.956343915408,0.956343915408,0.0,True,1,2.09999990463,0.987
2y5w ADP 600 B,ADP_MG,ADP,0.634572794446,0.0746713182585,0.559901476187,False,2,2.70000004768,0.982
2y5n HEM 450 B,HEM,HEM,0.992368876759,0.992368876759,0.0,True,1,1.60000002384,0.994
2y5n HEM 450 A,HEM,HEM,0.993026363883,0.993026363883,0.0,True,1,1.60000002384,0.993
2y5i IPA 1101 F,ACT,IPA,0.259999978046,0.0236539535762,0.23634602447,False,7,2.0,0.892
2y5i IPA 1100 F,ACT,IPA,0.384627291335,0.00805641854718,0.376570872788,False,7,2.0,0.932
2y5i IPA 1100 D,EDO,IPA,0.261403196594,0.0137442020083,0.247658994585,False,8,2.0,0.943
2y5i IPA 1100 C,EDO,IPA,0.195619477477,0.0143949264193,0.181224551057,False,9,2.0,0.924
2y5i IPA 1100 A,EDO,IPA,0.346123545258,0.0194890274823,0.326634517776,False,7,2.0,0.906
2y5i IPA 1099 E,SO4,IPA,0.482366616402,0.0314366454989,0.450929970903,False,6,2.0,0.916
2y5c FES 110 B,FES,FES,0.991982563837,0.991982563837,0.0,True,1,1.5,0.995
2y5c FES 110 A,FES,FES,0.989852177341,0.989852177341,0.0,True,1,1.5,0.997
2y5a HEM 1001 A,HEM,HEM,0.985404511513,0.985404511513,0.0,True,1,1.29999995232,0.989
2y4y ACT 1176 A,ACT_ZN,ACT_ZN,0.881824528356,0.881824528356,0.0,True,1,1.70000004768,0.94
2y4k TRS 501 B,GOL,TRS,0.315684942444,0.171278583091,0.144406359354,False,2,2.5,0.856
2y4k GDP 401 B,ADP,GDP_MG,0.170346842296,0.00968195602977,0.160664886266,False,14,2.5,0.956
2y4k GDP 401 A,ADP_MG,GDP_MG,0.221523296869,0.00447327071094,0.217050026158,False,22,2.5,0.915
2y4j TRS 401 B,SO4,TRS,0.814478446807,0.00149966027526,0.812978786532,False,13,2.29999995232,0.847
2y4j TRS 401 A,SO4,TRS,0.788399652988,0.00292564204631,0.785474010941,False,11,2.29999995232,0.873
2y4g FAD 600 A,FAD,FAD,0.904113423156,0.904113423156,0.0,True,1,2.0,0.979
2y4f HEM 389 B,HEM,HEM,0.713377511894,0.713377511894,0.0,True,1,2.70000004768,0.972
2y4f HEM 389 A,HEM,HEM,0.555427413162,0.555427413162,0.0,True,1,2.70000004768,0.967
2y48 FAD 900 A,FAD,FAD,0.533733376561,0.533733376561,0.0,True,1,3.0,0.984
2y46 HEM 450 C,HEM,HEM,0.982806192327,0.982806192327,0.0,True,1,1.79999995232,0.987
2y46 HEM 450 B,HEM,HEM,0.946041501875,0.946041501875,0.0,True,1,1.79999995232,0.988
2y46 HEM 450 A,HEM,HEM,0.957701340734,0.957701340734,0.0,True,1,1.79999995232,0.986
2y44 OCS 148 A,ACT,OCS,0.475928050206,0.00056104474387,0.475367005463,False,161,1.70000004768,0.821
2y42 NAD 900 D,NAD,NAD,0.259889132324,0.259889132324,0.0,True,1,2.5,0.944
2y42 NAD 900 C,NAD,NAD,0.328190839977,0.328190839977,0.0,True,1,2.5,0.953
2y42 NAD 900 B,NAD,NAD,0.685257728464,0.685257728464,0.0,True,1,2.5,0.964
2y3z TRS 1351 A,GOL,TRS,0.551524786939,0.0120423414563,0.539482445483,False,9,1.79999995232,0.803
2y3s FAD 600 B,FAD,FAD,0.969547590087,0.969547590087,0.0,True,1,1.70000004768,0.969
2y3r FAD 600 D,FAD,FAD,0.989787262012,0.989787262012,0.0,True,1,1.79999995232,0.983
2y3r FAD 600 C,FAD,FAD,0.988407703831,0.988407703831,0.0,True,1,1.79999995232,0.984
2y3r FAD 600 B,FAD,FAD,0.984072484794,0.984072484794,0.0,True,1,1.79999995232,0.983
2y3r FAD 600 A,FAD,FAD,0.97460660057,0.97460660057,0.0,True,1,1.79999995232,0.983
2y3c CME 318 A,SEP,CME,0.903959662919,0.0348469703479,0.869112692571,False,2,1.39999997616,0.963
2y38 PO4 8001 A,SO4,PO4,0.39046578518,0.274975972763,0.115489812417,False,2,2.90000009537,0.959
2y2x C8E 1405 A,EDO,C8E,0.267934181761,0.0683956702122,0.199538511549,False,4,1.60000002384,0.678
2y2x C8E 1404 B,GOL,C8E,0.407051156774,0.127758933668,0.279292223106,False,2,1.60000002384,0.707
2y2x C8E 1402 B,C8E,C8E,0.848358719669,0.848358719669,0.0,True,1,1.60000002384,0.772
2y2x C8E 1401 B,C8E,C8E,0.308644992591,0.308644992591,0.0,True,1,1.60000002384,0.766
2y2x C8E 1398 B,C8E,C8E,0.632300165395,0.632300165395,0.0,True,1,1.60000002384,0.761
2y2x C8E 1396 B,C8E,C8E,0.511179674362,0.511179674362,0.0,True,1,1.60000002384,0.84
2y2x C8E 1396 A,PEG,C8E,0.237502245132,0.18913686834,0.0483653767922,False,2,1.60000002384,0.842
2y1o KCX 198 A,KCX,KCX,0.925324009849,0.925324009849,0.0,True,1,1.5,0.977
2y1f NDP 1392 B,FLC,NDP,0.205489248395,0.029921519958,0.175567728437,False,5,2.0,0.693
2y1f NDP 1391 A,SO4,NDP,0.752478810815,0.000237385040039,0.752241425775,False,155,2.0,0.829
2y0s F3S 1001 S,HEM,F3S,0.237417098029,0.0302211836622,0.207195914367,False,6,3.79999995232,0.865
2y0s F3S 1001 D,F3S,F3S,0.190402489219,0.190402489219,0.0,True,1,3.79999995232,0.834
2y0p ACO 2228 D,COA,ACO,0.42631665551,0.0269838381309,0.399332817379,False,5,2.40000009537,0.959
2y0p ACO 2228 C,COA,ACO,0.282695339526,0.0247381595585,0.257957179967,False,5,2.40000009537,0.957
2y0p ACO 2228 B,COA,ACO,0.326579970521,0.0145217921831,0.312058178338,False,8,2.40000009537,0.956
2y0p ACO 2228 A,COA,ACO,0.294930006498,0.154806818546,0.140123187953,False,2,2.40000009537,0.954
2y0m ACO 1450 A,COA,ACO,0.380207202615,0.0579315655564,0.322275637059,False,4,2.70000004768,0.972
2y0h C8E 1402 A,C8E,C8E,0.256057235412,0.256057235412,0.0,True,1,2.09999990463,0.861
2y0b MPD 1175 A,PG4,MPD,0.0809850861471,0.000953855818947,0.0800312303282,False,170,2.09999990463,0.852
2y08 FAD 600 B,FAD,FAD,0.924548296885,0.924548296885,0.0,True,1,1.70000004768,0.982
2y08 FAD 600 A,FAD,FAD,0.99307066554,0.99307066554,0.0,True,1,1.70000004768,0.982
2y05 NAP 701 D,NAP,NAP,0.493302499603,0.493302499603,0.0,True,1,2.20000004768,0.979
2y05 NAP 701 C,NAP,NAP,0.793382961602,0.793382961602,0.0,True,1,2.20000004768,0.984
2y05 NAP 701 B,NAP,NAP,0.608867471713,0.608867471713,0.0,True,1,2.20000004768,0.983
2xzd MPD 1278 B,GOL,MPD,0.310246861221,0.00584205014858,0.304404811073,False,13,2.09999990463,0.934
2xz5 MPD 1215 B,DMS,MPD,0.581430848323,0.00145715496693,0.579973693356,False,17,2.79999995232,0.898
2xz5 MPD 1215 A,SO4,MPD,0.360321565392,0.0338282874235,0.326493277968,False,5,2.79999995232,0.904
2xz5 MPD 1214 D,SO4,MPD,0.404761188723,0.000652446173441,0.404108742549,False,70,2.79999995232,0.786
2xyo FAD 1384 D,FAD,FAD,0.981436855481,0.981436855481,0.0,True,1,3.0,0.967
2xyo FAD 1384 C,FAD,FAD,0.205912735563,0.205912735563,0.0,True,1,3.0,0.951
2xyo FAD 1384 B,FAD,FAD,0.996674252184,0.996674252184,0.0,True,1,3.0,0.957
2xyo FAD 1384 A,FAD,FAD,0.997882901569,0.997882901569,0.0,True,1,3.0,0.949
2xyk HEM 701 B,HEM,HEM,0.965837939156,0.965837939156,0.0,True,1,2.09999990463,0.975
2xyk HEM 700 A,HEM,HEM,0.43770511503,0.43770511503,0.0,True,1,2.09999990463,0.977
2xyd NAG 1612 B,NAG,FUC_NAG,0.850375830035,0.00557841920511,0.84479741083,False,4,2.09999990463,0.876
2xyb ACT 602 A,ACT_ZN,ACT_ZN,0.991081801856,0.991081801856,0.0,True,1,1.79999995232,0.949
2xy9 NAG 1629 A,FUC_NAG,FUC_NAG,0.835226736517,0.835226736517,0.0,True,1,2.0,0.864
2xxj NAD 1312 D,NAD,NAD,0.963434354165,0.963434354165,0.0,True,1,2.0,0.972
2xxj NAD 1311 B,NAD,NAD,0.719572227361,0.719572227361,0.0,True,1,2.0,0.965
2xx3 ADP 302 A,SAM,ADP,0.336933000378,0.0803749528461,0.256558047532,False,3,2.0,0.963
2xwd MAN 1500 A,EDO,MAN,0.498299664327,0.00112755913474,0.497172105192,False,38,2.70000004768,0.693
2xw7 NDP 1173 B,NAP,NDP,0.380657434763,0.0184620828728,0.36219535189,False,6,2.0,0.962
2xw7 NDP 1173 A,NAP,NDP,0.726389909755,0.0807189249489,0.645670984807,False,2,2.0,0.966
2xvj FAD 1448 C,FAD,FAD,0.99687852889,0.99687852889,0.0,True,1,2.5,0.977
2xvj FAD 1448 A,FAD,FAD,0.995026364275,0.995026364275,0.0,True,1,2.5,0.972
2xvj FAD 1447 B,FAD,FAD,0.954134319393,0.954134319393,0.0,True,1,2.5,0.976
2xvi FAD 1448 C,FAD,FAD,0.784047703851,0.784047703851,0.0,True,1,2.5,0.963
2xvi FAD 1448 B,FAD,FAD,0.970598851476,0.970598851476,0.0,True,1,2.5,0.977
2xvi FAD 1448 A,FAD,FAD,0.992165535991,0.992165535991,0.0,True,1,2.5,0.968
2xvh NAP 1450 C,NAD,NAP,0.25974943088,0.0797481991102,0.18000123177,False,3,2.5,0.912
2xvh NAP 1449 B,NAP,NAP,0.901170623663,0.901170623663,0.0,True,1,2.5,0.968
2xvh NAP 1449 A,NAD,NAP,0.219093236696,0.017529801461,0.201563435235,False,7,2.5,0.956
2xvh FAD 1448 C,FAD,FAD,0.869078772177,0.869078772177,0.0,True,1,2.5,0.971
2xvh FAD 1448 A,FAD,FAD,0.991299877563,0.991299877563,0.0,True,1,2.5,0.978
2xvh FAD 1447 B,FAD,FAD,0.983771363227,0.983771363227,0.0,True,1,2.5,0.983
2xvf FAD 1448 C,FAD,FAD,0.984708184244,0.984708184244,0.0,True,1,2.40000009537,0.957
2xvf FAD 1448 A,FAD,FAD,0.968479189475,0.968479189475,0.0,True,1,2.40000009537,0.977
2xvf FAD 1446 B,FAD,FAD,0.937913487971,0.937913487971,0.0,True,1,2.40000009537,0.981
2xve FAD 465 C,FAD,FAD,0.9884064217,0.9884064217,0.0,True,1,2.0,0.951
2xve FAD 465 B,FAD,FAD,0.974916573632,0.974916573632,0.0,True,1,2.0,0.975
2xvb MPD 1479 A,MPD,MPD,0.424924361963,0.424924361963,0.0,True,1,1.60000002384,0.918
2xvb MPD 1468 A,GOL,MPD,0.335650986427,0.096413805183,0.239237181244,False,2,1.60000002384,0.956
2xv7 MAN 404 A,BCR,MAN,0.222243293715,0.0701096982946,0.152133595421,False,5,2.90000009537,0.76
2xuw MPD 1471 A,DMS,MPD,0.23060189631,0.0282800722569,0.202321824053,False,5,1.70000004768,0.916
2xuw MPD 1470 A,EDO,MPD,0.70752010866,0.00540691322732,0.702113195432,False,12,1.70000004768,0.904
2xuw MPD 1465 A,MPD,MPD,0.274919386359,0.274919386359,0.0,True,1,1.70000004768,0.904
2xuw MPD 1463 A,ACT,MPD,0.858740607751,0.000204863400726,0.85853574435,False,95,1.70000004768,0.919
2xu9 MPD 1466 A,GOL,MPD,0.279835208131,0.148162388057,0.131672820075,False,2,1.5,0.923
2xu2 CIT 1249 A,CIT,CIT,0.239157575952,0.239157575952,0.0,True,1,2.29999995232,0.838
2xtz CSS 163 C,SO4,CSS,0.361899812284,0.000731255174477,0.361168557109,False,155,2.29999995232,0.835
2xtz CSS 163 B,GOL,CSS,0.236299954375,0.00256390861612,0.233736045758,False,52,2.29999995232,0.891
2xtz CSS 163 A,CSO,CSS,0.3356061214,0.00352005908882,0.332086062312,False,13,2.29999995232,0.946
2xtz CSS 152 A,CSO,CSS,0.495325902239,0.00151778546883,0.49380811677,False,19,2.29999995232,0.901
2xto GDP 1256 A,GDP_MG,GDP_MG,0.591335873644,0.591335873644,0.0,True,1,2.79999995232,0.971
2xto GDP 1254 B,GDP_MG,GDP_MG,0.275704753297,0.275704753297,0.0,True,1,2.79999995232,0.971
2xtm GDP 1228 A,GDP_MG,GDP_MG,0.790930798722,0.790930798722,0.0,True,1,1.70000004768,0.99
2xtm GDP 1227 B,GDP_MG,GDP_MG,0.892691000867,0.892691000867,0.0,True,1,1.70000004768,0.91
2xta ACO 2004 D,BOG,ACO,0.0889661356522,0.00168110981483,0.0872850258374,False,151,2.20000004768,0.869
2xta ACO 2004 C,COA,ACO,0.296458278267,0.0128960466321,0.283562231635,False,8,2.20000004768,0.949
2xta ACO 2004 A,ATP,ACO,0.431584866824,0.00187376407685,0.429711102747,False,22,2.20000004768,0.919
2xso FES 900 W,SO4,FES,0.110440081065,0.106557735327,0.00388234573817,False,2,2.20000004768,0.911
2xso FES 900 U,FES,FES,0.974119071345,0.974119071345,0.0,True,1,2.20000004768,0.958
2xso FES 900 S,FES,FES,0.233927497161,0.233927497161,0.0,True,1,2.20000004768,0.925
2xso FES 900 Q,FES,FES,0.0766073329751,0.0766073329751,0.0,True,1,2.20000004768,0.976
2xso FES 900 O,FES,FES,0.974949801435,0.974949801435,0.0,True,1,2.20000004768,0.94
2xso FES 900 M,FES,FES,0.995091965667,0.995091965667,0.0,True,1,2.20000004768,0.981
2xso FES 900 K,FES,FES,0.9680638097,0.9680638097,0.0,True,1,2.20000004768,0.973
2xso FES 900 G,FES,FES,0.996703656421,0.996703656421,0.0,True,1,2.20000004768,0.966
2xso FES 900 A,FES,FES,0.992581617561,0.992581617561,0.0,True,1,2.20000004768,0.977
2xsh FES 901 E,FES,FES,0.993977254086,0.993977254086,0.0,True,1,2.29999995232,0.991
2xsh FES 900 K,FES,FES,0.994214923279,0.994214923279,0.0,True,1,2.29999995232,0.971
2xsh FES 900 I,FES,FES,0.996744220414,0.996744220414,0.0,True,1,2.29999995232,0.974
2xsh FES 900 G,FES,FES,0.975375336296,0.975375336296,0.0,True,1,2.29999995232,0.983
2xsh FES 900 C,FES,FES,0.997319978514,0.997319978514,0.0,True,1,2.29999995232,0.994
2xsh FES 900 A,FES,FES,0.974370670683,0.974370670683,0.0,True,1,2.29999995232,0.989
2xs3 TRS 1305 B,GOL,TRS,0.239612676923,0.0119418755685,0.227670801354,False,11,2.40000009537,0.864
2xrz FAD 998 B,FAD,FAD,0.854313177955,0.854313177955,0.0,True,1,2.20000004768,0.961
2xrz FAD 998 A,FAD,FAD,0.954797696859,0.954797696859,0.0,True,1,2.20000004768,0.975
2xry FAD 1463 A,FAD,FAD,0.956747089864,0.956747089864,0.0,True,1,1.5,0.987
2xrx FES 1460 W,FES,FES,0.995275912263,0.995275912263,0.0,True,1,2.40000009537,0.907
2xrx FES 1460 U,FES,FES,0.993504801209,0.993504801209,0.0,True,1,2.40000009537,0.968
2xrx FES 1460 S,FES,FES,0.598984752481,0.598984752481,0.0,True,1,2.40000009537,0.905
2xrx FES 1460 Q,FES,FES,0.995420010661,0.995420010661,0.0,True,1,2.40000009537,0.945
2xrx FES 1460 O,FES,FES,0.997615589899,0.997615589899,0.0,True,1,2.40000009537,0.948
2xrx FES 1460 M,FES,FES,0.998210386795,0.998210386795,0.0,True,1,2.40000009537,0.954
2xrx FES 1460 K,FES,FES,0.997840362238,0.997840362238,0.0,True,1,2.40000009537,0.959
2xrx FES 1460 I,FES,FES,0.995288146888,0.995288146888,0.0,True,1,2.40000009537,0.915
2xrx FES 1460 G,FES,FES,0.988013106335,0.988013106335,0.0,True,1,2.40000009537,0.96
2xrx FES 1460 E,FES,FES,0.994204406505,0.994204406505,0.0,True,1,2.40000009537,0.895
2xrx FES 1460 C,FES,FES,0.997098320322,0.997098320322,0.0,True,1,2.40000009537,0.961
2xrx FES 1460 A,FES,FES,0.986475528927,0.986475528927,0.0,True,1,2.40000009537,0.929
2xrs GAL 208 N,NAG,GAL,0.249562475611,0.013543696108,0.236018779503,False,14,1.79999995232,0.865
2xrs GAL 208 M,BGC,GAL,0.18003094851,0.0359497973165,0.144081151194,False,4,1.79999995232,0.974
2xrs GAL 208 L,GAL,GAL,0.33995976359,0.33995976359,0.0,True,1,1.79999995232,0.929
2xrs GAL 208 H,NAG,GAL,0.397834745904,0.0268030419117,0.371031703993,False,7,1.79999995232,0.962
2xrs GAL 208 G,FMN,GAL,0.340615507605,0.0193147452938,0.321300762311,False,8,1.79999995232,0.952
2xrs GAL 208 F,FMN,GAL,0.709362495678,0.00243721613329,0.706925279545,False,19,1.79999995232,0.921
2xrs GAL 208 E,CYC,GAL,0.165561525173,0.0450670502404,0.120494474933,False,4,1.79999995232,0.975
2xrs GAL 208 D,GAL,GAL,0.274383559682,0.274383559682,0.0,True,1,1.79999995232,0.954
2xrq NGA 1105 F,NAG,GAL,0.33037598735,0.017764049228,0.312611938122,False,5,2.40000009537,0.938
2xrq GAL 1106 H,NAG,GAL,0.550611211984,0.0148769112648,0.535734300719,False,5,2.40000009537,0.907
2xrq GAL 1104 H,GOL,GAL,0.682795057111,0.00260789980371,0.680187157307,False,22,2.40000009537,0.92
2xr8 FES 900 W,FES,FES,0.993800305839,0.993800305839,0.0,True,1,2.5,0.97
2xr8 FES 900 U,FES,FES,0.709568131109,0.709568131109,0.0,True,1,2.5,0.939
2xr8 FES 900 S,FES,FES,0.985739684892,0.985739684892,0.0,True,1,2.5,0.923
2xr8 FES 900 Q,FES,FES,0.966158358148,0.966158358148,0.0,True,1,2.5,0.965
2xr8 FES 900 M,FES,FES,0.959603487505,0.959603487505,0.0,True,1,2.5,0.969
2xr8 FES 900 K,FES,FES,0.552214720819,0.552214720819,0.0,True,1,2.5,0.967
2xr8 FES 900 I,FES,FES,0.996121296306,0.996121296306,0.0,True,1,2.5,0.908
2xr8 FES 900 G,FES,FES,0.548659517509,0.548659517509,0.0,True,1,2.5,0.964
2xr8 FES 900 E,FES,FES,0.90785338012,0.90785338012,0.0,True,1,2.5,0.926
2xr8 FES 900 C,FES,FES,0.997102375623,0.997102375623,0.0,True,1,2.5,0.969
2xr8 FES 900 A,FES,FES,0.970572611152,0.970572611152,0.0,True,1,2.5,0.92
2xr6 MAN 1385 A,SAM,MAN,0.327200785924,0.205380293371,0.121820492553,False,2,1.39999997616,0.97
2xr5 MAN 1384 A,MAN,MAN,0.388189657436,0.388189657436,0.0,True,1,1.39999997616,0.954
2xq1 HEM 1503 P,HEM,HEM,0.97164922782,0.97164922782,0.0,True,1,2.90000009537,0.973
2xq1 HEM 1503 O,HEM,HEM,0.774561600343,0.774561600343,0.0,True,1,2.90000009537,0.962
2xq1 HEM 1503 N,HEM,HEM,0.932871238509,0.932871238509,0.0,True,1,2.90000009537,0.963
2xq1 HEM 1503 M,HEM,HEM,0.629768859546,0.629768859546,0.0,True,1,2.90000009537,0.969
2xq1 HEM 1503 L,HEM,HEM,0.961139277325,0.961139277325,0.0,True,1,2.90000009537,0.974
2xq1 HEM 1503 K,HEM,HEM,0.518469027014,0.518469027014,0.0,True,1,2.90000009537,0.966
2xq1 HEM 1503 J,HEM,HEM,0.939929066679,0.939929066679,0.0,True,1,2.90000009537,0.966
2xq1 HEM 1503 I,HEM,HEM,0.4760436413,0.4760436413,0.0,True,1,2.90000009537,0.966
2xq1 HEM 1503 H,HEM,HEM,0.744173254387,0.744173254387,0.0,True,1,2.90000009537,0.965
2xq1 HEM 1503 G,HEM,HEM,0.944679040348,0.944679040348,0.0,True,1,2.90000009537,0.973
2xq1 HEM 1503 F,HEM,HEM,0.960102023925,0.960102023925,0.0,True,1,2.90000009537,0.977
2xq1 HEM 1503 E,HEM,HEM,0.740767420573,0.740767420573,0.0,True,1,2.90000009537,0.967
2xq1 HEM 1503 D,HEM,HEM,0.955497686181,0.955497686181,0.0,True,1,2.90000009537,0.969
2xq1 HEM 1503 C,HEM,HEM,0.798908890011,0.798908890011,0.0,True,1,2.90000009537,0.97
2xq1 HEM 1503 B,HEM,HEM,0.91017883041,0.91017883041,0.0,True,1,2.90000009537,0.964
2xpy GSH 1674 A,FMN,GSH,0.29449898881,0.0307653170725,0.263733671738,False,6,2.70000004768,0.966
2xpc KCX 198 A,KCX,KCX,0.953675817218,0.953675817218,0.0,True,1,1.5,0.98
2xok ANP 600 B,ATP_MG,ANP_MG,0.176041077336,0.0336409105782,0.142400166758,False,8,3.0,0.935
2xoe FMN 1119 A,FMN,FMN,0.938805496416,0.938805496416,0.0,True,1,1.29999995232,0.987
2xod FMN 1119 A,FMN,FMN,0.533590529527,0.533590529527,0.0,True,1,1.0,0.995
2xoc ADP 1665 A,NAG,ADP,0.812019973969,0.00486412864654,0.807155845323,False,12,1.89999997616,0.858
2xo1 NCO 1084 A,NCO,NCO,0.978937400007,0.978937400007,0.0,True,1,1.60000002384,0.993
2xo1 NCO 1083 A,NCO,NCO,0.963505278219,0.963505278219,0.0,True,1,1.60000002384,0.988
2xo1 NCO 1082 A,NCO,NCO,0.945849200229,0.945849200229,0.0,True,1,1.60000002384,0.99
2xo0 NCO 1086 A,SO4,NCO,0.158074775732,0.0160834265677,0.141991349165,False,8,1.70000004768,0.946
2xo0 NCO 1085 A,NCO,NCO,0.496795352857,0.496795352857,0.0,True,1,1.70000004768,0.995
2xo0 NCO 1084 A,NCO,NCO,0.976147104908,0.976147104908,0.0,True,1,1.70000004768,0.988
2xnz NCO 1083 A,NCO,NCO,0.913168018471,0.913168018471,0.0,True,1,1.60000002384,0.994
2xnz NCO 1082 A,NCO,NCO,0.986164917812,0.986164917812,0.0,True,1,1.60000002384,0.991
2xnz NCO 1081 A,NCO,NCO,0.863848083636,0.863848083636,0.0,True,1,1.60000002384,0.985
2xnw NCO 1086 A,NCO,NCO,0.636882030257,0.636882030257,0.0,True,1,1.5,0.984
2xnw NCO 1082 A,NCO,NCO,0.891109325909,0.891109325909,0.0,True,1,1.5,0.993
2xnw NCO 1081 A,NCO,NCO,0.848905333195,0.848905333195,0.0,True,1,1.5,0.989
2xnj TRS 1259 A,GOL,TRS,0.423963826668,0.0360552968109,0.387908529857,False,5,1.89999997616,0.858
2xnj NAP 1258 A,MPD,NAP,0.568403425386,0.00075226778262,0.567651157604,False,69,1.89999997616,0.88
2xnj FAD 1257 B,FAD,FAD,0.888626803485,0.888626803485,0.0,True,1,1.89999997616,0.97
2xnj FAD 1257 A,FAD,FAD,0.983156577552,0.983156577552,0.0,True,1,1.89999997616,0.973
2xnd ANP 600 B,ATP,ANP_MG,0.659312205949,0.00893992863486,0.650372277314,False,8,3.5,0.896
2xnd ANP 600 A,ANP,ANP_MG,0.537545172261,0.0829428293321,0.454602342929,False,2,3.5,0.946
2xnc FAD 1301 B,FAD,FAD,0.43624067181,0.43624067181,0.0,True,1,2.90000009537,0.886
2xnc FAD 1301 A,FAD,FAD,0.825769895515,0.825769895515,0.0,True,1,2.90000009537,0.923
2xn8 HEM 1434 A,HEM,HEM,0.980515573856,0.980515573856,0.0,True,1,1.60000002384,0.99
2xn1 TRS 1733 D,TRS,TRS,0.652065658624,0.652065658624,0.0,True,1,2.29999995232,0.952
2xn1 TRS 1733 C,GOL,TRS,0.50715017954,0.386828972472,0.120321207068,False,2,2.29999995232,0.934
2xn1 TRS 1733 B,GOL,TRS,0.494580297821,0.299424700099,0.195155597722,False,2,2.29999995232,0.937
2xn1 TRS 1733 A,GOL,TRS,0.722322625457,0.158577043911,0.563745581546,False,2,2.29999995232,0.939
2xmd FUC 1565 A,NAG,FUC,0.937650526478,0.000457815471013,0.937192711007,False,26,2.29999995232,0.793
2xmc NAG 1557 A,C8E,FUC_NAG,0.181001386163,0.00178754493636,0.179213841226,False,51,2.40000009537,0.865
2xlu FAD 500 D,FAD,FAD,0.988127924777,0.988127924777,0.0,True,1,2.59999990463,0.976
2xlu FAD 500 C,FAD,FAD,0.975311252017,0.975311252017,0.0,True,1,2.59999990463,0.976
2xlu FAD 500 B,FAD,FAD,0.967715829258,0.967715829258,0.0,True,1,2.59999990463,0.973
2xlu FAD 500 A,FAD,FAD,0.988982627641,0.988982627641,0.0,True,1,2.59999990463,0.977
2xlt FAD 500 D,FAD,FAD,0.963124573655,0.963124573655,0.0,True,1,2.20000004768,0.984
2xlt FAD 500 C,FAD,FAD,0.977156945384,0.977156945384,0.0,True,1,2.20000004768,0.979
2xlt FAD 500 B,FAD,FAD,0.995114204516,0.995114204516,0.0,True,1,2.20000004768,0.983
2xlt FAD 500 A,FAD,FAD,0.982195696028,0.982195696028,0.0,True,1,2.20000004768,0.985
2xls NAP 501 D,NAP,NAP,0.50701529901,0.50701529901,0.0,True,1,3.0,0.974
2xls NAP 501 C,NAP,NAP,0.560341609893,0.560341609893,0.0,True,1,3.0,0.971
2xls NAP 501 B,NDP,NAP,0.44027147956,0.0891881361452,0.351083343414,False,2,3.0,0.98
2xls NAP 501 A,NAP,NAP,0.44747501182,0.44747501182,0.0,True,1,3.0,0.973
2xls FAD 500 D,FAD,FAD,0.976117909375,0.976117909375,0.0,True,1,3.0,0.981
2xls FAD 500 C,FAD,FAD,0.96106270201,0.96106270201,0.0,True,1,3.0,0.986
2xls FAD 500 B,FAD,FAD,0.984553193048,0.984553193048,0.0,True,1,3.0,0.985
2xls FAD 500 A,FAD,FAD,0.996136227973,0.996136227973,0.0,True,1,3.0,0.984
2xlr NAP 501 D,NAP,NAP,0.45566255791,0.45566255791,0.0,True,1,2.59999990463,0.96
2xlr NAP 501 C,NAP,NAP,0.890240209046,0.890240209046,0.0,True,1,2.59999990463,0.974
2xlr NAP 501 B,NAP,NAP,0.443159021062,0.443159021062,0.0,True,1,2.59999990463,0.963
2xlr NAP 501 A,NDP,NAP,0.479978726879,0.415394065953,0.0645846609261,False,2,2.59999990463,0.942
2xlr FAD 500 D,FAD,FAD,0.996461065204,0.996461065204,0.0,True,1,2.59999990463,0.975
2xlr FAD 500 C,FAD,FAD,0.982492561951,0.982492561951,0.0,True,1,2.59999990463,0.986
2xlr FAD 500 B,FAD,FAD,0.965768978326,0.965768978326,0.0,True,1,2.59999990463,0.986
2xlr FAD 500 A,FAD,FAD,0.988614395887,0.988614395887,0.0,True,1,2.59999990463,0.977
2xlp NAP 501 D,NAP,NAP,0.547270764004,0.547270764004,0.0,True,1,2.79999995232,0.96
2xlp NAP 501 C,NAP,NAP,0.717190740848,0.717190740848,0.0,True,1,2.79999995232,0.96
2xlp NAP 501 B,NAP,NAP,0.84658042377,0.84658042377,0.0,True,1,2.79999995232,0.942
2xlp NAP 501 A,NAP,NAP,0.980310924558,0.980310924558,0.0,True,1,2.79999995232,0.94
2xlp FAD 500 D,FAD,FAD,0.986726752467,0.986726752467,0.0,True,1,2.79999995232,0.983
2xlp FAD 500 C,FAD,FAD,0.951323480102,0.951323480102,0.0,True,1,2.79999995232,0.983
2xlp FAD 500 B,FAD,FAD,0.994715567921,0.994715567921,0.0,True,1,2.79999995232,0.982
2xlp FAD 500 A,FAD,FAD,0.99150019333,0.99150019333,0.0,True,1,2.79999995232,0.988
2xki HEM 1110 A,HEM,HEM,0.956343627842,0.956343627842,0.0,True,1,1.29999995232,0.988
2xkh HEM 1110 A,HEM,HEM,0.910111504482,0.910111504482,0.0,True,1,2.29999995232,0.951
2xkg HEM 144 A,HEM,HEM,0.890345720544,0.890345720544,0.0,True,1,1.60000002384,0.984
2xkb GDP 900 I,ADP_MG,GDP_MG,0.51436054335,0.0982983403068,0.416062203043,False,2,3.0,0.967
2xkb GDP 900 G,GDP,GDP_MG,0.347939953522,0.0931927354467,0.254747218075,False,3,3.0,0.968
2xkb GDP 900 A,ADP_MG,GDP_MG,0.329436988634,0.00693133159266,0.322505657041,False,10,3.0,0.973
2xjv BGC 1277 A,EDO,BGC,0.248979802537,0.030086792471,0.218893010066,False,6,1.70000004768,0.724
2xju MAN 1279 A,MAN,MAN,0.368685512311,0.368685512311,0.0,True,1,1.70000004768,0.864
2xju MAN 1278 A,GOL,MAN,0.98755026974,5.4292610725e-05,0.987495977129,False,25,1.70000004768,0.909
2xjs MAN 1277 A,FUC,MAN,0.138597208779,0.0187814874262,0.119815721353,False,13,1.20000004768,0.942
2xja KCX 262 D,MLY,KCX,0.749070728046,0.00786517456676,0.741205553479,False,7,3.0,0.97
2xja KCX 262 C,SO4,KCX,0.270167687226,0.0122853003589,0.257882386867,False,12,3.0,0.978
2xja KCX 262 B,MLY,KCX,0.326452293601,0.268610433039,0.057841860562,False,2,3.0,0.984
2xja KCX 262 A,ALY,KCX,0.216877732168,0.0415785934426,0.175299138725,False,6,3.0,0.972
2xj8 MPD 1001 A,GOL,MPD,0.278608046014,0.0227648747955,0.255843171218,False,6,1.70000004768,0.862
2xj8 HEM 1295 A,HEM,HEM,0.993476281278,0.993476281278,0.0,True,1,1.70000004768,0.951
2xj6 HEM 1001 A,HEM,HEM,0.984318239088,0.984318239088,0.0,True,1,1.70000004768,0.983
2xj5 MPD 1302 A,GOL,MPD,0.591616625079,0.00163133882339,0.589985286256,False,25,1.70000004768,0.948
2xj5 HEM 1295 A,HEM,HEM,0.988498603272,0.988498603272,0.0,True,1,1.70000004768,0.966
2xil MPD 1295 A,GOL,MPD,0.665100383708,0.000393433388801,0.664706950319,False,47,1.70000004768,0.953
2xil HEM 1301 A,HEM,HEM,0.983741717835,0.983741717835,0.0,True,1,1.70000004768,0.976
2xif HEM 1251 A,HEM,HEM,0.98496729659,0.98496729659,0.0,True,1,1.60000002384,0.971
2xi6 HEM 288 A,HEM,HEM,0.947749185463,0.947749185463,0.0,True,1,1.70000004768,0.98
2xhi 8OG 23 C,MN_UDP,8OG,0.322720274036,0.112885003785,0.209835270251,False,2,1.60000002384,0.982
2xgj ADP 2074 B,ADP,ADP,0.500781908709,0.500781908709,0.0,True,1,2.90000009537,0.96
2xgj ADP 2074 A,ADP,ADP,0.523535118314,0.523535118314,0.0,True,1,2.90000009537,0.961
2xfp FAD 600 B,FAD,FAD,0.916200367283,0.916200367283,0.0,True,1,1.70000004768,0.987
2xfp FAD 600 A,FAD,FAD,0.926045094178,0.926045094178,0.0,True,1,1.70000004768,0.982
2xfn FAD 1500 B,FAD,FAD,0.913583256532,0.913583256532,0.0,True,1,1.60000002384,0.984
2xfn FAD 1500 A,FAD,FAD,0.937531634064,0.937531634064,0.0,True,1,1.60000002384,0.981
2xeu SUC 1067 A,NAG,SUC,0.396631200484,0.0575801064929,0.339051093991,False,3,1.5,0.854
2xec TRS 300 D,GOL,TRS,0.307615079627,0.0182551690787,0.289359910548,False,9,2.09999990463,0.756
2xec TRS 300 A,MLY,TRS,0.18982172061,0.00674956491288,0.183072155697,False,18,2.09999990463,0.636
2xe7 ADP 1418 A,SAH,ADP,0.219394358931,0.0665495272147,0.152844831717,False,3,2.20000004768,0.919
2xe5 C8E 1344 D,EDO,C8E,0.393144992416,0.00937536794265,0.383769624474,False,9,2.29999995232,0.897
2xe5 C8E 1344 A,MYR,C8E,0.272208857488,0.0356860773997,0.236522780088,False,7,2.29999995232,0.915
2xdr NDP 5502 D,NDP,NDP,0.117963649316,0.117963649316,0.0,True,1,2.29999995232,0.975
2xdr NDP 5502 C,NAG,NDP,0.0950382226455,0.00212359529137,0.0929146273541,False,89,2.29999995232,0.919
2xdr NDP 5502 B,GOL,NDP,0.463584297477,0.00102301205253,0.462561285425,False,117,2.29999995232,0.872
2xdr NDP 5502 A,SO4,NDP,0.290706737708,0.015428129232,0.275278608476,False,8,2.29999995232,0.916
2xdo FAD 389 D,ADP,FAD,0.408871686229,0.00293794708907,0.405933739139,False,28,2.09999990463,0.982
2xdo FAD 389 C,FAD,FAD,0.790240914321,0.790240914321,0.0,True,1,2.09999990463,0.984
2xdo FAD 389 B,GDP_MG,FAD,0.203304780179,0.0464848004677,0.156819979711,False,4,2.09999990463,0.988
2xdo FAD 389 A,FAD,FAD,0.957107673125,0.957107673125,0.0,True,1,2.09999990463,0.987
2xd4 ADP 461 A,H4B,ADP,0.702081436605,0.00914504037475,0.69293639623,False,5,2.70000004768,0.948
2xcu CIT 1356 A,CIT,CIT,0.559440479649,0.559440479649,0.0,True,1,2.40000009537,0.797
2xcu CIT 1355 A,FLC,CIT,0.255758706819,0.0355399386539,0.220218768165,False,3,2.40000009537,0.826
2xcu CIT 1354 D,CIT,CIT,0.809614105608,0.809614105608,0.0,True,1,2.40000009537,0.841
2xcu CIT 1354 B,FLC,CIT,0.184363241729,0.137579952682,0.0467832890468,False,3,2.40000009537,0.796
2xcu CIT 1353 C,CIT,CIT,0.627973135883,0.627973135883,0.0,True,1,2.40000009537,0.922
2xcl ANP 450 A,NAD,ANP_MG,0.250653700203,0.04314890043,0.207504799773,False,5,2.09999990463,0.939
2xc3 HEM 1433 A,HEM,HEM,0.823793957302,0.823793957302,0.0,True,1,1.5,0.99
2xbu 5GP 1220 B,H4B,5GP,0.465286683865,0.00480846482571,0.460478219039,False,17,1.79999995232,0.978
2xbu 5GP 1220 A,AMP,5GP,0.226395828679,0.0269540715248,0.199441757155,False,7,1.79999995232,0.977
2xbn PMP 1420 A,PLP,PMP,0.359046571797,0.140796788556,0.218249783242,False,3,1.39999997616,0.94
2xbk HEM 1398 A,HEM,HEM,0.870760880612,0.870760880612,0.0,True,1,2.0,0.99
2xb9 CIT 201 C,ANP_MG,CIT,0.111742321942,0.0146316937395,0.0971106282029,False,13,2.79999995232,0.929
2xb8 TRS 1152 A,EDO,TRS,0.503298926382,0.000498361294702,0.502800565087,False,188,2.40000009537,0.726
2xam ADP 600 A,AMP,ADP,0.284847995849,0.236076345845,0.0487716500045,False,2,2.20000004768,0.98
2xaa NAD 503 B,NAD,NAD,0.929011746122,0.929011746122,0.0,True,1,2.79999995232,0.975
2xaa NAD 503 A,NAI,NAD,0.384771061159,0.348175229232,0.0365958319271,False,2,2.79999995232,0.973
2x9v NAP 1269 D,NAP,NAP,0.933063423822,0.933063423822,0.0,True,1,1.29999995232,0.988
2x9v NAP 1269 C,NAP,NAP,0.822201596448,0.822201596448,0.0,True,1,1.29999995232,0.99
2x9v NAP 1269 B,NAP,NAP,0.932256800257,0.932256800257,0.0,True,1,1.29999995232,0.991
2x9v NAP 1269 A,NAP,NAP,0.923972045669,0.923972045669,0.0,True,1,1.29999995232,0.99
2x9p HEM 1398 A,HEM,HEM,0.900948662409,0.900948662409,0.0,True,1,2.09999990463,0.982
2x9o BLA 1234 A,BLA,BLA,0.228431587436,0.228431587436,0.0,True,1,1.5,0.914
2x9j BLA 1234 B,BLA,BLA,0.595168700186,0.595168700186,0.0,True,1,1.79999995232,0.951
2x9j BLA 1234 A,BLA,BLA,0.345960490075,0.345960490075,0.0,True,1,1.79999995232,0.948
2x9i BLA 1234 D,P6G,BLA,0.304241139288,0.0048597419593,0.299381397329,False,19,2.20000004768,0.945
2x9i BLA 1234 C,BLA,BLA,0.465246239139,0.465246239139,0.0,True,1,2.20000004768,0.944
2x9i BLA 1234 B,ATP,BLA,0.123784867835,0.0243754738123,0.099409394023,False,7,2.20000004768,0.935
2x9i BLA 1234 A,BOG,BLA,0.145724794377,0.00178280742821,0.143941986949,False,161,2.20000004768,0.947
2x99 NDP 1594 A,NDP,NDP,0.324571228699,0.324571228699,0.0,True,1,2.29999995232,0.867
2x99 GSH 1595 A,NAG,GSH,0.308232954172,0.0164812693496,0.291751684822,False,8,2.29999995232,0.856
2x99 FAD 1593 A,ADP,FAD,0.187819880663,0.0322306691683,0.155589211494,False,6,2.29999995232,0.948
2x97 MAN 1624 A,GOL,MAN,0.151275456588,0.00889464301924,0.142380813569,False,18,1.89999997616,0.935
2x8t TRS 1472 B,GOL,TRS,0.687287299652,0.211701825905,0.475585473746,False,2,1.79999995232,0.94
2x8s MPD 1483 B,SO4,MPD,0.401570633774,0.0918031163735,0.309767517401,False,2,1.39999997616,0.868
2x8h GSH 1595 A,GSH,GSH,0.519412678862,0.519412678862,0.0,True,1,1.89999997616,0.869
2x8h FAD 1594 A,FAD,FAD,0.946811011459,0.946811011459,0.0,True,1,1.89999997616,0.972
2x8g FAD 1594 A,FAD,FAD,0.785981761099,0.785981761099,0.0,True,1,1.89999997616,0.977
2x8f TRS 1471 B,TRS,TRS,0.817733883068,0.817733883068,0.0,True,1,1.89999997616,0.974
2x8c FAD 1599 B,NAD,FAD,0.406642998755,0.151329425137,0.255313573618,False,3,3.09999990463,0.951
2x8c FAD 1599 A,NDP,FAD,0.705216719231,0.226641045783,0.478575673448,False,2,3.09999990463,0.965
2x86 NAP 400 T,NDP,NAP,0.272542950657,0.124086750828,0.148456199829,False,3,2.79999995232,0.937
2x86 NAP 400 S,NAD,NAP,0.546295121417,0.0272853057385,0.519009815678,False,5,2.79999995232,0.939
2x86 NAP 400 R,NAP,NAP,0.941745881711,0.941745881711,0.0,True,1,2.79999995232,0.937
2x86 ADP 401 T,NAD,ADP,0.574747973105,0.00394310550156,0.570804867603,False,18,2.79999995232,0.901
2x86 ADP 401 R,NAD,ADP,0.269654755964,0.0678351013178,0.201819654646,False,3,2.79999995232,0.933
2x86 ADP 401 H,NAD,ADP,0.486324152051,0.00279014414366,0.483534007907,False,20,2.79999995232,0.932
2x86 ADP 401 G,NAD,ADP,0.150703231692,0.00297316785846,0.147730063833,False,48,2.79999995232,0.834
2x86 ADP 401 F,NAD,ADP,0.561261808315,0.0603010058694,0.500960802445,False,3,2.79999995232,0.89
2x86 ADP 401 A,NAD,ADP,0.733620775246,0.0774487715349,0.656172003711,False,2,2.79999995232,0.895
2x85 TRS 1714 A,TRS,TRS,0.90131052434,0.90131052434,0.0,True,1,1.5,0.934
2x80 HEM 1456 B,HEM,HEM,0.989429353864,0.989429353864,0.0,True,1,2.29999995232,0.98
2x7y HEM 1456 B,HEM,HEM,0.973304939206,0.973304939206,0.0,True,1,2.09999990463,0.987
2x7y HEM 1456 A,HEM,HEM,0.99173419716,0.99173419716,0.0,True,1,2.09999990463,0.98
2x7i CIT 1307 A,GSH,CIT,0.254684389337,0.0930602643767,0.161624124961,False,3,2.20000004768,0.916
2x7b COA 201 A,FAD,COA,0.107036573532,0.043032620572,0.0640039529599,False,8,2.0,0.953
2x77 GDP 188 B,GDP_MG,GDP_MG,0.57086188656,0.57086188656,0.0,True,1,2.09999990463,0.984
2x77 GDP 188 A,ADP_MG,GDP_MG,0.398156917396,0.103444904055,0.294712013341,False,3,2.09999990463,0.981
2x6y TRS 1718 A,TRS,TRS,0.957667944927,0.957667944927,0.0,True,1,1.39999997616,0.958
2x6x TRS 724 A,TRS,TRS,0.95975979518,0.95975979518,0.0,True,1,1.5,0.93
2x6w TRS 726 A,TRS,TRS,0.946749941221,0.946749941221,0.0,True,1,1.39999997616,0.96
2x6t ADP 1320 F,NAD,ADP,0.523334585543,0.0306152242804,0.492719361263,False,3,2.40000009537,0.911
2x6t ADP 1320 D,NAD,ADP,0.319103859212,0.0101502975102,0.308953561701,False,9,2.40000009537,0.924
2x65 MPD 1337 A,GOL,MPD,0.826936967891,0.00940530810345,0.817531659787,False,4,2.09999990463,0.898
2x64 GSH 1224 E,GOL,GSH,0.152030424673,0.0512834090184,0.100747015654,False,5,2.29999995232,0.852
2x64 GSH 1224 D,SO4,GSH,0.733261952213,0.00024128356666,0.733020668647,False,125,2.29999995232,0.853
2x64 GSH 1224 C,EDO,GSH,0.486161166508,0.000520969119321,0.485640197389,False,121,2.29999995232,0.883
2x64 GSH 1224 B,NAG,GSH,0.262039669035,0.0121806009003,0.249859068135,False,10,2.29999995232,0.932
2x64 GSH 1224 A,GOL,GSH,0.284947282962,0.00189628587279,0.283050997089,False,43,2.29999995232,0.818
2x5v HEM 1336 C,HEM,HEM,0.933041892679,0.933041892679,0.0,True,1,3.0,0.942
2x5v HEM 1335 C,HEM,HEM,0.500602251343,0.500602251343,0.0,True,1,3.0,0.962
2x5v HEM 1334 C,HYP,HEM,0.297072971539,0.0209737897772,0.276099181761,False,6,3.0,0.934
2x5v HEM 1333 C,CLA,HEM,0.537499296766,0.0248485351947,0.512650761571,False,6,3.0,0.947
2x5u HEM 1336 C,HEC,HEM,0.685423518368,0.302302195131,0.383121323237,False,2,3.0,0.965
2x5u HEM 1335 C,HEM,HEM,0.516672466463,0.516672466463,0.0,True,1,3.0,0.979
2x5u HEM 1334 C,HEM,HEM,0.993074817429,0.993074817429,0.0,True,1,3.0,0.963
2x5u HEM 1333 C,APR,HEM,0.180636965321,0.0452423968917,0.13539456843,False,5,3.0,0.955
2x5o KCX 198 A,KCX,KCX,0.973439685349,0.973439685349,0.0,True,1,1.5,0.972
2x5l HEM 1434 A,HEM,HEM,0.961612273306,0.961612273306,0.0,True,1,1.5,0.987
2x58 COA 760 B,NAG_NAG,COA,0.1394767586,0.133956328344,0.00552043025583,False,2,2.79999995232,0.914
2x58 COA 760 A,SO4,COA,0.0781734299406,0.00100536454934,0.0771680653913,False,194,2.79999995232,0.804
2x58 ADP 750 A,ANP_MG,ADP,0.118793489205,0.0927546380817,0.0260388511232,False,3,2.79999995232,0.918
2x56 C8E 295 A,C8E,C8E,0.348304954575,0.348304954575,0.0,True,1,2.29999995232,0.867
2x56 C8E 1307 A,GOL,C8E,0.238645364083,0.126484346873,0.112161017211,False,2,2.29999995232,0.742
2x56 C8E 1306 A,EDO,C8E,0.309606005352,0.00167379297862,0.307932212374,False,22,2.29999995232,0.797
2x4a CXS 1686 A,EPE,CXS,0.617914564653,0.00192513598255,0.61598942867,False,43,2.5,0.855
2x41 BGC 1726 A,BGC,BGC,0.539220454302,0.539220454302,0.0,True,1,2.0,0.977
2x3u FAD 1304 A,FAD,FAD,0.955391614516,0.955391614516,0.0,True,1,1.89999997616,0.964
2x3n FAD 1371 A,FAD,FAD,0.805003949935,0.805003949935,0.0,True,1,1.79999995232,0.969
2x2p FMN 1119 A,FMN,FMN,0.274318776093,0.274318776093,0.0,True,1,1.10000002384,0.992
2x2o FMN 1119 A,FMN,FMN,0.173132533899,0.173132533899,0.0,True,1,1.10000002384,0.992
2x23 NAD 1270 G,NAD,NAD,0.991979172518,0.991979172518,0.0,True,1,1.79999995232,0.988
2x23 NAD 1270 B,NAD,NAD,0.996690647891,0.996690647891,0.0,True,1,1.79999995232,0.99
2x23 NAD 1270 A,NAD,NAD,0.980454631461,0.980454631461,0.0,True,1,1.79999995232,0.992
2x22 NAD 1270 B,NAD,NAD,0.984083462323,0.984083462323,0.0,True,1,2.09999990463,0.98
2x22 NAD 1270 A,NAD,NAD,0.992194881413,0.992194881413,0.0,True,1,2.09999990463,0.979
2x1m CXS 602 A,NHE,CXS,0.157247225904,0.0033439384831,0.15390328742,False,45,2.79999995232,0.939
2x1l CXS 602 C,CXS,CXS,0.583407772151,0.583407772151,0.0,True,1,2.29999995232,0.885
2x1l CXS 602 B,EPE,CXS,0.416585373324,0.332741493788,0.0838438795355,False,2,2.29999995232,0.93
2x1l CXS 602 A,EPE,CXS,0.924714959497,0.0076811292518,0.917033830246,False,2,2.29999995232,0.874
2x0r NAD 608 B,NAD,NAD,0.849848411406,0.849848411406,0.0,True,1,2.90000009537,0.966
2x0r NAD 607 A,NAD,NAD,0.87472702268,0.87472702268,0.0,True,1,2.90000009537,0.968
2x0n NAD 361 R,GOL,NAD,0.175122433605,0.00342481269122,0.171697620913,False,36,3.20000004768,0.987
2x0n NAD 361 Q,C8E,NAD,0.118841935799,0.00794517794491,0.110896757854,False,23,3.20000004768,0.985
2x0n NAD 361 P,MPD,NAD,0.371876783389,0.00262956504463,0.369247218345,False,16,3.20000004768,0.979
2x0n NAD 361 O,MYR,NAD,0.0798814261572,0.00793745629704,0.0719439698602,False,21,3.20000004768,0.984
2x0n NAD 361 B,GOL,NAD,0.666090505247,0.0123885011558,0.653702004091,False,6,3.20000004768,0.985
2x0n NAD 361 A,C8E,NAD,0.231751054737,0.00369436825898,0.228056686478,False,30,3.20000004768,0.982
2x0l FAD 900 A,FAD,FAD,0.872908490883,0.872908490883,0.0,True,1,3.0,0.981
2x07 HEM 1295 A,HEM,HEM,0.956999583529,0.956999583529,0.0,True,1,1.89999997616,0.951
2x06 NAD 4008 H,NAD,NAD,0.798569563597,0.798569563597,0.0,True,1,2.5,0.959
2x06 NAD 4007 G,NAP,NAD,0.26617483662,0.245802494975,0.0203723416444,False,2,2.5,0.924
2x06 NAD 4006 F,NAP,NAD,0.469085243449,0.179177870584,0.289907372865,False,2,2.5,0.951
2x06 NAD 4005 E,FAD,NAD,0.301939444458,0.0521740651081,0.24976537935,False,3,2.5,0.964
2x06 NAD 4004 D,NAD,NAD,0.386283272736,0.386283272736,0.0,True,1,2.5,0.969
2x06 NAD 4003 C,NAD,NAD,0.522111393592,0.522111393592,0.0,True,1,2.5,0.964
2x06 NAD 4002 B,NAD,NAD,0.453585690735,0.453585690735,0.0,True,1,2.5,0.958
2x06 NAD 4001 A,FAD,NAD,0.36429589235,0.213308872277,0.150987020074,False,2,2.5,0.97
2x02 KCX 70 B,KCX,KCX,0.367371264255,0.367371264255,0.0,True,1,1.39999997616,0.956
2x02 KCX 70 A,KCX,KCX,0.91764144155,0.91764144155,0.0,True,1,1.39999997616,0.968
2wzw NDP 901 A,NAP,NDP,0.167951116923,0.00767508191969,0.160276035003,False,20,1.79999995232,0.832
2wzw FMN 801 B,FMN,FMN,0.992816631145,0.992816631145,0.0,True,1,1.79999995232,0.983
2wzw FMN 801 A,FMN,FMN,0.972129183748,0.972129183748,0.0,True,1,1.79999995232,0.973
2wzv FMN 801 B,FMN,FMN,0.988856237273,0.988856237273,0.0,True,1,1.79999995232,0.979
2wzv FMN 801 A,FMN,FMN,0.987519878379,0.987519878379,0.0,True,1,1.79999995232,0.976
2wzf UDP 1525 A,ADP_MG,MN_UDP,0.34696413093,0.0316953152362,0.315268815694,False,5,2.09999990463,0.957
2wzf BGC 1526 A,XYP,BGC,0.329032851889,0.328978778653,5.40732363367e-05,False,2,2.09999990463,0.958
2wyw NAD 1260 A,NAD,NAD,0.977607704767,0.977607704767,0.0,True,1,1.89999997616,0.979
2wyw NAD 1259 D,NAD,NAD,0.970644872158,0.970644872158,0.0,True,1,1.89999997616,0.97
2wyw NAD 1259 B,NAD,NAD,0.943851599986,0.943851599986,0.0,True,1,1.89999997616,0.977
2wyv NAD 1258 D,NAD,NAD,0.927351130512,0.927351130512,0.0,True,1,1.89999997616,0.957
2wyo GSH 1556 D,SAH,GSH,0.195571274862,0.0455693199622,0.1500019549,False,5,3.20000004768,0.956
2wyo GSH 1556 C,NAG,GSH,0.552717334361,0.00108737310538,0.551629961255,False,62,3.20000004768,0.728
2wyo GSH 1556 B,SO4,GSH,0.214541554476,0.00778725736691,0.206754297109,False,23,3.20000004768,0.935
2wyo GSH 1556 A,GOL,GSH,0.234266977995,0.00155120623867,0.232715771757,False,60,3.20000004768,0.923
2wyh TRS 903 B,GOL,TRS,0.527993523601,0.00785214446193,0.520141379139,False,9,1.89999997616,0.835
2wx5 LDA 1308 M,GOL,LDA,0.466358710607,0.0037129350607,0.462645775547,False,20,2.59999990463,0.786
2wx5 LDA 1306 M,GOL,LDA,0.410379626635,0.043276105595,0.36710352104,False,4,2.59999990463,0.804
2wwu BGC 1493 A,GOL,BGC,0.442642991932,0.00847722395629,0.434165767975,False,13,2.09999990463,0.734
2wwu BGC 1492 A,GOL,BGC,0.636421594075,0.0010896030789,0.635331990996,False,27,2.09999990463,0.715
2wwi ADP 212 C,ADP_MG,ADP,0.319050590398,0.046205388872,0.272845201526,False,3,3.0,0.932
2wwi ADP 212 B,ADP,ADP,0.147454318485,0.147454318485,0.0,True,1,3.0,0.919
2wwi ADP 212 A,ADP,ADP,0.374145020655,0.374145020655,0.0,True,1,3.0,0.975
2wwg ADP 212 C,UMP,ADP,0.43855674209,0.251994474447,0.186562267643,False,2,3.0,0.87
2wwg ADP 212 B,ADP,ADP,0.360293124066,0.360293124066,0.0,True,1,3.0,0.837
2wwg ADP 212 A,ADP_MG,ADP,0.330362061129,0.0071662151457,0.323195845983,False,10,3.0,0.909
2wwf ADP 212 C,ADP,ADP,0.607977254401,0.607977254401,0.0,True,1,1.89999997616,0.989
2wwf ADP 212 B,ADP,ADP,0.448465867776,0.448465867776,0.0,True,1,1.89999997616,0.987
2wwf ADP 212 A,ADP,ADP,0.483691457148,0.483691457148,0.0,True,1,1.89999997616,0.991
2ww6 DAL 10 C,EDO,DAL,0.608691153977,0.132862716108,0.475828437869,False,2,1.0,0.991
2ww5 CHT 704 A,GOL,CHT,0.496779234044,0.221447260278,0.275331973766,False,2,1.60000002384,0.912
2ww5 CHT 703 A,SO4,CHT,0.3575216595,0.0315706312267,0.325951028273,False,5,1.60000002384,0.923
2ww5 CHT 702 A,MPD,CHT,0.226322605102,0.0113351355092,0.214987469593,False,10,1.60000002384,0.903
2ww5 CHT 701 A,MPD,CHT,0.351486950859,0.170678180764,0.180808770095,False,2,1.60000002384,0.843
2wvv TRS 1709 C,TRS,TRS,0.633732121239,0.633732121239,0.0,True,1,1.70000004768,0.936
2wvv TRS 1709 B,TLA,TRS,0.548350380161,0.0807046757921,0.467645704369,False,2,1.70000004768,0.973
2wvv TRS 1473 A,GOL,TRS,0.545142668759,0.263462149209,0.28168051955,False,2,1.70000004768,0.803
2wve CIT 1148 A,NAG,CIT,0.204811532881,0.00832617861016,0.196485354271,False,21,2.29999995232,0.847
2wv8 FMN 398 A,FMN,FMN,0.997273494943,0.997273494943,0.0,True,1,1.89999997616,0.979
2wul GSH 300 C,ACT,GSH,0.257563584408,0.00125919815804,0.25630438625,False,53,2.40000009537,0.979
2wul GSH 300 B,GOL,GSH,0.122322632189,0.00936960049651,0.112953031692,False,17,2.40000009537,0.969
2wu5 HEM 305 K,HEM,HEM,0.967705835498,0.967705835498,0.0,True,1,2.79999995232,0.979
2wu5 HEM 305 G,HEM,HEM,0.973442891571,0.973442891571,0.0,True,1,2.79999995232,0.973
2wu5 HEM 305 C,HEM,HEM,0.796883986343,0.796883986343,0.0,True,1,2.79999995232,0.972
2wu5 FES 302 J,FES,FES,0.995265046054,0.995265046054,0.0,True,1,2.79999995232,0.976
2wu5 FES 302 F,FES,FES,0.997392161234,0.997392161234,0.0,True,1,2.79999995232,0.992
2wu5 FES 302 B,FES,FES,0.983328134507,0.983328134507,0.0,True,1,2.79999995232,0.991
2wu5 FAD 601 I,FAD,FAD,0.143479746951,0.143479746951,0.0,True,1,2.79999995232,0.951
2wu5 FAD 601 E,FAD,FAD,0.931346825185,0.931346825185,0.0,True,1,2.79999995232,0.965
2wu5 F3S 304 J,F3S,F3S,0.416975171043,0.416975171043,0.0,True,1,2.79999995232,0.988
2wu2 HEM 1130 K,HEC,HEM,0.650678446493,0.249818107269,0.400860339224,False,2,2.5,0.982
2wu2 HEM 1130 G,HEM,HEM,0.745917368195,0.745917368195,0.0,True,1,2.5,0.982
2wu2 HEM 1130 C,HEC,HEM,0.790433271328,0.189368167883,0.601065103445,False,2,2.5,0.98
2wu2 FES 302 J,FES,FES,0.99724861734,0.99724861734,0.0,True,1,2.5,0.983
2wu2 FES 302 F,FES,FES,0.996416961586,0.996416961586,0.0,True,1,2.5,0.982
2wu2 FES 302 B,FES,FES,0.993442499744,0.993442499744,0.0,True,1,2.5,0.994
2wu2 FAD 601 E,FAD,FAD,0.989873979672,0.989873979672,0.0,True,1,2.5,0.962
2wtz KCX 262 D,GOL,KCX,0.294067969621,0.00127082108226,0.292797148539,False,55,3.0,0.981
2wtz KCX 262 C,SO4,KCX,0.19859362956,0.0654531144696,0.13314051509,False,5,3.0,0.971
2wtz KCX 262 B,PTR,KCX,0.235519234933,0.0893232817709,0.146195953162,False,3,3.0,0.965
2wtz KCX 262 A,ALY,KCX,0.221752739137,0.123113960207,0.0986387789305,False,2,3.0,0.972
2wtu ADP 1801 A,ADP,ADP,0.61165402276,0.61165402276,0.0,True,1,3.40000009537,0.947
2wth HEM 160 B,HEM,HEM,0.978625519424,0.978625519424,0.0,True,1,2.79999995232,0.929
2wth HEM 160 A,HEM,HEM,0.654973716541,0.654973716541,0.0,True,1,2.79999995232,0.922
2wt2 GAL 1689 B,GOL,GAL,0.58192808253,0.00512188783029,0.5768061947,False,13,2.5,0.943
2wt2 GAL 1689 A,NAG,GAL,0.28461584284,0.0182882993479,0.266327543492,False,10,2.5,0.914
2wss ANP 600 K,ADP,ANP_MG,0.314674935536,0.0199342493568,0.29474068618,False,9,3.20000004768,0.95
2wss ANP 600 B,ADP_MG,ANP_MG,0.193810252331,0.0513293902437,0.142480862087,False,5,3.20000004768,0.94
2wss ADP 600 M,ANP,ADP,0.281348573682,0.0574627894444,0.223885784237,False,6,3.20000004768,0.922
2wss ADP 600 D,ANP,ADP,0.342275494931,0.0917329052858,0.250542589646,False,3,3.20000004768,0.947
2wsl NAG 1533 A,NAG,FUC_NAG,0.659841398102,0.0011529927194,0.658688405383,False,57,2.0,0.919
2wsl FUC 1540 A,NAG,FUC,0.695299483074,0.024166726703,0.671132756371,False,2,2.0,0.911
2wsl CSS 66 A,CME,CSS,0.554828082778,0.0333541831422,0.521473899635,False,4,2.0,0.97
2wsj IPA 1180 A,EDO,IPA,0.335635837181,0.0021884178222,0.333447419359,False,18,2.20000004768,0.952
2wsj IPA 1179 A,ACT,IPA,0.328780776693,0.00833018086055,0.320450595832,False,10,2.20000004768,0.977
2wsj IPA 1178 B,EDO,IPA,0.197046103239,0.000925438145528,0.196120665093,False,179,2.20000004768,0.923
2wsj IPA 1178 A,EDO,IPA,0.421928171682,0.00108234797434,0.420845823707,False,20,2.20000004768,0.905
2wsj IPA 1177 B,ACT,IPA,0.309365375149,0.0118641350632,0.297501240086,False,8,2.20000004768,0.959
2wsb NAD 500 D,NAD,NAD,0.78602932406,0.78602932406,0.0,True,1,1.29999995232,0.982
2wsb NAD 500 C,NAD,NAD,0.851070297771,0.851070297771,0.0,True,1,1.29999995232,0.984
2wsb NAD 500 B,NAD,NAD,0.372207155897,0.372207155897,0.0,True,1,1.29999995232,0.972
2wsb NAD 500 A,NAD,NAD,0.758434405554,0.758434405554,0.0,True,1,1.29999995232,0.985
2ws3 HEM 1130 K,HEM,HEM,0.690526604567,0.690526604567,0.0,True,1,3.20000004768,0.965
2ws3 HEM 1130 G,HEM,HEM,0.776983547666,0.776983547666,0.0,True,1,3.20000004768,0.981
2ws3 HEM 1130 C,HEM,HEM,0.958061763463,0.958061763463,0.0,True,1,3.20000004768,0.983
2ws3 FES 302 J,FES,FES,0.982464314685,0.982464314685,0.0,True,1,3.20000004768,0.942
2ws3 FES 302 F,FES,FES,0.941931469309,0.941931469309,0.0,True,1,3.20000004768,0.991
2ws3 FES 302 B,FES,FES,0.908505269665,0.908505269665,0.0,True,1,3.20000004768,0.998
2ws3 FAD 601 I,FAD,FAD,0.126550599994,0.126550599994,0.0,True,1,3.20000004768,0.911
2ws3 FAD 601 E,FAD,FAD,0.960355898987,0.960355898987,0.0,True,1,3.20000004768,0.952
2wrs CIT 1265 A,GOL,CIT,0.49924549312,0.00258422956348,0.496661263557,False,15,2.79999995232,0.868
2wre GAL 1495 A,NAG,GAL,0.805502655678,0.00136405273236,0.804138602946,False,17,3.0,0.855
2wqy HEM 201 P,HEM,HEM,0.735559815022,0.735559815022,0.0,True,1,2.09999990463,0.974
2wqy HEM 143 C,HEM,HEM,0.96827168128,0.96827168128,0.0,True,1,2.09999990463,0.973
2wqy FES 1002 O,FES,FES,0.967837686279,0.967837686279,0.0,True,1,2.09999990463,0.995
2wqy FES 1002 B,FES,FES,0.962673012164,0.962673012164,0.0,True,1,2.09999990463,0.993
2wqy FAD 1001 N,FAD,FAD,0.953720140895,0.953720140895,0.0,True,1,2.09999990463,0.974
2wqy FAD 1001 A,FAD,FAD,0.967955187834,0.967955187834,0.0,True,1,2.09999990463,0.973
2wqr TRS 956 A,SO4,TRS,0.569015565077,0.0049615290171,0.56405403606,False,13,1.89999997616,0.749
2wqn ADP 1301 A,EPE,ADP,0.142897293994,0.00789072431037,0.135006569684,False,17,2.0,0.825
2wqf FMN 1203 A,FMN,FMN,0.977520587535,0.977520587535,0.0,True,1,1.39999997616,0.989
2wqe ADP 1391 A,NAD,ADP,0.0941975187801,0.037318661868,0.0568788569121,False,3,2.5,0.819
2wqe ADP 1390 A,ADP,ADP,0.740174956956,0.740174956956,0.0,True,1,2.5,0.965
2wqe ADP 1389 A,ADP,ADP,0.735309688211,0.735309688211,0.0,True,1,2.5,0.961
2wq7 FAD 1510 A,FAD,FAD,0.990111674709,0.990111674709,0.0,True,1,2.0,0.98
2wq6 FAD 1510 A,FAD,FAD,0.9786992595,0.9786992595,0.0,True,1,2.29999995232,0.975
2wpx ACO 401 B,COA,ACO,0.332148900651,0.0225743111741,0.309574589477,False,6,2.29999995232,0.963
2wpx ACO 401 A,COA,ACO,0.364240880578,0.0298775862283,0.33436329435,False,5,2.29999995232,0.968
2wpw ACO 401 D,FAD,ACO,0.567733820776,0.291297761402,0.276436059373,False,2,2.40000009537,0.956
2wpw ACO 401 C,FAD,ACO,0.569295239621,0.298190898147,0.271104341474,False,2,2.40000009537,0.963
2wpw ACO 401 B,FAD,ACO,0.672785803184,0.0605570903329,0.612228712851,False,3,2.40000009537,0.961
2wpw ACO 401 A,FAD,ACO,0.777058236354,0.109610808654,0.667447427701,False,2,2.40000009537,0.968
2wpf FAD 998 D,FAD,FAD,0.914276710531,0.914276710531,0.0,True,1,1.89999997616,0.983
2wpf FAD 998 C,FAD,FAD,0.644478375596,0.644478375596,0.0,True,1,1.89999997616,0.978
2wpf FAD 998 B,FAD,FAD,0.980101731736,0.980101731736,0.0,True,1,1.89999997616,0.975
2wpf FAD 998 A,FAD,FAD,0.943879296206,0.943879296206,0.0,True,1,1.89999997616,0.984
2wpe MPD 1494 A,GOL,MPD,0.319670451924,0.0600972145923,0.259573237331,False,4,2.09999990463,0.909
2wpe FAD 998 D,FAD,FAD,0.979723892966,0.979723892966,0.0,True,1,2.09999990463,0.987
2wpe FAD 998 C,FAD,FAD,0.922201505549,0.922201505549,0.0,True,1,2.09999990463,0.973
2wpe FAD 998 B,FAD,FAD,0.913350181129,0.913350181129,0.0,True,1,2.09999990463,0.967
2wpe FAD 998 A,FAD,FAD,0.885691061459,0.885691061459,0.0,True,1,2.09999990463,0.984
2wpd ADP 600 F,UMP,ADP_MG,0.191811714903,0.00163083612806,0.190180878775,False,85,3.40000009537,0.947
2wpd ADP 600 D,ADP,ADP,0.815757271123,0.815757271123,0.0,True,1,3.40000009537,0.966
2wpc FAD 998 D,FAD,FAD,0.970919736832,0.970919736832,0.0,True,1,2.09999990463,0.985
2wpc FAD 998 C,FAD,FAD,0.882743861378,0.882743861378,0.0,True,1,2.09999990463,0.974
2wpc FAD 998 B,FAD,FAD,0.951279717992,0.951279717992,0.0,True,1,2.09999990463,0.975
2wpc FAD 998 A,FAD,FAD,0.948944340309,0.948944340309,0.0,True,1,2.09999990463,0.985
2wp9 HEM 1129 K,HEM,HEM,0.977961107402,0.977961107402,0.0,True,1,2.70000004768,0.979
2wp9 HEM 1129 G,HEM,HEM,0.965784791679,0.965784791679,0.0,True,1,2.70000004768,0.976
2wp9 HEM 1129 C,HEM,HEM,0.932586028781,0.932586028781,0.0,True,1,2.70000004768,0.97
2wp9 FAD 601 I,SAH,FAD,0.0493977339416,0.0224884078919,0.0269093260497,False,9,2.70000004768,0.974
2wp9 FAD 601 E,FAD,FAD,0.905959052576,0.905959052576,0.0,True,1,2.70000004768,0.967
2wp6 FAD 998 D,FAD,FAD,0.982369949162,0.982369949162,0.0,True,1,2.5,0.983
2wp6 FAD 998 C,FAD,FAD,0.974338303362,0.974338303362,0.0,True,1,2.5,0.975
2wp6 FAD 998 B,FAD,FAD,0.981900626566,0.981900626566,0.0,True,1,2.5,0.975
2wp6 FAD 998 A,FAD,FAD,0.825444080575,0.825444080575,0.0,True,1,2.5,0.985
2wp5 MPD 1491 D,ACT,MPD,0.203740628768,0.00108590810718,0.202654720661,False,74,2.79999995232,0.924
2wp5 FAD 998 D,NAD,FAD,0.449321356836,0.137001741905,0.312319614931,False,2,2.79999995232,0.987
2wp5 FAD 998 C,FAD,FAD,0.896230373586,0.896230373586,0.0,True,1,2.79999995232,0.98
2wp5 FAD 998 B,FAD,FAD,0.947136640095,0.947136640095,0.0,True,1,2.79999995232,0.974
2wp5 FAD 998 A,MG_TPP,FAD,0.293753037522,0.0420442170352,0.251708820487,False,3,2.79999995232,0.986
2wox NDP 1491 D,SO4,NDP,0.145185225395,0.00297309288746,0.142212132507,False,48,2.29999995232,0.917
2wox NDP 1491 C,FAD,NDP,0.139202261426,0.107772115123,0.0314301463033,False,4,2.29999995232,0.899
2wox NDP 1491 B,COA,NDP,0.342290525056,0.060695325394,0.281595199662,False,5,2.29999995232,0.975
2wox NDP 1491 A,NAP,NDP,0.575679486856,0.0239637966819,0.551715690174,False,3,2.29999995232,0.919
2wow NDP 800 D,NAP,NDP,0.480664619797,0.440034481738,0.0406301380588,False,2,2.20000004768,0.975
2wow NDP 800 C,NDP,NDP,0.507248159536,0.507248159536,0.0,True,1,2.20000004768,0.975
2wow NDP 800 B,NAP,NDP,0.817287658969,0.0451714143618,0.772116244607,False,2,2.20000004768,0.976
2wow NDP 800 A,NAP,NDP,0.514759890643,0.372366918724,0.142392971919,False,2,2.20000004768,0.976
2wow FAD 700 D,FAD,FAD,0.939315864743,0.939315864743,0.0,True,1,2.20000004768,0.984
2wow FAD 700 C,FAD,FAD,0.969996424773,0.969996424773,0.0,True,1,2.20000004768,0.984
2wow FAD 700 B,FAD,FAD,0.968213170501,0.968213170501,0.0,True,1,2.20000004768,0.98
2wow FAD 700 A,FAD,FAD,0.847210892224,0.847210892224,0.0,True,1,2.20000004768,0.987
2wov NDP 800 D,NAP,NDP,0.428410912204,0.415091087141,0.013319825063,False,2,2.5,0.968
2wov NDP 800 C,NAP,NDP,0.85665316194,0.00669685995888,0.849956301981,False,4,2.5,0.969
2wov NDP 800 B,NDP,NDP,0.913326143741,0.913326143741,0.0,True,1,2.5,0.969
2wov NDP 800 A,NDP,NDP,0.566722001964,0.566722001964,0.0,True,1,2.5,0.977
2wov FAD 998 D,NDP,FAD,0.349812470657,0.262509229612,0.087303241045,False,2,2.5,0.978
2wov FAD 998 C,FAD,FAD,0.9925503645,0.9925503645,0.0,True,1,2.5,0.98
2wov FAD 998 B,FAD,FAD,0.966236329204,0.966236329204,0.0,True,1,2.5,0.972
2wov FAD 998 A,FAD,FAD,0.984795479792,0.984795479792,0.0,True,1,2.5,0.983
2woi FAD 998 D,FAD,FAD,0.978967836439,0.978967836439,0.0,True,1,2.09999990463,0.984
2woi FAD 998 C,FAD,FAD,0.897704351309,0.897704351309,0.0,True,1,2.09999990463,0.982
2woi FAD 998 B,FAD,FAD,0.870680733743,0.870680733743,0.0,True,1,2.09999990463,0.977
2woi FAD 998 A,FAD,FAD,0.958209517254,0.958209517254,0.0,True,1,2.09999990463,0.99
2wog ADP 600 C,ADP_MG,ADP_MG,0.744282823024,0.744282823024,0.0,True,1,2.0,0.987
2wog ADP 600 B,ADP_MG,ADP_MG,0.78385567197,0.78385567197,0.0,True,1,2.0,0.992
2wog ADP 600 A,ADP_MG,ADP_MG,0.596253511905,0.596253511905,0.0,True,1,2.0,0.991
2wnp IPA 1299 F,ACT,IPA,0.525588696829,0.0216905830532,0.503898113776,False,6,1.20000004768,0.876
2wne MAN 1305 A,GOL,MAN,0.218927676029,0.0300111520515,0.188916523977,False,8,2.09999990463,0.862
2wn7 NAD 1421 A,BMA_NAG_NAG,NAD,0.161152889125,0.011127855936,0.150025033188,False,9,2.20000004768,0.921
2wn6 NDP 1421 A,PGE,NDP,0.162910501378,0.0019310512339,0.160979450144,False,155,2.0,0.845
2wmh GAL 1590 A,MAN,GAL,0.4458530465,0.0513601065788,0.394492939921,False,3,1.70000004768,0.889
2wmg GAL 1591 A,NAG,GAL,0.450718932518,0.00566498345431,0.445053949063,False,13,2.29999995232,0.855
2wm5 HEM 450 A,HEM,HEM,0.955690235748,0.955690235748,0.0,True,1,1.5,0.991
2wm4 HEM 450 A,HEM,HEM,0.95424672648,0.95424672648,0.0,True,1,2.09999990463,0.984
2wlq MAN 1305 A,MAN,MAN,0.0510004333442,0.0510004333442,0.0,True,1,1.39999997616,0.89
2wlf ACO 1221 A,COA,ACO,0.735006905608,0.214399609055,0.520607296553,False,2,2.40000009537,0.934
2wlf ACO 1218 C,COA,ACO,0.73596614231,0.200558458079,0.535407684231,False,2,2.40000009537,0.908
2wlf ACO 1218 B,COA,ACO,0.237958380174,0.082232842102,0.155725538072,False,3,2.40000009537,0.824
2wle COA 1216 C,COA,COA,0.73189548614,0.73189548614,0.0,True,1,2.20000004768,0.853
2wle COA 1215 A,COA,COA,0.815774504881,0.815774504881,0.0,True,1,2.20000004768,0.89
2wlb FES 619 B,FES,FES,0.957239825596,0.957239825596,0.0,True,1,2.59999990463,0.971
2wlb FES 619 A,FES,FES,0.994426760667,0.994426760667,0.0,True,1,2.59999990463,0.979
2wl5 COA 1399 B,GLC,COA,0.156973657559,0.0247504660158,0.132223191544,False,7,1.79999995232,0.929
2wl5 COA 1399 A,NAG,COA,0.50593620251,0.0059436167308,0.499992585779,False,18,1.79999995232,0.913
2wl4 COA 1402 A,COA,COA,0.132895080482,0.132895080482,0.0,True,1,1.79999995232,0.899
2wkv COA 1399 B,COA,COA,0.52497564335,0.52497564335,0.0,True,1,2.5,0.894
2wkv COA 1397 A,BOG,COA,0.311208000503,0.0479750208615,0.263232979642,False,5,2.5,0.913
2wkv COA 1395 D,CLR,COA,0.0879083675058,0.0365917447052,0.0513166228007,False,5,2.5,0.865
2wkv COA 1393 C,MAN,COA,0.240881904636,0.038826414034,0.202055490602,False,5,2.5,0.849
2wkt COA 1398 B,PEB,COA,0.383861281696,0.120247753969,0.263613527727,False,3,2.0,0.963
2wkt COA 1397 A,COA,COA,0.496471533052,0.496471533052,0.0,True,1,2.0,0.945
2wkr FMN 1723 A,FMN,FMN,0.947586444886,0.947586444886,0.0,True,1,2.20000004768,0.933
2wkq FMN 1723 A,FMN,FMN,0.749658903099,0.749658903099,0.0,True,1,1.60000002384,0.98
2wkp FMN 1725 A,FMN,FMN,0.978025506699,0.978025506699,0.0,True,1,1.89999997616,0.985
2wkk GAL 1152 A,SUC,GAL,0.367535957995,0.0451820965634,0.322353861431,False,4,1.5,0.934
2wkk GAL 1151 D,GOL,GAL,0.386255410038,0.00383838573538,0.382417024303,False,17,1.5,0.892
2wkf CME 2 B,CSO,CME,0.300004312746,0.194304046783,0.105700265963,False,2,2.0,0.925
2wkb CME 2 F,MLY,CME,0.858650615989,0.000675789761674,0.857974826228,False,10,1.79999995232,0.85
2wkb CME 2 E,MLY,CME,0.619389588164,0.00379690479663,0.615592683368,False,7,1.79999995232,0.923
2wkb CME 2 D,MLY,CME,0.332166300824,0.144831220174,0.187335080651,False,3,1.79999995232,0.878
2wkb CME 2 C,MLY,CME,0.406416520009,0.0186108987224,0.387805621287,False,6,1.79999995232,0.865
2wkb CME 2 B,MLY,CME,0.439448827887,0.00334921349987,0.436099614387,False,22,1.79999995232,0.914
2wk0 CIT 1292 B,CIT,CIT,0.279312834175,0.279312834175,0.0,True,1,1.60000002384,0.779
2wju GSH 230 G,GOL,GSH,0.20806097451,0.00424424922217,0.203816725288,False,27,2.29999995232,0.801
2wju GSH 230 F,NAG,GSH,0.249067909585,0.0067740973485,0.242293812237,False,19,2.29999995232,0.785
2wju GSH 230 E,GOL,GSH,0.478899669625,0.00497601953878,0.473923650086,False,20,2.29999995232,0.845
2wju GSH 230 D,NAG,GSH,0.84622998366,0.00403606081129,0.842193922849,False,8,2.29999995232,0.907
2wju GSH 230 C,GOL,GSH,0.498728832441,0.00160411938548,0.497124713056,False,34,2.29999995232,0.744
2wju GSH 230 B,NAG,GSH,0.536842163287,0.00448022527052,0.532361938017,False,18,2.29999995232,0.893
2wju GSH 230 A,GSH,GSH,0.164811287416,0.164811287416,0.0,True,1,2.29999995232,0.871
2wjq LDA 1229 A,LDA,LDA,0.250475767247,0.250475767247,0.0,True,1,2.0,0.757
2wjq LDA 1228 A,PLM,LDA,0.342290516412,0.00440505072914,0.337885465683,False,12,2.0,0.799
2wjq LDA 1227 A,PEG,LDA,0.186563554659,0.0390955911146,0.147467963544,False,7,2.0,0.734
2wjq LDA 1226 A,PGE,LDA,0.173410000081,0.103287980015,0.0701220200651,False,5,2.0,0.824
2wjp KCX 198 A,KCX,KCX,0.938406558722,0.938406558722,0.0,True,1,1.60000002384,0.985
2wjp AZI 1447 A,EDO,AZI,0.359202157756,0.000419448525416,0.35878270923,False,181,1.60000002384,0.862
2wjp AZI 1443 A,EDO,AZI,0.455588751414,0.000541231147508,0.455047520267,False,52,1.60000002384,0.9
2wjn HEM 1336 C,HEC,HEM,0.680574702293,0.250077047411,0.430497654882,False,2,1.89999997616,0.975
2wjn HEM 1335 C,HEC,HEM,0.849807294254,0.124271563806,0.725535730448,False,2,1.89999997616,0.988
2wjn HEM 1334 C,HEC,HEM,0.646605078613,0.274210845089,0.372394233524,False,2,1.89999997616,0.981
2wjn HEM 1333 C,HEC,HEM,0.981165010095,0.00566714647562,0.97549786362,False,2,1.89999997616,0.979
2wjm HEM 1336 C,HEM,HEM,0.733449915469,0.733449915469,0.0,True,1,2.0,0.971
2wjm HEM 1335 C,HEC,HEM,0.826228465118,0.144211328843,0.682017136275,False,2,2.0,0.979
2wjm HEM 1334 C,HEM,HEM,0.736627791462,0.736627791462,0.0,True,1,2.0,0.973
2wjm HEM 1333 C,HEC,HEM,0.894877356364,0.064291093733,0.830586262631,False,2,2.0,0.975
2wji GNP 1166 B,FAD,GNP_MG,0.277909613951,0.211214621199,0.066694992752,False,2,1.89999997616,0.95
2wji GNP 1166 A,ANP_MG,GNP_MG,0.285016300895,0.0364677764013,0.248548524493,False,4,1.89999997616,0.948
2wj9 MPD 1161 B,EDO,MPD,0.28516786574,0.109241466596,0.175926399143,False,2,1.60000002384,0.859
2wj9 MPD 1159 A,EDO,MPD,0.548556038627,0.000593056907357,0.54796298172,False,167,1.60000002384,0.615
2wj0 NCO 1129 B,NCO,NCO,0.758775124648,0.758775124648,0.0,True,1,3.09999990463,0.987
2wiy HEM 1560 A,HEM,HEM,0.698162078542,0.698162078542,0.0,True,1,1.5,0.99
2wiv HEM 1553 B,CYN_HEM,HEM,0.371167952025,0.336884305509,0.034283646516,False,2,1.89999997616,0.974
2wiv HEM 1553 A,HEM,HEM,0.40698162174,0.40698162174,0.0,True,1,1.89999997616,0.975
2wio HEM 1412 A,HEM,HEM,0.973611504215,0.973611504215,0.0,True,1,2.0,0.982
2win MAN 1745 K,BMA,MAN,0.430154853968,0.075442991457,0.354711862511,False,3,3.90000009537,0.753
2wil FUC 1533 A,SO4,FUC,0.288036802794,0.00910281884787,0.278933983946,False,14,3.09999990463,0.862
2wic GNP 1265 A,ANP_MG,GNP_MG,0.410420942372,0.118008977769,0.292411964602,False,2,2.09999990463,0.968
2wi9 HEM 1408 B,HEM,HEM,0.975545949225,0.975545949225,0.0,True,1,2.0,0.987
2wi9 HEM 1408 A,HEM,HEM,0.991850633748,0.991850633748,0.0,True,1,2.0,0.988
2whw HEM 1407 B,HEM,HEM,0.991322763589,0.991322763589,0.0,True,1,2.20000004768,0.992
2whw HEM 1407 A,HEM,HEM,0.99265216823,0.99265216823,0.0,True,1,2.20000004768,0.989
2whk TRS 1338 A,TRS,TRS,0.727213488542,0.727213488542,0.0,True,1,1.70000004768,0.935
2whf HEM 450 A,HEM,HEM,0.840949911746,0.840949911746,0.0,True,1,1.60000002384,0.987
2whd FAD 400 B,FAD,FAD,0.13849779423,0.13849779423,0.0,True,1,2.59999990463,0.98
2whd FAD 400 A,FAD,FAD,0.5411845727,0.5411845727,0.0,True,1,2.59999990463,0.976
2wh8 HEM 450 D,HEC,HEM,0.238448090892,0.126653657096,0.111794433796,False,3,1.70000004768,0.98
2wh8 HEM 450 C,HEM,HEM,0.285612552524,0.285612552524,0.0,True,1,1.70000004768,0.979
2wh8 HEM 450 B,HEM,HEM,0.402498304874,0.402498304874,0.0,True,1,1.70000004768,0.977
2wh8 HEM 450 A,HEM,HEM,0.726421825293,0.726421825293,0.0,True,1,1.70000004768,0.977
2wh5 COA 1099 E,FMN,COA,0.103999610033,0.0278497606092,0.076149849424,False,8,2.59999990463,0.818
2wh5 COA 1099 D,MYR,COA,0.0541902121492,0.00398186713317,0.050208345016,False,52,2.59999990463,0.862
2wgz UDP 1401 B,MN_UDP,MN_UDP,0.963568648285,0.963568648285,0.0,True,1,2.09999990463,0.981
2wgz GAL 1204 B,NAG,GAL,0.674708228079,0.00885110073031,0.665857127348,False,7,2.09999990463,0.895
2wgy IPA 1409 A,SO4,IPA,0.563157377414,0.00454994557141,0.558607431842,False,7,1.5,0.816
2wgy IPA 1407 A,EDO,IPA,0.622451099834,0.00209029214961,0.620360807685,False,17,1.5,0.88
2wgy IPA 1406 A,SO4,IPA,0.216304906965,0.0121182499059,0.204186657059,False,8,1.5,0.864
2wgy IPA 1405 A,GOL,IPA,0.175569339126,0.1189744804,0.0565948587262,False,2,1.5,0.974
2wgy HEM 450 A,HEM,HEM,0.970981750061,0.970981750061,0.0,True,1,1.5,0.988
2wgv CIT 1272 A,CIT,CIT,0.607632426514,0.607632426514,0.0,True,1,1.79999995232,0.901
2wg2 TRS 2542 A,GOL,TRS,0.740637736106,0.00195188943115,0.738685846675,False,17,2.0,0.922
2wg2 TRS 2541 A,TRS,TRS,0.980698570588,0.980698570588,0.0,True,1,2.0,0.9
2wfz TRS 2541 A,GOL,TRS,0.699040390602,0.00233176413432,0.696708626468,False,18,2.0,0.931
2wfz TRS 2540 A,TRS,TRS,0.927220346045,0.927220346045,0.0,True,1,2.0,0.899
2wfi OCS 63 A,DAL,OCS,0.0860849837512,0.0243057622519,0.0617792214993,False,11,0.699999988079,0.976
2wes FAD 650 D,FAD,FAD,0.810517581862,0.810517581862,0.0,True,1,2.5,0.936
2wes FAD 650 C,FAD,FAD,0.973664592263,0.973664592263,0.0,True,1,2.5,0.971
2wes FAD 650 B,FAD,FAD,0.939907553706,0.939907553706,0.0,True,1,2.5,0.96
2wes FAD 650 A,FAD,FAD,0.991203241842,0.991203241842,0.0,True,1,2.5,0.975
2wep ADP 1215 A,PEG,ADP,0.171827400045,0.0022100733813,0.169617326664,False,41,2.0,0.819
2we5 ADP 1311 C,BTB,ADP_MG,0.208121672484,0.0494705391806,0.158651133304,False,3,1.39999997616,0.967
2we5 ADP 1311 B,ATP,ADP_MG,0.121276541808,0.105223571456,0.0160529703518,False,2,1.39999997616,0.984
2we5 ADP 1311 A,NAD,ADP_MG,0.325903266204,0.0546604403471,0.271242825857,False,3,1.39999997616,0.988
2we2 UMP 1258 A,SAH,UMP,0.248508144164,0.0780738317066,0.170434312457,False,2,1.5,0.986
2we1 UMP 1257 A,UMP,UMP,0.187393709356,0.187393709356,0.0,True,1,1.79999995232,0.983
2we0 UMP 1257 A,UMP,UMP,0.605517618427,0.605517618427,0.0,True,1,2.0,0.976
2wdz NAD 257 D,SAH,NAD,0.246936022723,0.138489824815,0.108446197908,False,3,2.0,0.972
2wdz NAD 257 C,NAD,NAD,0.613769982952,0.613769982952,0.0,True,1,2.0,0.917
2wdz NAD 257 B,NAD,NAD,0.87992007142,0.87992007142,0.0,True,1,2.0,0.952
2wdz NAD 257 A,NAD,NAD,0.975857871493,0.975857871493,0.0,True,1,2.0,0.955
2wdy COA 1128 A,NAP,COA,0.567186949986,0.0623093989658,0.50487755102,False,2,1.39999997616,0.963
2wdv HEM 1129 K,HEM,HEM,0.917965906673,0.917965906673,0.0,True,1,3.20000004768,0.964
2wdv HEM 1129 G,HEM,HEM,0.984370602157,0.984370602157,0.0,True,1,3.20000004768,0.966
2wdv HEM 1129 C,HEM,HEM,0.924945038844,0.924945038844,0.0,True,1,3.20000004768,0.97
2wdv FAD 601 I,ADP,FAD,0.109932257072,0.0241002918172,0.0858319652546,False,8,3.20000004768,0.895
2wdv FAD 601 E,FAD,FAD,0.52061340873,0.52061340873,0.0,True,1,3.20000004768,0.965
2wdr HEM 1130 K,HEM,HEM,0.404294382935,0.404294382935,0.0,True,1,3.20000004768,0.961
2wdr HEM 1130 G,HEM,HEM,0.825562820858,0.825562820858,0.0,True,1,3.20000004768,0.967
2wdr HEM 1130 C,HEM,HEM,0.89468808071,0.89468808071,0.0,True,1,3.20000004768,0.969
2wdr FAD 601 I,SAH,FAD,0.403427884107,0.136858898442,0.266568985665,False,2,3.20000004768,0.953
2wdq HEM 1129 K,HEM,HEM,0.780814292013,0.780814292013,0.0,True,1,2.40000009537,0.971
2wdq HEM 1129 G,HEM,HEM,0.890312674135,0.890312674135,0.0,True,1,2.40000009537,0.973
2wdq HEM 1129 C,HEM,HEM,0.945356963966,0.945356963966,0.0,True,1,2.40000009537,0.974
2wdq FAD 601 I,FAD,FAD,0.992450932549,0.992450932549,0.0,True,1,2.40000009537,0.972
2wdq FAD 601 E,FAD,FAD,0.990886588474,0.990886588474,0.0,True,1,2.40000009537,0.977
2wdq FAD 601 A,FAD,FAD,0.990332102763,0.990332102763,0.0,True,1,2.40000009537,0.979
2wdb MAN 1951 B,GOL,MAN,0.142287933666,0.135724206079,0.00656372758646,False,2,2.0,0.887
2wcv FUC 1141 J,FUC,FUC,0.150635514711,0.150635514711,0.0,True,1,1.70000004768,0.901
2wcv FUC 1141 I,FUC,FUC,0.865064412357,0.865064412357,0.0,True,1,1.70000004768,0.917
2wcv FUC 1141 H,GLC,FUC,0.215828686462,0.158076092879,0.0577525935829,False,2,1.70000004768,0.933
2wcv FUC 1141 G,FUC,FUC,0.426132664471,0.426132664471,0.0,True,1,1.70000004768,0.913
2wcv FUC 1141 F,FUC,FUC,0.328351875949,0.328351875949,0.0,True,1,1.70000004768,0.899
2wcv FUC 1141 E,GLC,FUC,0.22135525149,0.0925702892524,0.128784962238,False,4,1.70000004768,0.931
2wcq CIT 1191 A,SO4,CIT,0.266290592969,0.00955130794223,0.256739285027,False,12,1.89999997616,0.797
2wcq CIT 1182 B,FLC,CIT,0.34833967802,0.282105694713,0.0662339833075,False,2,1.89999997616,0.839
2wc8 CIT 1092 C,GOL,CIT,0.115844876852,0.0110590213167,0.104785855535,False,17,1.89999997616,0.928
2wc1 FMN 183 A,FMN,FMN,0.966648040704,0.966648040704,0.0,True,1,1.79999995232,0.931
2wbi FAD 600 B,FAD,FAD,0.968323563359,0.968323563359,0.0,True,1,2.79999995232,0.951
2wbi FAD 600 A,FAD,FAD,0.988602537611,0.988602537611,0.0,True,1,2.79999995232,0.962
2wba NDP 1496 B,NAP,NDP,0.49223970143,0.227055239352,0.265184462078,False,2,2.29999995232,0.871
2wba NDP 1496 A,AMP,NDP,0.145147392371,0.00300598404676,0.142141408325,False,45,2.29999995232,0.893
2wba FAD 1491 B,FAD,FAD,0.794093766186,0.794093766186,0.0,True,1,2.29999995232,0.971
2wba FAD 1491 A,FAD,FAD,0.964322765256,0.964322765256,0.0,True,1,2.29999995232,0.974
2wb2 FAD 1510 A,FAD,FAD,0.686762029499,0.686762029499,0.0,True,1,3.0,0.973
2wax CXS 1465 A,GOL,CXS,0.0896102756422,0.0132223537304,0.0763879219118,False,16,2.29999995232,0.87
2wax CXS 1464 A,BEZ,CXS,0.237975270915,0.00343277357597,0.234542497339,False,28,2.29999995232,0.856
2wax CXS 1463 C,GOL,CXS,0.184368270119,0.00434699479605,0.180021275323,False,25,2.29999995232,0.928
2wax CXS 1463 A,GOL,CXS,0.649464206102,0.000492597602699,0.648971608499,False,189,2.29999995232,0.824
2wax CXS 1462 C,GLC,CXS,0.0708330119283,0.0101503512819,0.0606826606464,False,22,2.29999995232,0.855
2wax CXS 1227 D,EPE,CXS,0.338169815411,0.0870703756063,0.251099439804,False,3,2.29999995232,0.98
2wat COA 2888 E,COA,COA,0.522516842238,0.522516842238,0.0,True,1,2.20000004768,0.965
2wat COA 2888 B,COA,COA,0.204989853878,0.204989853878,0.0,True,1,2.20000004768,0.977
2wat COA 2887 E,NAD,COA,0.275469391901,0.0299929690957,0.245476422806,False,4,2.20000004768,0.955
2wat COA 2887 C,COA,COA,0.267821865428,0.267821865428,0.0,True,1,2.20000004768,0.971
2wat COA 2887 B,COA,COA,0.665961488154,0.665961488154,0.0,True,1,2.20000004768,0.975
2wab BGC 1335 A,BGC,BGC,0.397778630311,0.397778630311,0.0,True,1,1.89999997616,0.956
2wa7 CAC 1241 A,CAC,CAC,0.726098798583,0.726098798583,0.0,True,1,1.89999997616,0.977
2w9s NDP 1159 C,NAP,NDP,0.793793941351,0.158452559043,0.635341382308,False,2,1.79999995232,0.962
2w9s NDP 1159 B,NDP,NDP,0.567988462814,0.567988462814,0.0,True,1,1.79999995232,0.942
2w9s NDP 1159 A,NAP,NDP,0.64614375803,0.301473896293,0.344669861737,False,2,1.79999995232,0.951
2w9g NDP 1160 A,NAP,NDP,0.890802134675,0.0775846801072,0.813217454568,False,2,1.89999997616,0.953
2w95 MPD 258 A,MPD,MPD,0.410921322401,0.410921322401,0.0,True,1,1.79999995232,0.887
2w95 MPD 256 C,MPD,MPD,0.688189752101,0.688189752101,0.0,True,1,1.79999995232,0.95
2w95 MPD 256 B,MPD,MPD,0.592576507094,0.592576507094,0.0,True,1,1.79999995232,0.934
2w95 MPD 256 A,MPD,MPD,0.349440312594,0.349440312594,0.0,True,1,1.79999995232,0.956
2w94 MPD 1255 A,MPD,MPD,0.412919188018,0.412919188018,0.0,True,1,1.79999995232,0.924
2w94 MPD 1254 B,MPD,MPD,0.584034528113,0.584034528113,0.0,True,1,1.79999995232,0.947
2w94 MPD 1254 A,MPD,MPD,0.659665540089,0.659665540089,0.0,True,1,1.79999995232,0.907
2w90 TRS 501 A,GOL,TRS,0.53695093548,0.00445848166969,0.53249245381,False,11,2.20000004768,0.822
2w8z TRS 1474 A,GOL,TRS,0.101067358474,0.0026122237582,0.0984551347155,False,53,2.29999995232,0.798
2w8z TRS 1472 A,GOL,TRS,0.521215275347,0.00178090903105,0.519434366316,False,28,2.29999995232,0.916
2w7k PLP 501 A,SO4,PLP,0.569007896245,0.00317058630174,0.565837309943,False,4,2.40000009537,0.962
2w7j PLP 501 A,PLP,PLP,0.873776662581,0.873776662581,0.0,True,1,1.70000004768,0.943
2w7i PLP 501 A,SO4,PLP,0.255445705882,0.0846789606232,0.170766745259,False,3,2.70000004768,0.954
2w7h PLP 501 A,LLP,PLP,0.577553058297,0.185599440846,0.391953617451,False,2,1.70000004768,0.888
2w7g PLP 501 A,NAP,PLP,0.15506206815,0.027891527255,0.127170540895,False,6,1.89999997616,0.946
2w7g MPD 701 A,GOL,MPD,0.371361157205,0.147834832963,0.223526324241,False,2,1.89999997616,0.906
2w7f PLP 501 A,MLY,PLP,0.160400356385,0.0595922127108,0.100808143674,False,3,1.70000004768,0.86
2w7e PLP 501 A,PO4,PLP,0.34928746191,0.00447507745844,0.344812384451,False,11,1.70000004768,0.891
2w7e MPD 701 A,GOL,MPD,0.296795058264,0.236114095268,0.0606809629963,False,2,1.70000004768,0.771
2w7d PLP 501 A,PLP,PLP,0.928935950882,0.928935950882,0.0,True,1,1.79999995232,0.956
2w72 HEM 1147 D,HEM,HEM,0.761513122905,0.761513122905,0.0,True,1,1.10000002384,0.972
2w72 HEM 1142 C,HEM,HEM,0.852590688465,0.852590688465,0.0,True,1,1.10000002384,0.966
2w72 HEM 1142 A,HEM,HEM,0.946766617663,0.946766617663,0.0,True,1,1.10000002384,0.972
2w6x HEM 1154 A,HEM,HEM,0.907192107849,0.907192107849,0.0,True,1,1.70000004768,0.981
2w6w HEM 1154 A,HEM,HEM,0.855597629525,0.855597629525,0.0,True,1,2.0,0.956
2w6v HEM 1147 D,HEM,HEM,0.956454899513,0.956454899513,0.0,True,1,1.79999995232,0.965
2w6v HEM 1147 B,HEM,HEM,0.823097882062,0.823097882062,0.0,True,1,1.79999995232,0.961
2w6v HEM 1142 C,HEM,HEM,0.70572798666,0.70572798666,0.0,True,1,1.79999995232,0.968
2w6v HEM 1142 A,HEM,HEM,0.98707653514,0.98707653514,0.0,True,1,1.79999995232,0.952
2w68 BGC 1220 B,GOL,BGC,0.287881111819,0.00065943910861,0.287221672711,False,188,2.5,0.867
2w63 BGC 1489 A,NAG,BGC,0.110623927671,0.00933406858215,0.101289859089,False,20,1.89999997616,0.799
2w63 BGC 1485 A,EDO,BGC,0.378195351608,0.00103120713651,0.377164144472,False,18,1.89999997616,0.791
2w5u FMN 165 B,PTR,FMN,0.226824559431,0.0942520801764,0.132572479255,False,3,2.59999990463,0.917
2w5u FMN 165 A,PTR,FMN,0.347123726441,0.0530788377291,0.294044888712,False,4,2.59999990463,0.921
2w5k NDP 1125 B,NDP,NDP,0.0887018667453,0.0887018667453,0.0,True,1,1.70000004768,0.915
2w5k NDP 1125 A,1PE,NDP,0.373480062588,0.00171352110903,0.371766541479,False,37,1.70000004768,0.923
2w5a ADP 1280 A,ADP,ADP_MG,0.557716214082,0.0105494723995,0.547166741683,False,9,1.60000002384,0.952
2w58 ADP 1310 A,ATP_MG,ADP_MG,0.156547522254,0.100233387553,0.056314134701,False,2,2.5,0.947
2w55 FAD 1465 G,ATP,FAD,0.18506546995,0.00564129781878,0.179424172132,False,22,3.40000009537,0.92
2w55 FAD 1465 E,NDP,FAD,0.664895672622,0.0601872200455,0.604708452576,False,3,3.40000009537,0.932
2w55 FAD 1465 C,FAD,FAD,0.461760285135,0.461760285135,0.0,True,1,3.40000009537,0.941
2w55 FAD 1465 A,FAD,FAD,0.457305750188,0.457305750188,0.0,True,1,3.40000009537,0.93
2w54 FAD 1465 G,NDP,FAD,0.772929453942,0.0232681596245,0.749661294318,False,3,3.29999995232,0.923
2w54 FAD 1465 E,FAD,FAD,0.690886139286,0.690886139286,0.0,True,1,3.29999995232,0.934
2w54 FAD 1465 C,FAD,FAD,0.898424465125,0.898424465125,0.0,True,1,3.29999995232,0.965
2w54 FAD 1465 A,FAD,FAD,0.918220991018,0.918220991018,0.0,True,1,3.29999995232,0.933
2w4k ADP 1303 A,ADP_MG,ADP_MG,0.816308616221,0.816308616221,0.0,True,1,1.89999997616,0.964
2w4j ADP 1278 A,ADP_MG,ADP_MG,0.25752142122,0.25752142122,0.0,True,1,1.29999995232,0.988
2w48 MPD 1317 A,GOL,MPD,0.289560089726,0.00111294909005,0.288447140636,False,153,3.20000004768,0.942
2w41 ADP 1502 B,ADP,ADP,0.228656601749,0.228656601749,0.0,True,1,2.40000009537,0.943
2w41 ADP 1502 A,ATP,ADP,0.176204929994,0.162861373452,0.0133435565417,False,2,2.40000009537,0.949
2w3w NDP 1169 A,NDP,NDP,0.688318852236,0.688318852236,0.0,True,1,1.60000002384,0.981
2w3v NDP 1168 A,NDP,NDP,0.585538317208,0.585538317208,0.0,True,1,1.89999997616,0.967
2w3s FAD 1465 G,FAD,FAD,0.419457135929,0.419457135929,0.0,True,1,2.59999990463,0.915
2w3s FAD 1465 E,NAP,FAD,0.50901003025,0.141580154668,0.367429875582,False,3,2.59999990463,0.925
2w3s FAD 1465 C,FAD,FAD,0.748027839907,0.748027839907,0.0,True,1,2.59999990463,0.96
2w3s FAD 1465 A,FAD,FAD,0.437428428355,0.437428428355,0.0,True,1,2.59999990463,0.935
2w3r FAD 1465 G,FAD,FAD,0.886693598486,0.886693598486,0.0,True,1,2.90000009537,0.897
2w3r FAD 1465 E,NDP,FAD,0.546241509687,0.0752883340469,0.47095317564,False,3,2.90000009537,0.915
2w3r FAD 1465 C,FAD,FAD,0.711457552353,0.711457552353,0.0,True,1,2.90000009537,0.952
2w3r FAD 1465 A,FAD,FAD,0.382543973203,0.382543973203,0.0,True,1,2.90000009537,0.927
2w3m NDP 1187 B,NDP,NDP,0.874389740804,0.874389740804,0.0,True,1,1.60000002384,0.89
2w3m NDP 1187 A,NDP,NDP,0.459933290201,0.459933290201,0.0,True,1,1.60000002384,0.904
2w3g HEM 502 B,HEM,HEM,0.553509978513,0.553509978513,0.0,True,1,1.39999997616,0.978
2w3g HEM 500 A,CMO_HEM,HEM,0.665636734541,0.230456157337,0.435180577204,False,2,1.39999997616,0.982
2w3f HEM 502 B,HEM,HEM,0.643928221645,0.643928221645,0.0,True,1,1.60000002384,0.984
2w3f HEM 500 A,HEM,HEM,0.809939228145,0.809939228145,0.0,True,1,1.60000002384,0.98
2w3e HEM 502 B,CMO_HEM,HEM,0.577631512506,0.182304253122,0.395327259383,False,3,1.60000002384,0.975
2w3e HEM 500 A,HEM,HEM,0.517528550967,0.517528550967,0.0,True,1,1.60000002384,0.977
2w3d HEM 500 A,HEM,HEM,0.92985766631,0.92985766631,0.0,True,1,2.0,0.954
2w31 HEM 200 B,HEM,HEM,0.877754272489,0.877754272489,0.0,True,1,1.5,0.981
2w31 HEM 200 A,HEM,HEM,0.504683875072,0.504683875072,0.0,True,1,1.5,0.953
2w2t GDP 1181 A,ADP_MG,GDP_MG,0.421518520678,0.199140613373,0.222377907305,False,2,2.0,0.977
2w2l NAD 1347 B,NAD,NAD,0.279297585295,0.279297585295,0.0,True,1,2.5,0.906
2w2l NAD 1347 A,FLC,NAD,0.263429905476,0.0512625905983,0.212167314877,False,5,2.5,0.86
2w2l NAD 1346 D,1PE,NAD,0.222032539461,0.00697153396009,0.215061005501,False,19,2.5,0.802
2w2l NAD 1346 C,GOL,NAD,0.351799727567,0.00487454939977,0.346925178167,False,19,2.5,0.868
2w23 HEM 1316 A,HEM,HEM,0.992961651161,0.992961651161,0.0,True,1,1.89999997616,0.984
2w22 MPD 406 A,GOL,MPD,0.374414587452,0.0657115272331,0.308703060218,False,3,2.0,0.791
2w22 MPD 405 A,PEG,MPD,0.314049087018,0.00291424931438,0.311134837703,False,16,2.0,0.841
2w0u FMN 1365 D,FMN,FMN,0.985634150402,0.985634150402,0.0,True,1,2.79999995232,0.961
2w0u FMN 1365 C,FMN,FMN,0.989213121583,0.989213121583,0.0,True,1,2.79999995232,0.972
2w0u FMN 1365 A,FMN,FMN,0.989964170159,0.989964170159,0.0,True,1,2.79999995232,0.986
2w0h FAD 1486 B,FMN,FAD,0.411139245569,0.00371625205415,0.407422993515,False,22,3.0,0.978
2w0h FAD 1486 A,FAD,FAD,0.938437167046,0.938437167046,0.0,True,1,3.0,0.974
2vzw HEM 1206 A,HEM,HEM,0.859541650772,0.859541650772,0.0,True,1,2.29999995232,0.958
2vzm HEM 1407 B,HEM,HEM,0.976030157911,0.976030157911,0.0,True,1,1.89999997616,0.987
2vzm HEM 1407 A,HEM,HEM,0.983163907281,0.983163907281,0.0,True,1,1.89999997616,0.985
2vzl NAD 305 A,GSH,NAD,0.807934376647,0.0033661141864,0.804568262461,False,12,1.89999997616,0.832
2vzl FAD 304 A,FAD,FAD,0.654822339449,0.654822339449,0.0,True,1,1.89999997616,0.938
2vzk TRS 1182 A,SO4,TRS,0.301106564919,0.00381028507681,0.297296279842,False,20,2.29999995232,0.795
2vzk TRS 1181 A,PO4,TRS,0.389330058368,0.0324774556083,0.356852602759,False,3,2.29999995232,0.841
2vz7 HEM 1407 B,HEM,HEM,0.942179107805,0.942179107805,0.0,True,1,3.20000004768,0.978
2vz7 HEM 1407 A,HEM,HEM,0.963227654267,0.963227654267,0.0,True,1,3.20000004768,0.976
2vz2 FAD 1497 B,FAD,FAD,0.876936887522,0.876936887522,0.0,True,1,2.29999995232,0.97
2vyy HEM 144 A,HEM,HEM,0.975460730142,0.975460730142,0.0,True,1,1.60000002384,0.98
2vyx FMN 1072 F,FMN,FMN,0.32192676446,0.32192676446,0.0,True,1,1.5,0.954
2vyx FMN 1072 D,FMN,FMN,0.350332715547,0.350332715547,0.0,True,1,1.5,0.955
2vyx FMN 1072 C,FMN,FMN,0.387935668758,0.387935668758,0.0,True,1,1.5,0.925
2vyx FMN 1072 A,FMN,FMN,0.409111596421,0.409111596421,0.0,True,1,1.5,0.939
2vyx FMN 1070 H,NAG,FMN,0.34276693175,0.0591019231281,0.283665008621,False,3,1.5,0.884
2vyx FMN 1070 F,FMN,FMN,0.746122958539,0.746122958539,0.0,True,1,1.5,0.957
2vyx FMN 1070 D,FMN,FMN,0.296343475787,0.296343475787,0.0,True,1,1.5,0.927
2vyx FMN 1070 C,FMN,FMN,0.148705219181,0.148705219181,0.0,True,1,1.5,0.925
2vyx FMN 1070 A,NAG,FMN,0.747475463267,0.0134463336148,0.734029129652,False,4,1.5,0.955
2vyx COA 1073 A,BOG,COA,0.178238393693,0.00574603718835,0.172492356504,False,27,1.5,0.826
2vyx COA 1071 F,COA,COA,0.446973082902,0.446973082902,0.0,True,1,1.5,0.91
2vyx COA 1071 D,BGC,COA,0.140957417349,0.0596399314276,0.0813174859212,False,3,1.5,0.921
2vyx COA 1071 C,XYP,COA,0.191226757634,0.00266271378702,0.188564043847,False,60,1.5,0.928
2vyx COA 1071 A,NAG,COA,0.426483139587,0.00358759014515,0.422895549442,False,28,1.5,0.85
2vyx COA 1070 K,BGC,COA,0.160059915575,0.00218730212115,0.157872613454,False,71,1.5,0.898
2vyx COA 1070 J,COA,COA,0.165004925966,0.165004925966,0.0,True,1,1.5,0.912
2vyx COA 1070 I,FAD,COA,0.23344392211,0.117779994923,0.115663927187,False,2,1.5,0.934
2vyx COA 1070 G,COA,COA,0.30719475989,0.30719475989,0.0,True,1,1.5,0.939
2vyx COA 1070 E,XYP,COA,0.184995097654,0.153721435742,0.0312736619128,False,2,1.5,0.935
2vyx COA 1069 B,SAM,COA,0.151662041734,0.00320489078657,0.148457150948,False,41,1.5,0.926
2vyx COA 1068 L,NAG,COA,0.991426859617,1.27633052524e-05,0.991414096312,False,192,1.5,0.836
2vyv NAD 1340 D,NAD,NAD,0.938649562017,0.938649562017,0.0,True,1,2.40000009537,0.915
2vyv NAD 1334 B,NAD,NAD,0.681746100609,0.681746100609,0.0,True,1,2.40000009537,0.881
2vyv NAD 1333 A,NAD,NAD,0.448580216182,0.448580216182,0.0,True,1,2.40000009537,0.903
2vyv NAD 1332 C,GOL,NAD,0.245142029472,0.0208332570726,0.224308772399,False,8,2.40000009537,0.82
2vyu CHT 317 C,SO4,CHT,0.250944648251,0.00269531161486,0.248249336636,False,16,1.89999997616,0.81
2vyu CHT 314 C,DMS,CHT,0.444420775629,0.000725923339349,0.44369485229,False,26,1.89999997616,0.824
2vyu CHT 313 C,EDO,CHT,0.235270839832,0.00078503550544,0.234485804327,False,53,1.89999997616,0.82
2vyu CHT 312 C,EDO,CHT,0.650848579377,0.000484595872117,0.650363983505,False,35,1.89999997616,0.652
2vyq FAD 304 A,FAD,FAD,0.775242799268,0.775242799268,0.0,True,1,1.89999997616,0.958
2vyn NAD 1341 D,NAD,NAD,0.950590836015,0.950590836015,0.0,True,1,2.20000004768,0.98
2vyn NAD 1336 B,NAD,NAD,0.939259854983,0.939259854983,0.0,True,1,2.20000004768,0.971
2vyn NAD 1335 A,NAD,NAD,0.982517539401,0.982517539401,0.0,True,1,2.20000004768,0.975
2vyn NAD 1334 C,ADP_MG,NAD,0.200500292074,0.154156109942,0.0463441821319,False,2,2.20000004768,0.954
2vy0 MPD 1299 A,TRS,MPD,0.824003269415,0.00058758919542,0.823415680219,False,24,2.20000004768,0.677
2vxk COA 1193 A,COA,COA,0.744760021633,0.744760021633,0.0,True,1,1.79999995232,0.978
2vxj GAL 202 T,NAG,GAL,0.991102432719,9.27135781857e-05,0.991009719141,False,20,1.89999997616,0.943
2vxj GAL 202 O,NAG,GAL,0.349764258659,0.00424615814237,0.345518100516,False,23,1.89999997616,0.929
2vxj GAL 202 N,MAN,GAL,0.379051897945,0.0374737865395,0.341578111406,False,4,1.89999997616,0.898
2vxi HEM 200 J,DMS,HEM,0.38744162613,0.000452985398212,0.386988640731,False,185,1.89999997616,0.937
2vxi HEM 200 C,SO4,HEM,0.33956404492,0.000573304903975,0.338990740016,False,78,1.89999997616,0.939
2vwi ANP 1300 D,NAD,ANP_MG,0.348288692233,0.00865154781433,0.339637144418,False,11,2.20000004768,0.76
2vwi ANP 1295 B,GAL_SIA,ANP_MG,0.2660662803,0.00316766164447,0.262898618656,False,32,2.20000004768,0.818
2vwi ANP 1294 C,ADP_MG,ANP_MG,0.229732552318,0.0121449145642,0.217587637754,False,16,2.20000004768,0.882
2vvm FAD 600 B,FAD,FAD,0.974580133396,0.974580133396,0.0,True,1,1.79999995232,0.956
2vvm FAD 600 A,FAD,FAD,0.920984632211,0.920984632211,0.0,True,1,1.79999995232,0.966
2vvl FAD 600 H,FAD,FAD,0.967760768062,0.967760768062,0.0,True,1,2.40000009537,0.96
2vvl FAD 600 G,FAD,FAD,0.924274300258,0.924274300258,0.0,True,1,2.40000009537,0.958
2vvl FAD 600 F,FAD,FAD,0.977927683987,0.977927683987,0.0,True,1,2.40000009537,0.965
2vvl FAD 600 E,FAD,FAD,0.972250696189,0.972250696189,0.0,True,1,2.40000009537,0.971
2vvl FAD 600 D,FAD,FAD,0.806323321182,0.806323321182,0.0,True,1,2.40000009537,0.963
2vvl FAD 600 C,FAD,FAD,0.883089317357,0.883089317357,0.0,True,1,2.40000009537,0.966
2vvl FAD 600 B,FAD,FAD,0.938792411631,0.938792411631,0.0,True,1,2.40000009537,0.977
2vvl FAD 600 A,FAD,FAD,0.914495440236,0.914495440236,0.0,True,1,2.40000009537,0.98
2vvg ADP 1351 B,ADP,ADP,0.760899118386,0.760899118386,0.0,True,1,1.60000002384,0.975
2vvg ADP 1351 A,ADP,ADP,0.84791973924,0.84791973924,0.0,True,1,1.60000002384,0.974
2vv7 HEM 1258 D,HEM,HEM,0.988141670917,0.988141670917,0.0,True,1,1.79999995232,0.967
2vv7 HEM 1258 C,CMO_HEM,HEM,0.692514046485,0.25219373257,0.440320313915,False,2,1.79999995232,0.969
2vv7 HEM 1258 B,HEM,HEM,0.971120604908,0.971120604908,0.0,True,1,1.79999995232,0.97
2vv7 HEM 1258 A,HEM,HEM,0.781931280979,0.781931280979,0.0,True,1,1.79999995232,0.967
2vv6 HEM 1259 D,CMO_HEM,HEM,0.603918526656,0.280270012301,0.323648514355,False,2,1.5,0.981
2vv6 HEM 1259 C,HEM,HEM,0.813178523704,0.813178523704,0.0,True,1,1.5,0.975
2vv6 HEM 1258 A,HEM,HEM,0.843517557085,0.843517557085,0.0,True,1,1.5,0.977
2vut NAD 1355 G,SO4,NAD,0.161079441599,0.0162015831267,0.144877858472,False,8,2.29999995232,0.967
2vut NAD 1355 C,FAD,NAD,0.179139658932,0.00661184653856,0.172527812393,False,13,2.29999995232,0.961
2vut NAD 1354 H,SO4,NAD,0.143692316764,0.0435355018213,0.100156814943,False,5,2.29999995232,0.953
2vut NAD 1354 F,UDP,NAD,0.13169890916,0.0366659906291,0.0950329185307,False,7,2.29999995232,0.948
2vut NAD 1354 D,SO4,NAD,0.143356156777,0.0174064570442,0.125949699733,False,9,2.29999995232,0.951
2vut NAD 1353 B,NAP,NAD,0.261117322439,0.196706409597,0.0644109128423,False,2,2.29999995232,0.911
2vut NAD 1353 A,NAD,NAD,0.245653759497,0.245653759497,0.0,True,1,2.29999995232,0.949
2vuo AZI 1453 B,EDO,AZI,0.581895061576,0.000970937524436,0.580924124052,False,40,2.0,0.929
2vug MPD 502 B,SO4,MPD,0.376719663673,0.0284916815385,0.348227982135,False,3,2.90000009537,0.876
2vue BLA 2001 B,NAP,BLA,0.066759939382,0.00205106290422,0.0647088764778,False,98,2.40000009537,0.898
2vue BLA 2001 A,MES,BLA,0.289370099651,0.000923501048309,0.288446598603,False,178,2.40000009537,0.885
2vtz COA 1393 B,SO4,COA,0.402714697921,0.000571096485004,0.402143601436,False,139,2.29999995232,0.759
2vtz COA 1393 A,DMS,COA,0.312472900975,0.000724124612689,0.311748776362,False,187,2.29999995232,0.788
2vtk ADP 400 A,ADP,ADP,0.525641894858,0.525641894858,0.0,True,1,2.79999995232,0.964
2vte KCX 198 A,KCX,KCX,0.550585784617,0.550585784617,0.0,True,1,2.20000004768,0.97
2vtd KCX 198 A,KCX,KCX,0.933008387899,0.933008387899,0.0,True,1,1.89999997616,0.978
2vtb FAD 998 F,FAD,FAD,0.974551337427,0.974551337427,0.0,True,1,2.0,0.938
2vtb FAD 998 E,FAD,FAD,0.988760362563,0.988760362563,0.0,True,1,2.0,0.959
2vtb FAD 998 D,FAD,FAD,0.967330547563,0.967330547563,0.0,True,1,2.0,0.944
2vtb FAD 998 C,FAD,FAD,0.989948328697,0.989948328697,0.0,True,1,2.0,0.955
2vtb FAD 998 B,ANP_MG,FAD,0.0948023311006,0.0159141906624,0.0788881404382,False,13,2.0,0.948
2vtb FAD 998 A,FAD,FAD,0.983389020437,0.983389020437,0.0,True,1,2.0,0.946
2vt2 NAD 1214 B,SO4,NAD,0.180838289822,0.00308009090737,0.177758198915,False,40,2.29999995232,0.84
2vt2 NAD 1210 A,ADP,NAD,0.343885762398,0.0655993241276,0.27828643827,False,3,2.29999995232,0.961
2vse MPD 1867 B,GOL,MPD,0.219483391498,0.0744668070561,0.145016584442,False,4,2.5,0.932
2vse MPD 1867 A,SO4,MPD,0.194221865297,0.00553163696971,0.188690228327,False,32,2.5,0.986
2vs5 MPD 1362 B,SO4,MPD,0.632878777906,0.0117611111937,0.621117666712,False,6,1.79999995232,0.865
2vry HEM 1150 A,HEM,HEM,0.718766028763,0.718766028763,0.0,True,1,1.89999997616,0.978
2vrm FAD 600 B,FAD,FAD,0.882054739829,0.882054739829,0.0,True,1,2.29999995232,0.975
2vrm FAD 600 A,FAD,FAD,0.733128475386,0.733128475386,0.0,True,1,2.29999995232,0.968
2vrl FAD 600 B,FAD,FAD,0.656969513156,0.656969513156,0.0,True,1,2.40000009537,0.985
2vrl FAD 600 A,FAD,FAD,0.981661964235,0.981661964235,0.0,True,1,2.40000009537,0.983
2vr0 HEM 1005 E,HEM,HEM,0.937219872616,0.937219872616,0.0,True,1,2.79999995232,0.963
2vr0 HEM 1005 D,HEM,HEM,0.941617910344,0.941617910344,0.0,True,1,2.79999995232,0.971
2vr0 HEM 1005 B,HEC,HEM,0.828070462359,0.157074172226,0.670996290134,False,2,2.79999995232,0.968
2vr0 HEM 1005 A,HEM,HEM,0.472067958243,0.472067958243,0.0,True,1,2.79999995232,0.967
2vr0 HEM 1004 F,HEC,HEM,0.560335564817,0.391320809426,0.169014755391,False,2,2.79999995232,0.966
2vr0 HEM 1004 E,HEM,HEM,0.913378807945,0.913378807945,0.0,True,1,2.79999995232,0.966
2vr0 HEM 1004 C,HEM,HEM,0.740611445075,0.740611445075,0.0,True,1,2.79999995232,0.975
2vr0 HEM 1004 A,EDO,HEM,0.241861257148,0.000741131463563,0.241120125684,False,75,2.79999995232,0.97
2vr0 HEM 1003 F,HEM,HEM,0.611555047286,0.611555047286,0.0,True,1,2.79999995232,0.971
2vr0 HEM 1003 E,HEM,HEM,0.621528590684,0.621528590684,0.0,True,1,2.79999995232,0.967
2vr0 HEM 1003 D,HEM,HEM,0.885170709142,0.885170709142,0.0,True,1,2.79999995232,0.964
2vr0 HEM 1003 C,HEM,HEM,0.643079346183,0.643079346183,0.0,True,1,2.79999995232,0.971
2vr0 HEM 1003 B,HEC,HEM,0.475891063137,0.429856571334,0.0460344918029,False,2,2.79999995232,0.973
2vr0 HEM 1002 F,HEC,HEM,0.753259713588,0.171038602503,0.582221111085,False,2,2.79999995232,0.963
2vr0 HEM 1002 E,HEC,HEM,0.94522199497,0.0447153803099,0.90050661466,False,2,2.79999995232,0.964
2vr0 HEM 1002 D,HEM,HEM,0.909121451159,0.909121451159,0.0,True,1,2.79999995232,0.964
2vr0 HEM 1002 C,HEM,HEM,0.531652355684,0.531652355684,0.0,True,1,2.79999995232,0.953
2vr0 HEM 1002 B,HEM,HEM,0.576317475525,0.576317475525,0.0,True,1,2.79999995232,0.97
2vr0 HEM 1002 A,HEM,HEM,0.733117627735,0.733117627735,0.0,True,1,2.79999995232,0.972
2vr0 HEM 1001 F,HEM,HEM,0.790047515697,0.790047515697,0.0,True,1,2.79999995232,0.934
2vr0 HEM 1001 E,NAG,HEM,0.379373726746,0.0628479006242,0.316525826122,False,3,2.79999995232,0.954
2vr0 HEM 1001 D,HEM,HEM,0.958213703112,0.958213703112,0.0,True,1,2.79999995232,0.977
2vr0 HEM 1001 C,HEM,HEM,0.942537250627,0.942537250627,0.0,True,1,2.79999995232,0.959
2vr0 HEM 1001 B,HEM,HEM,0.852721331056,0.852721331056,0.0,True,1,2.79999995232,0.965
2vr0 HEM 1001 A,NAG,HEM,0.363359802586,0.0641273920152,0.299232410571,False,4,2.79999995232,0.96
2vqi LDA 1639 B,C8E,LDA,0.11356510917,0.00586706995422,0.107698039215,False,36,3.20000004768,0.818
2vqi LDA 1638 A,BOG,LDA,0.0971494164639,0.0535917816154,0.0435576348484,False,4,3.20000004768,0.885
2vqb FAD 500 B,FAD,FAD,0.994774378527,0.994774378527,0.0,True,1,2.79999995232,0.971
2vqb FAD 500 A,FAD,FAD,0.992623356138,0.992623356138,0.0,True,1,2.79999995232,0.97
2vq7 FAD 1453 C,FAD,FAD,0.989846668429,0.989846668429,0.0,True,1,2.59999990463,0.973
2vq7 FAD 1451 D,FAD,FAD,0.998362668197,0.998362668197,0.0,True,1,2.59999990463,0.966
2vq7 FAD 1451 A,FAD,FAD,0.986186545004,0.986186545004,0.0,True,1,2.59999990463,0.975
2vou FAD 1395 A,FAD,FAD,0.984828026718,0.984828026718,0.0,True,1,2.59999990463,0.976
2voj NAD 500 E,FAD,NAD,0.296758837818,0.240936359435,0.0558224783837,False,2,2.59999990463,0.98
2voj NAD 500 C,NAD,NAD,0.88594656904,0.88594656904,0.0,True,1,2.59999990463,0.98
2voj NAD 500 A,NAD,NAD,0.670256500348,0.670256500348,0.0,True,1,2.59999990463,0.986
2voa OCS 167 B,OCS,OCS,0.794836852167,0.794836852167,0.0,True,1,1.70000004768,0.951
2voa OCS 167 A,CSD,OCS,0.621559014191,0.198811032794,0.422747981397,False,2,1.70000004768,0.958
2vo2 HEM 1250 X,HEM,HEM,0.945127386635,0.945127386635,0.0,True,1,1.89999997616,0.98
2vnz HEM 251 X,HEM,HEM,0.952902030547,0.952902030547,0.0,True,1,1.29999995232,0.982
2vnk FAD 273 D,NAP,FAD,0.535949187322,0.368299122531,0.167650064791,False,2,1.5,0.95
2vnk FAD 273 C,FAD,FAD,0.689566696812,0.689566696812,0.0,True,1,1.5,0.962
2vnk FAD 273 B,FAD,FAD,0.696474362134,0.696474362134,0.0,True,1,1.5,0.945
2vnk FAD 273 A,FAD,FAD,0.836975001517,0.836975001517,0.0,True,1,1.5,0.964
2vnj FAD 273 A,FAD,FAD,0.461355313815,0.461355313815,0.0,True,1,2.0,0.874
2vni FAD 273 A,FAD,FAD,0.818371536551,0.818371536551,0.0,True,1,2.0,0.943
2vnh FAD 273 A,FAD,FAD,0.288985143784,0.288985143784,0.0,True,1,1.79999995232,0.946
2vn0 HEM 500 A,HEM,HEM,0.876526058154,0.876526058154,0.0,True,1,2.70000004768,0.985
2vmy PLP 501 B,SO4,PLP,0.532076574003,0.25993621497,0.272140359033,False,2,2.70000004768,0.954
2vmy PLP 501 A,SO4,PLP,0.754328209665,0.00136457887703,0.752963630788,False,10,2.70000004768,0.93
2vmx MPD 701 A,MRD,MPD,0.24105864867,0.131547632765,0.109511015906,False,3,1.79999995232,0.824
2vmw PLP 501 A,PLP,PLP,0.973156636585,0.973156636585,0.0,True,1,1.70000004768,0.971
2vmw MPD 701 A,GOL,MPD,0.190130722595,0.137815850999,0.0523148715958,False,3,1.70000004768,0.826
2vmv PLP 501 A,PLP,PLP,0.967009781599,0.967009781599,0.0,True,1,1.70000004768,0.949
2vmu PLP 501 A,PLP,PLP,0.736566868003,0.736566868003,0.0,True,1,1.79999995232,0.923
2vmu MPD 701 A,GOL,MPD,0.478721632425,0.0536998558109,0.425021776614,False,3,1.79999995232,0.847
2vmt PLP 501 A,PLP,PLP,0.983849514678,0.983849514678,0.0,True,1,1.70000004768,0.963
2vmt MPD 701 A,MRD,MPD,0.2722397559,0.18293325529,0.0893065006101,False,3,1.70000004768,0.755
2vms PLP 501 A,PLP,PLP,0.874664631278,0.874664631278,0.0,True,1,2.20000004768,0.921
2vms MPD 701 A,GOL,MPD,0.507469708605,0.111260900944,0.396208807661,False,2,2.20000004768,0.899
2vmr PLP 501 A,PLP,PLP,0.930757378061,0.930757378061,0.0,True,1,1.70000004768,0.957
2vmq PLP 501 A,PLP,PLP,0.986081464284,0.986081464284,0.0,True,1,1.70000004768,0.943
2vmp PLP 501 A,PLP,PLP,0.932823113702,0.932823113702,0.0,True,1,1.70000004768,0.963
2vmo PLP 501 A,PLP,PLP,0.975114834023,0.975114834023,0.0,True,1,1.70000004768,0.949
2vmo MPD 701 A,MPD,MPD,0.463489883882,0.463489883882,0.0,True,1,1.70000004768,0.88
2vmn PLP 501 A,PLP,PLP,0.981563631537,0.981563631537,0.0,True,1,1.70000004768,0.957
2vm9 MPD 503 A,MPD,MPD,0.875579391089,0.875579391089,0.0,True,1,1.70000004768,0.902
2vm9 MPD 502 A,MRD,MPD,0.464951650277,0.0881992402377,0.376752410039,False,2,1.70000004768,0.965
2vlx HEM 1154 A,HEM,HEM,0.925803609508,0.925803609508,0.0,True,1,1.29999995232,0.979
2vlh PLP 1257 B,PLP,PLP,0.921285941478,0.921285941478,0.0,True,1,2.0,0.98
2vku HEM 1450 A,HEM,HEM,0.964852424027,0.964852424027,0.0,True,1,2.0,0.966
2vka HEM 1320 A,HEM,HEM,0.994608928341,0.994608928341,0.0,True,1,2.0,0.982
2vjo COA 1169 B,CMP,COA,0.387801546113,0.177722568714,0.210078977399,False,2,2.20000004768,0.907
2vjo COA 1169 A,NAP,COA,0.39780633645,0.0635678380025,0.334238498448,False,3,2.20000004768,0.925
2vjm COA 1429 B,COA,COA,0.401542959369,0.401542959369,0.0,True,1,1.89999997616,0.946
2vjl COA 1169 B,ALY,COA,0.412421438987,0.00298882447611,0.409432614511,False,34,2.0,0.92
2vjl COA 1169 A,NAP,COA,0.157617251701,0.146233484601,0.0113837670998,False,2,2.0,0.911
2vjk COA 1169 B,ALY,COA,0.421030151597,0.00420672814895,0.416823423448,False,21,2.0,0.9
2vjk COA 1169 A,COA,COA,0.337938267935,0.337938267935,0.0,True,1,2.0,0.944
2vig FAD 600 H,FAD,FAD,0.981393500729,0.981393500729,0.0,True,1,1.89999997616,0.973
2vig FAD 600 G,FAD,FAD,0.990914395377,0.990914395377,0.0,True,1,1.89999997616,0.972
2vig FAD 600 F,FAD,FAD,0.957365798847,0.957365798847,0.0,True,1,1.89999997616,0.978
2vig FAD 600 E,FAD,FAD,0.979983273315,0.979983273315,0.0,True,1,1.89999997616,0.973
2vig FAD 600 D,FAD,FAD,0.980143655912,0.980143655912,0.0,True,1,1.89999997616,0.967
2vig FAD 600 C,FAD,FAD,0.983161913981,0.983161913981,0.0,True,1,1.89999997616,0.971
2vig FAD 600 B,FAD,FAD,0.687423028542,0.687423028542,0.0,True,1,1.89999997616,0.973
2vig FAD 600 A,FAD,FAD,0.937486000249,0.937486000249,0.0,True,1,1.89999997616,0.97
2vib PLP 1406 A,PLP,PLP,0.97626551013,0.97626551013,0.0,True,1,1.79999995232,0.969
2via PLP 1406 A,PLP,PLP,0.9604567771,0.9604567771,0.0,True,1,1.70000004768,0.975
2vi9 PLP 1406 A,PLP,PLP,0.99087912541,0.99087912541,0.0,True,1,2.0,0.968
2vi8 PLP 1406 A,PLP,PLP,0.968889907161,0.968889907161,0.0,True,1,1.70000004768,0.953
2vi7 AZI 1176 C,SO4,AZI,0.570392860925,0.000331696542992,0.570061164382,False,199,2.29999995232,0.921
2vi7 AZI 1174 A,BME,AZI,0.310287420149,0.000817028925148,0.309470391224,False,141,2.29999995232,0.978
2vi7 AZI 1173 B,GOL,AZI,0.889782941887,0.000163512885232,0.889619429001,False,172,2.29999995232,0.886
2vhz NAI 1372 B,NAD,NAI,0.828295302849,0.0454106428703,0.782884659979,False,2,2.0,0.977
2vhz NAI 1372 A,NAD,NAI,0.911157811443,0.0209373017492,0.890220509694,False,2,2.0,0.969
2vhx PYR 1371 C,GOL,PYR,0.432972747118,0.00240882040898,0.430563926709,False,13,2.0,0.875
2vhx NAD 1376 F,NAD,NAD,0.760599739904,0.760599739904,0.0,True,1,2.0,0.984
2vhx NAD 1375 E,NAD,NAD,0.895806256224,0.895806256224,0.0,True,1,2.0,0.978
2vhw NAI 1374 F,NAD,NAI,0.718868006501,0.190604564656,0.528263441845,False,2,2.0,0.981
2vhw NAI 1374 E,NAD,NAI,0.786963172302,0.112927123127,0.674036049175,False,2,2.0,0.972
2vhw NAI 1373 A,NAD,NAI,0.89518381268,0.0379291227759,0.857254689904,False,2,2.0,0.964
2vhw NAI 1372 C,NAD,NAI,0.750732292079,0.165077112477,0.585655179602,False,2,2.0,0.957
2vhw NAI 1372 B,NAD,NAI,0.628727535738,0.187152087124,0.441575448614,False,2,2.0,0.982
2vhw NAI 1371 D,NAI,NAI,0.740767039464,0.740767039464,0.0,True,1,2.0,0.972
2vhv NAI 1372 B,NAD,NAI,0.588668771886,0.00958562199269,0.579083149893,False,4,2.79999995232,0.97
2vhv NAI 1372 A,NAD,NAI,0.892298262017,0.0129671166571,0.87933114536,False,3,2.79999995232,0.974
2vhe COA 300 B,COA,COA,0.362770494829,0.362770494829,0.0,True,1,1.79999995232,0.935
2vhe COA 300 A,P6G,COA,0.256002085048,0.127591064648,0.1284110204,False,2,1.79999995232,0.921
2vhb HEM 150 B,HEM,HEM,0.605503953236,0.605503953236,0.0,True,1,1.70000004768,0.993
2vhb HEM 150 A,HEM,HEM,0.744343969626,0.744343969626,0.0,True,1,1.70000004768,0.993
2vgz PLP 1263 B,NAG,PLP,0.203688644359,0.0978471612845,0.105841483075,False,2,2.09999990463,0.975
2vgz PLP 1263 A,NAG,PLP,0.959704410223,0.000972957679488,0.958731452543,False,9,2.09999990463,0.967
2vgw PLP 1407 A,NDP,PLP,0.407214312676,0.0846595592745,0.322554753401,False,3,1.89999997616,0.885
2vgv PLP 1407 A,LLP,PLP,0.544974827017,0.29722985275,0.247744974267,False,2,2.29999995232,0.923
2vgu PLP 1407 A,PLP,PLP,0.918162346989,0.918162346989,0.0,True,1,1.79999995232,0.962
2vgt PLP 1406 A,PLP,PLP,0.950713594945,0.950713594945,0.0,True,1,1.89999997616,0.951
2vgs PLP 1407 A,PLP,PLP,0.792481670147,0.792481670147,0.0,True,1,2.0,0.95
2vgr BLA 1234 D,GOL,BLA,0.160730239495,0.00193931062683,0.158790928868,False,79,1.89999997616,0.695
2vgr BLA 1234 C,CLA,BLA,0.388035326905,0.053751639332,0.334283687573,False,4,1.89999997616,0.84
2vgr BLA 1234 B,SO4,BLA,0.250040840888,0.00115111601043,0.248889724878,False,127,1.89999997616,0.805
2vgi FBP 1574 D,SO4,FBP,0.472940325731,0.00229349947588,0.470646826255,False,12,2.90000009537,0.916
2vgi FBP 1574 C,MES,FBP,0.61081016237,0.00437095235943,0.60643921001,False,19,2.90000009537,0.949
2vgi FBP 1574 B,SO4,FBP,0.457244027762,0.00103067130937,0.456213356453,False,73,2.90000009537,0.96
2vgi FBP 1574 A,SO4,FBP,0.504236526235,0.000444586636175,0.503791939598,False,146,2.90000009537,0.967
2vgg FBP 580 D,SO4,FBP,0.598467836798,0.008860055786,0.589607781012,False,5,2.59999990463,0.789
2vgg FBP 580 C,SO4,FBP,0.609718736429,0.00742493710119,0.602293799328,False,6,2.59999990463,0.866
2vgg FBP 580 B,SO4,FBP,0.384582514786,0.0027433944865,0.381839120299,False,13,2.59999990463,0.745
2vgd XYP 1205 A,H4B,XYP,0.456656632424,0.173230790063,0.283425842361,False,2,1.79999995232,0.925
2vfu FAD 1418 A,FAD,FAD,0.981200443531,0.981200443531,0.0,True,1,1.89999997616,0.978
2vft FAD 1418 A,FAD,FAD,0.876861811134,0.876861811134,0.0,True,1,1.60000002384,0.981
2vfs FAD 1423 A,FAD,FAD,0.958231158077,0.958231158077,0.0,True,1,1.60000002384,0.969
2vfc COA 1276 B,COA,COA,0.647052304395,0.647052304395,0.0,True,1,2.70000004768,0.948
2vfc COA 1276 A,NAP,COA,0.13928258742,0.0410503940177,0.0982321934023,False,4,2.70000004768,0.936
2vfa 5GP 1227 B,PGE,5GP,0.137509864942,0.00539487180376,0.132114993139,False,30,2.79999995232,0.762
2vf8 ADP 1844 B,ADP,ADP,0.262758285098,0.262758285098,0.0,True,1,3.0,0.971
2vf8 ADP 1844 A,ADP_MG,ADP,0.238059707478,0.138725188826,0.0993345186521,False,2,3.0,0.971
2vf8 ADP 1843 B,ADP,ADP,0.268784449741,0.268784449741,0.0,True,1,3.0,0.951
2vf8 ADP 1843 A,ADP,ADP,0.327639474702,0.327639474702,0.0,True,1,3.0,0.945
2vf7 ADP 1843 C,ATP,ADP_MG,0.53565969583,0.0542723236137,0.481387372217,False,4,2.29999995232,0.956
2vf7 ADP 1843 B,ADP,ADP,0.460538414708,0.460538414708,0.0,True,1,2.29999995232,0.963
2vf7 ADP 1843 A,GDP,ADP,0.574259120116,0.195471332307,0.378787787809,False,2,2.29999995232,0.978
2vf7 ADP 1842 C,UDP,ADP,0.374958410487,0.213751868683,0.161206541804,False,2,2.29999995232,0.969
2vf7 ADP 1842 B,UDP,ADP,0.342090251389,0.0261450326769,0.315945218712,False,6,2.29999995232,0.973
2vf7 ADP 1842 A,UDP,ADP,0.330096610509,0.272995055833,0.057101554676,False,2,2.29999995232,0.975
2vee HEM 1196 H,NAD,HEM,0.109713058391,0.0215686593631,0.0881443990278,False,5,2.59999990463,0.975
2vee HEM 1196 G,HEM,HEM,0.320489895065,0.320489895065,0.0,True,1,2.59999990463,0.974
2vee HEM 1196 F,HEM,HEM,0.762688445901,0.762688445901,0.0,True,1,2.59999990463,0.971
2vee HEM 1196 E,NAG_NAG,HEM,0.420375985058,0.177119193768,0.243256791289,False,2,2.59999990463,0.979
2vee HEM 1196 D,HEM,HEM,0.133923525146,0.133923525146,0.0,True,1,2.59999990463,0.976
2vee HEM 1196 C,HEM,HEM,0.751809399226,0.751809399226,0.0,True,1,2.59999990463,0.981
2vee HEM 1196 B,NAD,HEM,0.0817833271584,0.0334640128223,0.0483193143361,False,3,2.59999990463,0.98
2vee HEM 1196 A,NAD,HEM,0.110039069127,0.00400314940481,0.106035919722,False,46,2.59999990463,0.979
2ved ADP 2229 B,ADP_MG,ADP_MG,0.318335171931,0.318335171931,0.0,True,1,2.59999990463,0.951
2ved ADP 2227 A,GDP_MG,ADP_MG,0.723790340206,0.223172574634,0.500617765572,False,2,2.59999990463,0.978
2ve4 HEM 1443 B,HEM,HEM,0.969945926918,0.969945926918,0.0,True,1,2.40000009537,0.986
2ve4 HEM 1442 A,HEM,HEM,0.98894573976,0.98894573976,0.0,True,1,2.40000009537,0.979
2ve3 HEM 1444 B,HEM,HEM,0.958392200414,0.958392200414,0.0,True,1,2.09999990463,0.972
2ve3 HEM 1444 A,HEM,HEM,0.966214786693,0.966214786693,0.0,True,1,2.09999990463,0.974
2vdr MAN 3323 B,MAN,MAN,0.354106669362,0.354106669362,0.0,True,1,2.40000009537,0.781
2vdq MAN 3323 B,GOL,MAN,0.0922578512273,0.0689618808925,0.0232959703348,False,4,2.59999990463,0.868
2vdp MAN 3324 B,GOL,MAN,0.169085647945,0.0409822375689,0.128103410376,False,6,2.79999995232,0.836
2vdo MAN 3323 B,MAN,MAN,0.183405692576,0.183405692576,0.0,True,1,2.5,0.716
2vdn MAN 3324 B,NAG,MAN,0.154450987465,0.13770894752,0.0167420399452,False,2,2.90000009537,0.784
2vdm MAN 3374 B,GOL,MAN,0.445434208939,0.00165553261231,0.443778676327,False,77,2.90000009537,0.878
2vdm MAN 3324 B,BMA,MAN,0.37987552202,0.0276348905628,0.352240631457,False,7,2.90000009537,0.824
2vdl MAN 3324 B,MAN,MAN,0.192245849033,0.192245849033,0.0,True,1,2.79999995232,0.779
2vdi KCX 201 F,KCX,KCX,0.709572870205,0.709572870205,0.0,True,1,2.59999990463,0.981
2vd8 PLP 1041 B,PLP,PLP,0.956622026434,0.956622026434,0.0,True,1,1.5,0.971
2vd8 PLP 1041 A,PLP,PLP,0.925626645691,0.925626645691,0.0,True,1,1.5,0.981
2vd1 GSH 1202 B,GSH,GSH,0.955619258583,0.955619258583,0.0,True,1,2.29999995232,0.962
2vd1 GSH 1200 D,DMS,GSH,0.442289433911,0.000776472057318,0.441512961854,False,96,2.29999995232,0.91
2vd1 GSH 1200 C,GSH,GSH,0.772525052827,0.772525052827,0.0,True,1,2.29999995232,0.93
2vd1 GSH 1200 A,SAH,GSH,0.187250556191,0.0536731980352,0.133577358156,False,5,2.29999995232,0.898
2vd0 GSH 1201 B,EDO,GSH,0.217187713499,0.00261195036663,0.214575763133,False,20,2.20000004768,0.901
2vd0 GSH 1200 D,ACT,GSH,0.186186021643,0.00103252700697,0.185153494636,False,133,2.20000004768,0.781
2vd0 GSH 1200 A,GOL,GSH,0.475112683785,0.0092717176494,0.465840966135,False,13,2.20000004768,0.848
2vcz GSH 1201 B,GSH,GSH,0.931832850496,0.931832850496,0.0,True,1,2.0,0.925
2vcz GSH 1200 D,DMS,GSH,0.305272020207,0.000594889607034,0.3046771306,False,190,2.0,0.882
2vcz GSH 1200 C,GOL,GSH,0.32361781963,0.0359385541572,0.287679265473,False,4,2.0,0.894
2vcz GSH 1200 A,GSH,GSH,0.663032660438,0.663032660438,0.0,True,1,2.0,0.893
2vcx GSH 1201 C,GSH,GSH,0.895938768134,0.895938768134,0.0,True,1,2.09999990463,0.925
2vcs HEM 1251 A,HEM,HEM,0.985656515235,0.985656515235,0.0,True,1,1.70000004768,0.975
2vcf HEM 1254 X,HEM,HEM,0.984032367133,0.984032367133,0.0,True,1,1.79999995232,0.982
2vc2 MAN 3324 B,GOL,MAN,0.115277938257,0.0497502923292,0.0655276459283,False,4,3.09999990463,0.78
2vb0 CME 147 A,SEP,CME,0.576495723738,0.0229151101203,0.553580613618,False,4,2.40000009537,0.922
2vat COA 1385 K,FMN,COA,0.358498528893,0.0954152265242,0.263083302368,False,2,2.40000009537,0.78
2vat COA 1385 J,COA,COA,0.593099128971,0.593099128971,0.0,True,1,2.40000009537,0.758
2vat COA 1383 I,GOL,COA,0.196042701065,0.00283276369902,0.193209937366,False,28,2.40000009537,0.816
2vat COA 1383 H,BEN,COA,0.31176854024,0.0130701472657,0.298698392974,False,10,2.40000009537,0.776
2vat COA 1383 G,BEN,COA,0.635976685834,0.00408801112989,0.631888674704,False,15,2.40000009537,0.736
2vat COA 1383 E,NAP,COA,0.862120333305,0.089265189021,0.772855144284,False,2,2.40000009537,0.933
2vat COA 1383 B,GOL,COA,0.360585551129,0.00407237220315,0.356513178926,False,22,2.40000009537,0.746
2vat COA 1383 A,NAP,COA,0.655688279872,0.226133815976,0.429554463896,False,2,2.40000009537,0.915
2v9c FMN 1213 A,FMN,FMN,0.989458615391,0.989458615391,0.0,True,1,2.20000004768,0.976
2v8p ADP 1270 B,SO4,ADP,0.644138450608,0.00249180632805,0.641646644279,False,7,2.09999990463,0.843
2v8p ADP 1270 A,POP,ADP,0.256056546619,0.120869777144,0.135186769474,False,2,2.09999990463,0.887
2v8m GLC 1002 C,SO4,GLC,0.355633484012,0.0100504469852,0.345583037027,False,12,2.29999995232,0.864
2v7q ADP 1478 D,ADP_MG,ADP_MG,0.919847996689,0.919847996689,0.0,True,1,2.09999990463,0.974
2v7q ADP 1475 F,ADP_MG,ADP_MG,0.856667522433,0.856667522433,0.0,True,1,2.09999990463,0.971
2v7p NAD 1332 D,NAI,NAD,0.868352626245,0.112644467175,0.75570815907,False,2,2.09999990463,0.957
2v7p NAD 1332 C,NAI,NAD,0.866362842153,0.124076613941,0.742286228212,False,2,2.09999990463,0.962
2v7p NAD 1332 B,NAD,NAD,0.604493051169,0.604493051169,0.0,True,1,2.09999990463,0.967
2v7p NAD 1332 A,NAD,NAD,0.902646588078,0.902646588078,0.0,True,1,2.09999990463,0.967
2v7m HEM 404 A,HEM,HEM,0.882590362582,0.882590362582,0.0,True,1,2.0,0.959
2v7i HEM 1362 A,HEM,HEM,0.919574589417,0.919574589417,0.0,True,1,1.70000004768,0.94
2v7g NAD 3001 D,NAD,NAD,0.938690163977,0.938690163977,0.0,True,1,2.0,0.976
2v7g NAD 3001 C,NAD,NAD,0.921714783051,0.921714783051,0.0,True,1,2.0,0.967
2v7g NAD 3001 B,NAD,NAD,0.967735915963,0.967735915963,0.0,True,1,2.0,0.978
2v7g NAD 3001 A,NAD,NAD,0.978472297241,0.978472297241,0.0,True,1,2.0,0.976
2v72 GAL 1140 A,NAD,GAL,0.1454672681,0.0203942408302,0.125073027269,False,12,2.29999995232,0.891
2v6o FAD 1594 A,ADP,FAD,0.267417761968,0.172526321845,0.0948914401232,False,2,2.20000004768,0.912
2v69 HYP 104 G,SO4,HYP,0.749688606234,0.00276629279544,0.746922313439,False,15,2.79999995232,0.972
2v69 HYP 104 F,SMC,HYP,0.405476380709,0.0104188643053,0.395057516404,False,10,2.79999995232,0.981
2v69 HYP 104 E,SO4,HYP,0.490610474177,0.0141778413722,0.476432632805,False,9,2.79999995232,0.975
2v69 HYP 104 D,CSD,HYP,0.440952428715,0.014480519041,0.426471909674,False,9,2.79999995232,0.961
2v69 HYP 104 C,SO4,HYP,0.309137783994,0.0296096072732,0.279528176721,False,4,2.79999995232,0.98
2v69 HYP 104 B,SO4,HYP,0.257363508739,0.226205402729,0.0311581060104,False,2,2.79999995232,0.971
2v69 HYP 104 A,SMC,HYP,0.143440820714,0.0107280547256,0.132712765989,False,16,2.79999995232,0.97
2v69 CAP 1471 F,CAP_KCX_MG,CAP_KCX_MG,0.750978937548,0.750978937548,0.0,True,1,2.79999995232,0.975
2v69 CAP 1471 E,CAP_KCX_MG,CAP_KCX_MG,0.7892139129,0.7892139129,0.0,True,1,2.79999995232,0.979
2v69 CAP 1471 B,APR,CAP_KCX_MG,0.237607198192,0.00593286154518,0.231674336647,False,18,2.79999995232,0.958
2v69 CAP 1471 A,CAP_KCX_MG,CAP_KCX_MG,0.893204986362,0.893204986362,0.0,True,1,2.79999995232,0.97
2v68 HYP 151 H,HYP,HYP,0.862147344343,0.862147344343,0.0,True,1,2.20000004768,0.913
2v68 HYP 151 G,HYP,HYP,0.958912480101,0.958912480101,0.0,True,1,2.20000004768,0.972
2v68 HYP 151 F,HYP,HYP,0.986353770253,0.986353770253,0.0,True,1,2.20000004768,0.972
2v68 HYP 151 E,HYP,HYP,0.840976520407,0.840976520407,0.0,True,1,2.20000004768,0.948
2v68 HYP 151 D,HYP,HYP,0.954549942015,0.954549942015,0.0,True,1,2.20000004768,0.963
2v68 HYP 151 C,HYP,HYP,0.993061353063,0.993061353063,0.0,True,1,2.20000004768,0.977
2v68 HYP 151 B,HYP,HYP,0.987521801726,0.987521801726,0.0,True,1,2.20000004768,0.973
2v68 HYP 151 A,HYP,HYP,0.993670211737,0.993670211737,0.0,True,1,2.20000004768,0.942
2v68 HYP 104 H,HYP,HYP,0.992343597819,0.992343597819,0.0,True,1,2.20000004768,0.963
2v68 HYP 104 G,HYP,HYP,0.98292265776,0.98292265776,0.0,True,1,2.20000004768,0.966
2v68 HYP 104 F,HYP,HYP,0.806951262377,0.806951262377,0.0,True,1,2.20000004768,0.936
2v68 HYP 104 E,HYP,HYP,0.996243349638,0.996243349638,0.0,True,1,2.20000004768,0.954
2v68 HYP 104 D,CME,HYP,0.729238332719,0.0106569392238,0.718581393495,False,5,2.20000004768,0.969
2v68 HYP 104 C,HYP,HYP,0.941562937397,0.941562937397,0.0,True,1,2.20000004768,0.947
2v68 HYP 104 B,HYP,HYP,0.775391535774,0.775391535774,0.0,True,1,2.20000004768,0.969
2v68 HYP 104 A,HYP,HYP,0.995360948578,0.995360948578,0.0,True,1,2.20000004768,0.931
2v68 CAP 477 H,CAP_KCX_MG,CAP_KCX_MG,0.993857783446,0.993857783446,0.0,True,1,2.20000004768,0.987
2v68 CAP 477 G,CAP_KCX_MG,CAP_KCX_MG,0.986527677756,0.986527677756,0.0,True,1,2.20000004768,0.981
2v68 CAP 477 F,CAP_KCX_MG,CAP_KCX_MG,0.984046767711,0.984046767711,0.0,True,1,2.20000004768,0.984
2v68 CAP 477 D,CAP_KCX_MG,CAP_KCX_MG,0.997545464174,0.997545464174,0.0,True,1,2.20000004768,0.971
2v68 CAP 477 C,CAP_KCX_MG,CAP_KCX_MG,0.978110718806,0.978110718806,0.0,True,1,2.20000004768,0.983
2v68 CAP 477 B,CAP_KCX_MG,CAP_KCX_MG,0.966988431357,0.966988431357,0.0,True,1,2.20000004768,0.978
2v68 CAP 477 A,CAP_KCX_MG,CAP_KCX_MG,0.989800534883,0.989800534883,0.0,True,1,2.20000004768,0.98
2v67 HYP 151 H,HYP,HYP,0.230159994231,0.230159994231,0.0,True,1,2.0,0.955
2v67 HYP 151 G,HYP,HYP,0.979067554966,0.979067554966,0.0,True,1,2.0,0.966
2v67 HYP 151 F,HYP,HYP,0.95222086156,0.95222086156,0.0,True,1,2.0,0.973
2v67 HYP 151 E,HYP,HYP,0.97201726888,0.97201726888,0.0,True,1,2.0,0.969
2v67 HYP 151 D,HYP,HYP,0.983943546506,0.983943546506,0.0,True,1,2.0,0.977
2v67 HYP 151 C,HYP,HYP,0.972800694751,0.972800694751,0.0,True,1,2.0,0.975
2v67 HYP 151 B,HYP,HYP,0.784339893031,0.784339893031,0.0,True,1,2.0,0.969
2v67 HYP 151 A,HYP,HYP,0.83792176441,0.83792176441,0.0,True,1,2.0,0.958
2v67 HYP 104 H,HYP,HYP,0.928817524334,0.928817524334,0.0,True,1,2.0,0.966
2v67 HYP 104 G,HYP,HYP,0.964032530377,0.964032530377,0.0,True,1,2.0,0.975
2v67 HYP 104 F,HYP,HYP,0.970345907821,0.970345907821,0.0,True,1,2.0,0.962
2v67 HYP 104 E,HYP,HYP,0.976493604311,0.976493604311,0.0,True,1,2.0,0.971
2v67 HYP 104 D,HYP,HYP,0.961153394471,0.961153394471,0.0,True,1,2.0,0.969
2v67 HYP 104 C,HYP,HYP,0.981019125773,0.981019125773,0.0,True,1,2.0,0.97
2v67 HYP 104 B,HYP,HYP,0.969914852662,0.969914852662,0.0,True,1,2.0,0.981
2v67 HYP 104 A,HYP,HYP,0.938575343041,0.938575343041,0.0,True,1,2.0,0.972
2v67 CAP 477 H,CAP_KCX_MG,CAP_KCX_MG,0.974777116717,0.974777116717,0.0,True,1,2.0,0.984
2v67 CAP 477 G,CAP_KCX_MG,CAP_KCX_MG,0.982906320098,0.982906320098,0.0,True,1,2.0,0.981
2v67 CAP 477 F,CAP_KCX_MG,CAP_KCX_MG,0.992959731542,0.992959731542,0.0,True,1,2.0,0.979
2v67 CAP 477 E,CAP_KCX_MG,CAP_KCX_MG,0.97418829631,0.97418829631,0.0,True,1,2.0,0.98
2v67 CAP 477 D,CAP_KCX_MG,CAP_KCX_MG,0.987418847434,0.987418847434,0.0,True,1,2.0,0.983
2v67 CAP 477 C,CAP_KCX_MG,CAP_KCX_MG,0.992735558972,0.992735558972,0.0,True,1,2.0,0.984
2v67 CAP 477 B,CAP_KCX_MG,CAP_KCX_MG,0.992635333009,0.992635333009,0.0,True,1,2.0,0.983
2v63 SMC 256 D,SMC,SMC,0.862655988908,0.862655988908,0.0,True,1,1.79999995232,0.979
2v63 SMC 256 C,SMC,SMC,0.605200843071,0.605200843071,0.0,True,1,1.79999995232,0.982
2v63 SMC 256 B,SMC,SMC,0.691089362826,0.691089362826,0.0,True,1,1.79999995232,0.965
2v63 SMC 256 A,SMC,SMC,0.882752315475,0.882752315475,0.0,True,1,1.79999995232,0.977
2v63 HYP 151 H,HYP,HYP,0.941948761636,0.941948761636,0.0,True,1,1.79999995232,0.955
2v63 HYP 151 G,HYP,HYP,0.909958559712,0.909958559712,0.0,True,1,1.79999995232,0.961
2v63 HYP 151 F,HYP,HYP,0.943792545706,0.943792545706,0.0,True,1,1.79999995232,0.95
2v63 HYP 151 E,HYP,HYP,0.579374446675,0.579374446675,0.0,True,1,1.79999995232,0.959
2v63 HYP 151 D,OCS,HYP,0.400038936133,0.393473816425,0.00656511970741,False,2,1.79999995232,0.947
2v63 HYP 151 C,HYP,HYP,0.973354072385,0.973354072385,0.0,True,1,1.79999995232,0.97
2v63 HYP 151 B,HYP,HYP,0.912849312159,0.912849312159,0.0,True,1,1.79999995232,0.959
2v63 HYP 151 A,HYP,HYP,0.931270798513,0.931270798513,0.0,True,1,1.79999995232,0.935
2v63 HYP 104 H,HYP,HYP,0.827628771869,0.827628771869,0.0,True,1,1.79999995232,0.967
2v63 HYP 104 G,HYP,HYP,0.921694588908,0.921694588908,0.0,True,1,1.79999995232,0.964
2v63 HYP 104 F,HYP,HYP,0.95779841121,0.95779841121,0.0,True,1,1.79999995232,0.95
2v63 HYP 104 E,HYP,HYP,0.873843518789,0.873843518789,0.0,True,1,1.79999995232,0.942
2v63 HYP 104 D,HYP,HYP,0.884268493667,0.884268493667,0.0,True,1,1.79999995232,0.939
2v61 FAD 1502 A,FAD,FAD,0.905891110243,0.905891110243,0.0,True,1,1.70000004768,0.981
2v5v FMN 170 B,FMN,FMN,0.546512731005,0.546512731005,0.0,True,1,1.89999997616,0.926
2v5v FMN 170 A,FMN,FMN,0.994982480979,0.994982480979,0.0,True,1,1.89999997616,0.967
2v5u FMN 1170 B,FMN,FMN,0.965341576162,0.965341576162,0.0,True,1,2.0,0.977
2v5u FMN 1170 A,FMN,FMN,0.960667082918,0.960667082918,0.0,True,1,2.0,0.976
2v5c CAC 1628 B,SO4,CAC,0.407609904542,0.00858171466306,0.399028189879,False,6,2.09999990463,0.938
2v5c CAC 1627 B,SO4,CAC,0.741440100757,0.00938840607695,0.73205169468,False,4,2.09999990463,0.965
2v5c CAC 1627 A,SO4,CAC,0.861387586818,0.000193760286314,0.861193826532,False,21,2.09999990463,0.972
2v4v XYP 3051 A,BGC,XYP,0.351316679288,0.0780273510751,0.273289328213,False,3,1.5,0.952
2v2z ADP 1270 B,UMP,ADP,0.236147113974,0.0300506388936,0.206096475081,False,7,2.29999995232,0.954
2v2z ADP 1270 A,ADP,ADP,0.322710023583,0.322710023583,0.0,True,1,2.29999995232,0.961
2v2e HEM 1295 A,HEM,HEM,0.967778222073,0.967778222073,0.0,True,1,1.70000004768,0.982
2v23 HEM 1295 A,HEM,HEM,0.990275102514,0.990275102514,0.0,True,1,1.79999995232,0.984
2v21 FMN 101 F,BOG,FMN,0.110768000846,0.00365307552735,0.107114925318,False,54,2.40000009537,0.652
2v1x ADP 1593 B,ADP_MG,ADP_MG,0.251947779074,0.251947779074,0.0,True,1,2.0,0.972
2v1x ADP 1593 A,GDP_MG,ADP_MG,0.444438287969,0.253624929093,0.190813358876,False,2,2.0,0.969
2v1u ADP 1400 A,ADP_MG,ADP_MG,0.304307758278,0.304307758278,0.0,True,1,3.09999990463,0.948
2v1p CME 352 A,CSO,CME,0.607064597807,0.164271077238,0.442793520568,False,2,1.89999997616,0.945
2v1p CME 298 A,CSX,CME,0.280318063429,0.0714384514202,0.208879612009,False,5,1.89999997616,0.935
2v1o COA 1162 F,COA,COA,0.951527885754,0.951527885754,0.0,True,1,1.79999995232,0.903
2v1o COA 1162 D,COA,COA,0.976248820675,0.976248820675,0.0,True,1,1.79999995232,0.954
2v1o COA 1162 B,COA,COA,0.953459519307,0.953459519307,0.0,True,1,1.79999995232,0.948
2v1k HEM 1154 A,HEM,HEM,0.977264892962,0.977264892962,0.0,True,1,1.29999995232,0.987
2v1j HEM 1154 A,NDP,HEM,0.112127649101,0.005877377848,0.106250271253,False,28,1.39999997616,0.989
2v1i HEM 1154 A,HEM,HEM,0.968801914128,0.968801914128,0.0,True,1,1.20000004768,0.987
2v1h HEM 1154 A,HEM,HEM,0.943191626673,0.943191626673,0.0,True,1,1.29999995232,0.985
2v1b FMN 1547 A,FMN,FMN,0.944479310431,0.944479310431,0.0,True,1,1.60000002384,0.961
2v1a FMN 1547 A,FMN,FMN,0.856020385784,0.856020385784,0.0,True,1,1.70000004768,0.97
2v19 FMN 101 L,NAG,FMN,0.424854032244,0.0191422794072,0.405711752836,False,4,2.59999990463,0.919
2v19 FMN 101 K,NAG,FMN,0.307244134924,0.0247998864061,0.282444248518,False,7,2.59999990463,0.928
2v19 FMN 101 J,CLA,FMN,0.493141603768,0.0501647714865,0.442976832282,False,3,2.59999990463,0.945
2v19 FMN 101 I,CLA,FMN,0.576874506445,0.0123348497163,0.564539656728,False,7,2.59999990463,0.931
2v19 FMN 101 G,NAG,FMN,0.72163728244,0.000666179372705,0.720971103067,False,69,2.59999990463,0.689
2v19 FMN 101 F,NAG,FMN,0.935196942234,0.00357580673229,0.931621135502,False,3,2.59999990463,0.908
2v19 FMN 101 E,FMN,FMN,0.220475398095,0.220475398095,0.0,True,1,2.59999990463,0.922
2v19 FMN 101 C,HEM,FMN,0.220985029513,0.0825194551677,0.138465574345,False,3,2.59999990463,0.953
2v19 FMN 101 A,1PE,FMN,0.533732888587,0.000335737929708,0.533397150657,False,182,2.59999990463,0.771
2v19 COA 201 L,GOL,COA,0.106720268928,0.00210709245063,0.104613176478,False,94,2.59999990463,0.898
2v19 COA 201 K,BOG,COA,0.130295554181,0.00801240926437,0.122283144917,False,22,2.59999990463,0.928
2v19 COA 201 J,GOL,COA,0.316369956962,0.000701418710885,0.315668538251,False,191,2.59999990463,0.911
2v19 COA 201 I,PLM,COA,0.235779549426,0.0393998750698,0.196379674356,False,5,2.59999990463,0.902
2v19 COA 201 H,NAD,COA,0.122891787198,0.0669045441675,0.0559872430308,False,2,2.59999990463,0.921
2v19 COA 201 G,NAD,COA,0.155682410517,0.00786889448404,0.147813516033,False,19,2.59999990463,0.929
2v19 COA 201 F,SAH,COA,0.17903688176,0.0274943385428,0.151542543217,False,5,2.59999990463,0.908
2v19 COA 201 E,NAG_NAG,COA,0.534024421154,0.00576607511207,0.528258346042,False,13,2.59999990463,0.923
2v19 COA 201 D,NAG,COA,0.638827277445,0.00429485012724,0.634532427318,False,16,2.59999990463,0.919
2v19 COA 201 C,ADP,COA,0.204553354667,0.00255959772857,0.201993756939,False,78,2.59999990463,0.877
2v19 COA 201 B,NAD,COA,0.314456746866,0.0291504058324,0.285306341033,False,7,2.59999990463,0.916
2v19 COA 201 A,AMP,COA,0.214281223044,0.0723115594516,0.141969663592,False,2,2.59999990463,0.913
2v18 FMN 101 L,CLA,FMN,0.799073753649,0.0178715211149,0.781202232534,False,4,2.59999990463,0.888
2v18 FMN 101 K,CLA,FMN,0.698406634119,0.0512204225333,0.647186211586,False,3,2.59999990463,0.879
2v18 FMN 101 J,GOL,FMN,0.0989756760242,0.00215205767764,0.0968236183466,False,65,2.59999990463,0.855
2v18 FMN 101 I,FMN,FMN,0.563053917883,0.563053917883,0.0,True,1,2.59999990463,0.868
2v18 FMN 101 H,NAG,FMN,0.306415161731,0.0816643031176,0.224750858614,False,3,2.59999990463,0.898
2v18 FMN 101 G,FMN,FMN,0.699829914707,0.699829914707,0.0,True,1,2.59999990463,0.873
2v18 FMN 101 F,FMN,FMN,0.320358749724,0.320358749724,0.0,True,1,2.59999990463,0.877
2v18 FMN 101 E,FMN,FMN,0.506776195652,0.506776195652,0.0,True,1,2.59999990463,0.851
2v18 FMN 101 D,CLA,FMN,0.450952345177,0.137002726827,0.31394961835,False,2,2.59999990463,0.88
2v18 FMN 101 C,NAD,FMN,0.296795581325,0.036058527193,0.260737054132,False,3,2.59999990463,0.869
2v18 FMN 101 B,FMN,FMN,0.212666656772,0.212666656772,0.0,True,1,2.59999990463,0.883
2v18 FMN 101 A,NAG,FMN,0.91043618433,0.00175074965381,0.908685434677,False,11,2.59999990463,0.89
2v18 COA 201 K,SAM,COA,0.189814009952,0.0962500116177,0.0935639983344,False,2,2.59999990463,0.875
2v0y CME 352 A,CME,CME,0.37112514389,0.37112514389,0.0,True,1,2.0,0.953
2v0w FMN 1547 A,FMN,FMN,0.919153431408,0.919153431408,0.0,True,1,1.70000004768,0.955
2v0u FMN 1547 A,FMN,FMN,0.782485249726,0.782485249726,0.0,True,1,1.39999997616,0.966
2v07 HEM 1102 A,HEC,HEM,0.845464638347,0.107522688787,0.73794194956,False,2,1.60000002384,0.987
2v05 CHT 1314 A,SO4,CHT,0.26962558572,0.0101439413961,0.259481644324,False,11,1.70000004768,0.651
2v05 CHT 1313 A,SO4,CHT,0.395987875305,0.0020567262785,0.393931149026,False,17,1.70000004768,0.614
2v04 CHT 1318 A,DMS,CHT,0.476966359909,0.00183132487319,0.475135035036,False,16,2.09999990463,0.813
2v04 CHT 1315 A,SO4,CHT,0.346716072876,0.0126489660974,0.334067106778,False,9,2.09999990463,0.746
2v03 PLP 1041 A,PLP,PLP,0.815400388688,0.815400388688,0.0,True,1,1.29999995232,0.992
2uyt ADP 1482 A,ADP,ADP,0.624249091784,0.624249091784,0.0,True,1,1.60000002384,0.979
2uyp OCS 36 C,CSD,OCS,0.392256998805,0.326669375982,0.0655876228236,False,2,2.40000009537,0.968
2uyp OCS 36 B,OCS,OCS,0.760632969742,0.760632969742,0.0,True,1,2.40000009537,0.986
2uyp OCS 36 A,OCS,OCS,0.681374147492,0.681374147492,0.0,True,1,2.40000009537,0.947
2uyn OCS 36 C,OCS,OCS,0.730577134607,0.730577134607,0.0,True,1,1.60000002384,0.967
2uyn OCS 36 B,OCS,OCS,0.764159775466,0.764159775466,0.0,True,1,1.60000002384,0.987
2uyn OCS 36 A,OCS,OCS,0.948826064907,0.948826064907,0.0,True,1,1.60000002384,0.957
2uym ADP 601 B,ADP_MG,ADP_MG,0.958919478117,0.958919478117,0.0,True,1,2.09999990463,0.981
2uym ADP 601 A,ADP_MG,ADP_MG,0.702038706389,0.702038706389,0.0,True,1,2.09999990463,0.986
2uyi ADP 601 B,ADP_MG,ADP_MG,0.605195770976,0.605195770976,0.0,True,1,2.09999990463,0.977
2uyi ADP 601 A,ADP_MG,ADP_MG,0.980152690287,0.980152690287,0.0,True,1,2.09999990463,0.986
2uyd HEM 200 X,NAG,HEM,0.666080205817,0.112532876976,0.553547328841,False,2,2.59999990463,0.91
2uxm LDA 1307 M,LMT,LDA,0.296887953851,0.00313106745124,0.2937568864,False,21,2.5,0.893
2uxm LDA 1305 M,SO4,LDA,0.236369799789,0.0129401532578,0.223429646531,False,11,2.5,0.799
2uxl LDA 1306 M,BOG,LDA,0.273264161051,0.127720158477,0.145544002574,False,2,2.90000009537,0.91
2uxl LDA 1305 M,PEG,LDA,0.106963178962,0.00567984830286,0.101283330659,False,25,2.90000009537,0.866
2uxk LDA 1307 M,PLM,LDA,0.282070709971,0.127148145131,0.15492256484,False,2,2.20000004768,0.78
2uxk LDA 1306 M,LDA,LDA,0.191948961812,0.191948961812,0.0,True,1,2.20000004768,0.691
2uxj LDA 1307 M,SO4,LDA,0.543902022578,0.000495757407129,0.543406265171,False,37,2.20000004768,0.812
2uxj LDA 1306 M,GOL,LDA,0.251268112094,0.180980836542,0.0702872755516,False,2,2.20000004768,0.753
2uxj LDA 1305 M,GOL,LDA,0.442630641501,0.106421149912,0.336209491589,False,2,2.20000004768,0.675
2ux9 FMN 1070 E,CYC,FMN,0.337763645748,0.0472021668393,0.290561478909,False,3,1.39999997616,0.918
2ux9 FMN 1070 D,NAG,FMN,0.498362885972,0.13786729798,0.360495587992,False,2,1.39999997616,0.784
2ux9 FMN 1070 B,NAG,FMN,0.510794748459,0.0154074513054,0.495387297154,False,8,1.39999997616,0.89
2ux9 FMN 1069 E,FMN,FMN,0.867370312068,0.867370312068,0.0,True,1,1.39999997616,0.896
2ux9 FMN 1069 A,NAG,FMN,0.258798140326,0.028633006109,0.230165134217,False,5,1.39999997616,0.843
2ux5 LDA 1308 M,BOG,LDA,0.396921503565,0.0339055192511,0.363015984314,False,4,2.20000004768,0.799
2ux5 LDA 1307 M,GOL,LDA,0.266080039204,0.150544327457,0.115535711747,False,3,2.20000004768,0.794
2ux5 LDA 1306 M,LDA,LDA,0.179121390146,0.179121390146,0.0,True,1,2.20000004768,0.682
2ux4 LDA 1306 M,GOL,LDA,0.327292924806,0.0256753723342,0.301617552472,False,6,2.5,0.804
2ux4 LDA 1305 M,EDO,LDA,0.31921636176,0.0190554403563,0.300160921403,False,5,2.5,0.799
2ux3 LDA 1305 M,C8E,LDA,0.111938170934,0.0930718588691,0.018866312065,False,2,2.5,0.798
2ux3 LDA 1283 L,EDO,LDA,0.339616756826,0.050778137739,0.288838619087,False,4,2.5,0.637
2uww LDA 1308 M,BNG,LDA,0.230060783415,0.00248803417927,0.227572749236,False,30,2.0,0.649
2uww LDA 1306 M,PEG,LDA,0.406281837243,0.0268156341128,0.379466203131,False,6,2.0,0.778
2uwv LDA 1307 M,BOG,LDA,0.282717996555,0.00695636036238,0.275761636192,False,14,2.09999990463,0.751
2uwv LDA 1305 M,EDO,LDA,0.328659377136,0.0413634932247,0.287295883912,False,5,2.09999990463,0.724
2uwu LDA 1307 M,LMT,LDA,0.527201198524,0.00708965270105,0.520111545823,False,13,2.0,0.764
2uwu LDA 1306 M,LDA,LDA,0.236723835918,0.236723835918,0.0,True,1,2.0,0.697
2uwh HEM 1459 F,HEM,HEM,0.838506603454,0.838506603454,0.0,True,1,2.79999995232,0.959
2uwh HEM 1459 E,HEM,HEM,0.848987495298,0.848987495298,0.0,True,1,2.79999995232,0.967
2uwh HEM 1459 D,HEM,HEM,0.957553921257,0.957553921257,0.0,True,1,2.79999995232,0.964
2uwh HEM 1459 C,HEM,HEM,0.93284444688,0.93284444688,0.0,True,1,2.79999995232,0.966
2uwh HEM 1459 B,HEM,HEM,0.607834774077,0.607834774077,0.0,True,1,2.79999995232,0.97
2uwh HEM 1459 A,HEM,HEM,0.889810988289,0.889810988289,0.0,True,1,2.79999995232,0.973
2uvq ADP 1236 A,ADP,ADP,0.597352613629,0.597352613629,0.0,True,1,3.0,0.941
2uuq HEM 1405 A,HEM,HEM,0.934379376703,0.934379376703,0.0,True,1,1.5,0.986
2uun CYC 184 I,NAP,CYC,0.192330923532,0.146138305672,0.0461926178599,False,3,3.0,0.954
2uun CYC 184 H,CYC,CYC,0.939921809873,0.939921809873,0.0,True,1,3.0,0.927
2uun CYC 184 G,CYC,CYC,0.928201784577,0.928201784577,0.0,True,1,3.0,0.961
2uun CYC 184 F,CYC,CYC,0.690743843169,0.690743843169,0.0,True,1,3.0,0.924
2uun CYC 184 E,CYC,CYC,0.679616284443,0.679616284443,0.0,True,1,3.0,0.962
2uun CYC 184 D,5CM,CYC,0.303102537439,0.0690767574456,0.234025779993,False,4,3.0,0.908
2uun CYC 184 C,CYC,CYC,0.882213733297,0.882213733297,0.0,True,1,3.0,0.946
2uun CYC 184 B,CYC,CYC,0.822544339565,0.822544339565,0.0,True,1,3.0,0.907
2uun CYC 184 A,CYC,CYC,0.88831204956,0.88831204956,0.0,True,1,3.0,0.955
2uum CYC 1084 W,NDP,CYC,0.398995865644,0.0180176369587,0.380978228685,False,5,3.0,0.917
2uum CYC 1084 U,GSH,CYC,0.650732240247,0.0182871019711,0.632445138276,False,4,3.0,0.93
2uum CYC 1084 S,CYC,CYC,0.901057209685,0.901057209685,0.0,True,1,3.0,0.923
2uum CYC 1084 Q,CYC,CYC,0.851441823005,0.851441823005,0.0,True,1,3.0,0.933
2uum CYC 1084 O,CYC,CYC,0.616888740235,0.616888740235,0.0,True,1,3.0,0.926
2uum CYC 1084 M,BLA,CYC,0.260367671504,0.19104975126,0.0693179202446,False,2,3.0,0.914
2uum CYC 1084 K,NAD,CYC,0.226080764207,0.0963767919131,0.129703972294,False,3,3.0,0.935
2uum CYC 1084 G,CYC,CYC,0.836795977291,0.836795977291,0.0,True,1,3.0,0.919
2uum CYC 1084 E,CYC,CYC,0.484182074833,0.484182074833,0.0,True,1,3.0,0.933
2uum CYC 1084 C,CYC,CYC,0.876947012848,0.876947012848,0.0,True,1,3.0,0.935
2uum CYC 1084 A,CYC,CYC,0.695800683568,0.695800683568,0.0,True,1,3.0,0.934
2uum CYC 1082 R,CYC,CYC,0.65858496073,0.65858496073,0.0,True,1,3.0,0.873
2uul CYC 255 X,NAG_NAG,CYC,0.168387864227,0.0275302242758,0.140857639951,False,5,3.09999990463,0.921
2uul CYC 255 V,GOL,CYC,0.189905995822,0.0930429974799,0.0968629983421,False,2,3.09999990463,0.902
2uul CYC 255 T,BLA,CYC,0.152556840588,0.0560634042837,0.0964934363038,False,4,3.09999990463,0.911
2uul CYC 255 R,BLA,CYC,0.222538690444,0.0801506719209,0.142388018523,False,2,3.09999990463,0.917
2uul CYC 255 P,BLA,CYC,0.278317917105,0.191983656813,0.0863342602918,False,2,3.09999990463,0.914
2uul CYC 255 N,NAG,CYC,0.257173731746,0.0965698590553,0.160603872691,False,2,3.09999990463,0.901
2uul CYC 255 L,BLA,CYC,0.326782913432,0.246219106745,0.0805638066871,False,2,3.09999990463,0.924
2uul CYC 255 J,BLA,CYC,0.118819099529,0.107495256551,0.0113238429781,False,2,3.09999990463,0.901
2uul CYC 255 H,CYC,CYC,0.475902349835,0.475902349835,0.0,True,1,3.09999990463,0.921
2uul CYC 255 F,NAD,CYC,0.231121033025,0.122523625642,0.108597407383,False,2,3.09999990463,0.921
2uul CYC 184 X,CYC,CYC,0.277236528411,0.277236528411,0.0,True,1,3.09999990463,0.887
2uul CYC 184 W,CYC,CYC,0.0892786896614,0.0892786896614,0.0,True,1,3.09999990463,0.941
2ukd ADP 195 A,ADP_MG,ADP_MG,0.305153800635,0.305153800635,0.0,True,1,2.20000004768,0.981
2uag ADP 451 A,GDP,ADP_MG,0.271437642823,0.141578679488,0.129858963334,False,2,1.70000004768,0.988
2tsr UMP 608 D,GOL,UMP,0.12829104513,0.0993134037745,0.0289776413555,False,3,2.59999990463,0.91
2shk ADP 905 B,NAD,ADP,0.260500530555,0.0616981294826,0.198802401072,False,2,2.59999990463,0.848
2rl9 MAN 3003 B,GOL,MAN,0.126224229856,0.0456881134859,0.0805361163699,False,5,2.40000009537,0.882
2rl9 MAN 3003 A,GOL,MAN,0.217790793928,0.12702243213,0.0907683617981,False,2,2.40000009537,0.817
2rkb PLP 400 E,PLP,PLP,0.972306269152,0.972306269152,0.0,True,1,2.79999995232,0.966
2rkb PLP 400 D,PLP,PLP,0.967731195268,0.967731195268,0.0,True,1,2.79999995232,0.957
2rkb PLP 400 C,PLP,PLP,0.847368007844,0.847368007844,0.0,True,1,2.79999995232,0.962
2rkb PLP 400 B,PLP,PLP,0.894707378266,0.894707378266,0.0,True,1,2.79999995232,0.952
2rkb PLP 400 A,PLP,PLP,0.63509932607,0.63509932607,0.0,True,1,2.79999995232,0.97
2rjg PLP 1001 D,EDO,PLP,0.311038978591,0.0114558242727,0.299583154319,False,9,2.40000009537,0.935
2rjg PLP 1001 C,SO4,PLP,0.671017392018,0.0017908958446,0.669226496173,False,14,2.40000009537,0.956
2rjg PLP 1001 B,PLP,PLP,0.313952906278,0.313952906278,0.0,True,1,2.40000009537,0.981
2rjg PLP 1001 A,SO4,PLP,0.478839506561,0.212173756072,0.266665750489,False,3,2.40000009537,0.981
2ri9 MAN 1704 A,EDO,MAN,0.656997621054,0.0051834403329,0.651814180721,False,9,2.0,0.845
2ri4 HEM 147 L,HEM,HEM,0.949799132619,0.949799132619,0.0,True,1,2.70000004768,0.96
2ri4 HEM 147 D,TPO,HEM,0.308689165586,0.209499694453,0.0991894711334,False,2,2.70000004768,0.969
2ri4 HEM 147 B,HEM,HEM,0.891859283129,0.891859283129,0.0,True,1,2.70000004768,0.962
2ri4 HEM 142 I,HEM,HEM,0.991690566567,0.991690566567,0.0,True,1,2.70000004768,0.979
2ri4 HEM 142 C,HEM,HEM,0.92583652272,0.92583652272,0.0,True,1,2.70000004768,0.978
2ri4 HEM 142 A,HEM,HEM,0.979566941938,0.979566941938,0.0,True,1,2.70000004768,0.97
2rhg PLP 399 B,PLP,PLP,0.910503204757,0.910503204757,0.0,True,1,1.89999997616,0.97
2rhd GDP 3800 A,GDP_MG,GDP_MG,0.586090252306,0.586090252306,0.0,True,1,2.09999990463,0.984
2rh9 PLP 399 B,PLP,PLP,0.35032060953,0.35032060953,0.0,True,1,1.70000004768,0.98
2rgs GAL 607 B,1PE,GAL,0.105946496799,0.0115785351841,0.0943679616151,False,13,2.09999990463,0.923
2rgg GNP 528 A,GNP_MG,GNP_MG,0.954369894022,0.954369894022,0.0,True,1,1.39999997616,0.977
2rge GNP 528 A,GNP_MG,GNP_MG,0.973918270387,0.973918270387,0.0,True,1,1.39999997616,0.974
2rgd GNP 528 A,GNP_MG,GNP_MG,0.358772849911,0.358772849911,0.0,True,1,2.0,0.98
2rgc GNP 528 A,GNP_MG,GNP_MG,0.956424240729,0.956424240729,0.0,True,1,1.60000002384,0.985
2rgb GNP 528 A,GNP_MG,GNP_MG,0.798464666023,0.798464666023,0.0,True,1,1.29999995232,0.981
2rga GNP 528 A,GNP_MG,GNP_MG,0.954865093652,0.954865093652,0.0,True,1,1.79999995232,0.986
2rg9 AZI 4004 A,EDO,AZI,0.491317236494,0.0202665945796,0.471050641915,False,8,2.0,0.96
2rg9 AZI 4003 B,EDO,AZI,0.743622801263,0.0543158141603,0.689306987103,False,2,2.0,0.962
2rfb HEM 410 C,HEM,HEM,0.957943724083,0.957943724083,0.0,True,1,2.5,0.939
2rfb HEM 410 B,HEM,HEM,0.968207355836,0.968207355836,0.0,True,1,2.5,0.961
2rex GNP 500 D,GNP_MG,GNP_MG,0.57092389503,0.57092389503,0.0,True,1,2.29999995232,0.972
2rex GNP 500 B,GTP_MG,GNP_MG,0.425381895779,0.163005680666,0.262376215114,False,2,2.29999995232,0.97
2rep ADP 800 A,ADP_MG,ADP_MG,0.708254596604,0.708254596604,0.0,True,1,2.59999990463,0.973
2rdu FMN 371 A,FMN,FMN,0.993516671508,0.993516671508,0.0,True,1,1.70000004768,0.971
2rdt FMN 364 A,FMN,FMN,0.998251839146,0.998251839146,0.0,True,1,2.0,0.968
2rd8 CME 195 B,MLY,CME,0.582432144786,0.0193186149675,0.563113529819,False,6,2.40000009537,0.807
2rd5 ADP 2000 B,ADP_MG,ADP_MG,0.345063164997,0.345063164997,0.0,True,1,2.5,0.964
2rcm HEM 600 B,HEM,HEM,0.950420829348,0.950420829348,0.0,True,1,1.70000004768,0.978
2rcm HEM 600 A,HEM,HEM,0.977359403216,0.977359403216,0.0,True,1,1.70000004768,0.981
2rcl HEM 600 B,HEM,HEM,0.989329672643,0.989329672643,0.0,True,1,2.40000009537,0.977
2rcl HEM 600 A,HEM,HEM,0.994773467027,0.994773467027,0.0,True,1,2.40000009537,0.976
2rch HEM 600 B,HEM,HEM,0.983774732131,0.983774732131,0.0,True,1,1.79999995232,0.978
2rch HEM 600 A,HEM,HEM,0.959929363462,0.959929363462,0.0,True,1,1.79999995232,0.979
2rc3 NAD 1000 D,GDP_MG,NAD,0.544204220369,0.0178115555369,0.526392664832,False,4,1.60000002384,0.983
2rc3 NAD 1000 C,NAP,NAD,0.260459104501,0.0902922617299,0.170166842771,False,3,1.60000002384,0.981
2rc3 NAD 1000 B,NAP,NAD,0.368010473497,0.131098729093,0.236911744405,False,2,1.60000002384,0.987
2rc3 NAD 1000 A,NAD,NAD,0.162833601073,0.162833601073,0.0,True,1,1.60000002384,0.98
2rc2 HEM 400 X,HEM,HEM,0.986606101353,0.986606101353,0.0,True,1,1.5,0.99
2rc1 HEM 400 X,HEM,HEM,0.968447975441,0.968447975441,0.0,True,1,2.5,0.978
2rc0 HEM 400 X,HEM,HEM,0.994072213867,0.994072213867,0.0,True,1,1.5,0.986
2rbz HEM 400 X,HEM,HEM,0.988729275264,0.988729275264,0.0,True,1,1.79999995232,0.989
2rby HEM 400 X,HEM,HEM,0.996306112231,0.996306112231,0.0,True,1,1.5,0.99
2rbx HEM 400 X,HEM,HEM,0.991342874245,0.991342874245,0.0,True,1,1.5,0.985
2rbw HEM 400 X,HEM,HEM,0.988496131612,0.988496131612,0.0,True,1,1.5,0.984
2rbv HEM 400 X,HEM,HEM,0.986615553348,0.986615553348,0.0,True,1,1.39999997616,0.986
2rbu HEM 400 X,HEM,HEM,0.990201212893,0.990201212893,0.0,True,1,1.79999995232,0.985
2rbt HEM 400 X,HEM,HEM,0.979064538181,0.979064538181,0.0,True,1,1.20000004768,0.993
2rab NAD 600 B,SO4,NAD,0.429534112924,0.0195980086411,0.409936104283,False,7,2.5,0.846
2rab NAD 600 A,GOL,NAD,0.189274636541,0.00459656002305,0.184678076518,False,25,2.5,0.844
2r97 FMN 198 C,FMN,FMN,0.944662316256,0.944662316256,0.0,True,1,2.0,0.968
2r97 FMN 198 A,FMN,FMN,0.955152566239,0.955152566239,0.0,True,1,2.0,0.971
2r96 FMN 198 C,FMN,FMN,0.487541855794,0.487541855794,0.0,True,1,2.59999990463,0.978
2r96 FMN 198 A,NAD,FMN,0.169700573555,0.126419158939,0.043281414616,False,2,2.59999990463,0.973
2r94 PYR 999 C,MLY,PYR,0.889018028493,0.00142079815657,0.887597230337,False,16,2.20000004768,0.903
2r87 ADP 400 F,AMP,ADP,0.921959247525,0.00190633032766,0.920052917197,False,4,2.29999995232,0.847
2r87 ADP 400 E,AMP,ADP,0.892700648468,0.00109646189624,0.891604186572,False,15,2.29999995232,0.837
2r87 ADP 400 D,AMP,ADP,0.893502496046,0.000541730138,0.892960765908,False,27,2.29999995232,0.842
2r87 ADP 400 C,NAD,ADP,0.271490601021,0.0504671022433,0.221023498777,False,3,2.29999995232,0.875
2r87 ADP 400 B,AMP,ADP,0.189887275687,0.0865905582824,0.103296717404,False,2,2.29999995232,0.847
2r7n ADP 400 A,ANP,ADP,0.146328953474,0.122795295426,0.0235336580478,False,3,2.40000009537,0.957
2r79 HEM 500 A,HEM,HEM,0.409794553839,0.409794553839,0.0,True,1,2.09999990463,0.948
2r6v FMN 173 A,FMN,FMN,0.505569986638,0.505569986638,0.0,True,1,1.29999995232,0.987
2r6f ADP 1003 B,UDP,ADP,0.276496788984,0.239545269977,0.0369515190071,False,2,3.20000004768,0.934
2r6f ADP 1002 B,ADP,ADP,0.422083619258,0.422083619258,0.0,True,1,3.20000004768,0.932
2r6f ADP 1001 A,ADP,ADP,0.566376443306,0.566376443306,0.0,True,1,3.20000004768,0.948
2r6f ADP 1000 A,ADP,ADP,0.666573018161,0.666573018161,0.0,True,1,3.20000004768,0.923
2r65 ADP 5 E,ADP,ADP,0.578207002284,0.578207002284,0.0,True,1,3.20000004768,0.873
2r65 ADP 3 C,ADP,ADP,0.454865494094,0.454865494094,0.0,True,1,3.20000004768,0.951
2r65 ADP 2 B,ADP,ADP,0.228599429669,0.228599429669,0.0,True,1,3.20000004768,0.909
2r65 ADP 1 A,ATP,ADP,0.234937726436,0.218491831018,0.0164458954182,False,2,3.20000004768,0.873
2r5t ANP 500 A,ANP_MG,ANP_MG,0.178471802189,0.178471802189,0.0,True,1,1.89999997616,0.937
2r50 HEM 168 D,HEM,HEM,0.829862807337,0.829862807337,0.0,True,1,1.79999995232,0.945
2r50 HEM 168 C,HEM,HEM,0.960430476611,0.960430476611,0.0,True,1,1.79999995232,0.942
2r50 HEM 167 B,HEM,HEM,0.965030586612,0.965030586612,0.0,True,1,1.79999995232,0.964
2r50 HEM 166 A,HEM,HEM,0.823696408753,0.823696408753,0.0,True,1,1.79999995232,0.953
2r4z HEM 147 A,CMO_HEM,HEM,0.729576127571,0.0767019789499,0.652874148621,False,2,1.60000002384,0.979
2r4y HEM 147 B,HEM,HEM,0.977412972619,0.977412972619,0.0,True,1,2.0,0.978
2r4y HEM 147 A,HEM,HEM,0.717760646778,0.717760646778,0.0,True,1,2.0,0.977
2r2n PMP 426 D,PLP,PMP,0.503857499676,0.0243032348432,0.479554264833,False,5,1.89999997616,0.957
2r2n PMP 426 C,PLP,PMP,0.725730167426,0.0661096026862,0.65962056474,False,3,1.89999997616,0.955
2r2n PMP 426 B,PLP,PMP,0.210027908226,0.165691853396,0.0443360548301,False,2,1.89999997616,0.938
2r1h HEM 148 D,HEM,HEM,0.990612148136,0.990612148136,0.0,True,1,1.89999997616,0.946
2r1h HEM 148 B,HEM,HEM,0.977126192037,0.977126192037,0.0,True,1,1.89999997616,0.959
2r1h HEM 143 C,HEM,HEM,0.37038536973,0.37038536973,0.0,True,1,1.89999997616,0.972
2r1h HEM 143 A,HEM,HEM,0.964853515151,0.964853515151,0.0,True,1,1.89999997616,0.958
2r14 FMN 401 A,FMN,FMN,0.991959347787,0.991959347787,0.0,True,1,1.29999995232,0.968
2r01 FMN 212 A,FMN,FMN,0.98552781133,0.98552781133,0.0,True,1,1.20000004768,0.991
2qzs GLC 486 A,GOL,GLC,0.718983269515,0.00397974085411,0.715003528661,False,11,2.20000004768,0.897
2qzs ADP 487 A,ADP,ADP,0.387339506894,0.387339506894,0.0,True,1,2.20000004768,0.989
2qzo CME 530 B,CSO,CME,0.316639145445,0.284519797854,0.0321193475911,False,2,1.70000004768,0.899
2qzo CME 381 A,CME,CME,0.258609775459,0.258609775459,0.0,True,1,1.70000004768,0.89
2qz4 ADP 700 A,ADP,ADP,0.711829700936,0.711829700936,0.0,True,1,2.20000004768,0.965
2qz3 XYP 191 A,GOL,XYP,0.578593967513,0.0165673679171,0.562026599596,False,3,1.79999995232,0.881
2qz3 XYP 190 B,GSH,XYP,0.34515970443,0.109539430107,0.235620274323,False,2,1.79999995232,0.891
2qz3 XYP 187 A,GOL,XYP,0.618804153825,0.00128423783844,0.617519915986,False,31,1.79999995232,0.837
2qz3 XYP 186 B,GOL,XYP,0.349487889334,0.00233946768795,0.347148421646,False,26,1.79999995232,0.777
2qxs CME 530 B,MLY,CME,0.175986987469,0.00862196075277,0.167365026717,False,18,1.70000004768,0.682
2qxs CME 530 A,MLY,CME,0.250079557463,0.00550246339788,0.244577094065,False,15,1.70000004768,0.828
2qwp ACY 1022 A,ACT,ACY,0.735459469862,0.078811629292,0.65664784057,False,2,1.79999995232,0.855
2qwo ACY 1022 A,ACT,ACY,0.357739999059,0.166906955476,0.190833043583,False,2,1.70000004768,0.943
2qwl ADP 486 A,ADP_MG,ADP_MG,0.199729143187,0.199729143187,0.0,True,1,1.79999995232,0.98
2qv7 ADP 500 A,ADP_MG,ADP,0.567010269623,0.0370567054986,0.529953564125,False,3,2.29999995232,0.938
2qv4 PCA 1 A,PCA,PCA,0.976101245496,0.976101245496,0.0,True,1,2.0,0.951
2quz GDP 180 A,GDP_MG,GDP_MG,0.857409242563,0.857409242563,0.0,True,1,1.5,0.964
2qur ADP 1 B,ADP,ADP,0.202367229282,0.202367229282,0.0,True,1,2.5,0.886
2qu0 HEM 147 D,HEM,HEM,0.770210434046,0.770210434046,0.0,True,1,2.70000004768,0.926
2qu0 HEM 147 B,HEM_OXY,HEM,0.585936068969,0.38109108679,0.204844982179,False,2,2.70000004768,0.957
2qu0 HEM 142 C,HEM,HEM,0.848898587338,0.848898587338,0.0,True,1,2.70000004768,0.96
2qu0 HEM 142 A,HEM,HEM,0.956732141783,0.956732141783,0.0,True,1,2.70000004768,0.966
2qt5 ACY 2 A,SO4,ACY,0.261826964408,0.0201047831956,0.241722181212,False,10,2.29999995232,0.851
2qt0 ANP 1102 A,GTP_MG,ANP_MG,0.406924657119,0.236893710955,0.170030946163,False,2,1.89999997616,0.967
2qsy ADP 1101 A,ADP_MG,ADP_MG,0.402737033265,0.402737033265,0.0,True,1,2.0,0.956
2qss HEM 142 A,HEM,HEM,0.852365534892,0.852365534892,0.0,True,1,1.70000004768,0.964
2qsp HEM 146 D,HEM,HEM,0.70290713536,0.70290713536,0.0,True,1,1.89999997616,0.973
2qsp HEM 146 B,HEM,HEM,0.722469979142,0.722469979142,0.0,True,1,1.89999997616,0.959
2qsp HEM 142 C,HEM,HEM,0.920890529238,0.920890529238,0.0,True,1,1.89999997616,0.974
2qsp HEM 142 A,HEM,HEM,0.951550118295,0.951550118295,0.0,True,1,1.89999997616,0.973
2qrw HEM 700 J,HEM,HEM,0.943131201039,0.943131201039,0.0,True,1,1.89999997616,0.984
2qqw SUC 800 A,SUC,SUC,0.48317865804,0.48317865804,0.0,True,1,2.79999995232,0.943
2qqv SUC 800 A,SUC,SUC,0.449031685198,0.449031685198,0.0,True,1,3.0,0.954
2qqu SUC 800 A,SIA,SUC,0.137740101884,0.062245064314,0.0754950375697,False,2,2.79999995232,0.939
2qqt HEM 605 A,HEM,HEM,0.855113165399,0.855113165399,0.0,True,1,2.5,0.952
2qqd PYR 53 E,MLY,PYR,0.164329435236,0.00312579873876,0.161203636498,False,40,2.0,0.791
2qqd PYR 53 B,BME,PYR,0.515697650942,0.022032812609,0.493664838333,False,6,2.0,0.957
2qqc PYR 53 L,BME,PYR,0.209466939572,0.139041391481,0.0704255480909,False,3,2.0,0.935
2qqc PYR 53 J,ACE,PYR,0.495862673786,0.00668786949653,0.48917480429,False,9,2.0,0.936
2qqc PYR 53 H,CSO,PYR,0.124953932175,0.0935412787287,0.0314126534463,False,3,2.0,0.938
2qqc PYR 53 F,CSO,PYR,0.329908263742,0.137110440071,0.19279782367,False,2,2.0,0.918
2qqc PYR 53 D,BME,PYR,0.70135158692,0.0212970395542,0.680054547366,False,4,2.0,0.917
2qqc PYR 53 B,PYR,PYR,0.276287556967,0.276287556967,0.0,True,1,2.0,0.895
2qpx KCX 166 A,PTR,KCX_ZN_ZN,0.200809782313,0.162224041274,0.0385857410397,False,3,1.39999997616,0.95
2qpt ANP 600 A,ADP_MG,ANP_MG,0.345012647187,0.249838865063,0.095173782124,False,2,3.09999990463,0.971
2qpp HEM 300 B,HEM,HEM,0.528686445258,0.528686445258,0.0,True,1,2.59999990463,0.906
2qpp HEM 300 A,HEM,HEM,0.956475166812,0.956475166812,0.0,True,1,2.59999990463,0.953
2qpk HEM 605 A,HEM,HEM,0.912085820405,0.912085820405,0.0,True,1,2.29999995232,0.955
2qpe HEM 800 A,HEM,HEM,0.977617045015,0.977617045015,0.0,True,1,2.90000009537,0.981
2qpd HEM 800 A,HEM,HEM,0.977489586954,0.977489586954,0.0,True,1,3.0,0.983
2qor 5GP 197 A,AMP,5GP,0.853559970302,0.0282867736794,0.825273196623,False,2,1.79999995232,0.967
2qoq ANP 948 A,ANP_MG,ANP_MG,0.278286483492,0.278286483492,0.0,True,1,1.60000002384,0.833
2qo7 ANP 1000 A,ANP,ANP_MG,0.156798790466,0.0710859990495,0.0857127914169,False,3,1.60000002384,0.879
2qn6 GDP 417 A,FAD,GDP_MG,0.417685336201,0.0906579710572,0.327027365143,False,2,2.20000004768,0.962
2qmk PCA 1 A,PCA,PCA,0.347309220002,0.347309220002,0.0,True,1,2.0,0.916
2qm3 ACY 402 A,GOL,ACY,0.388572954654,0.00155667882226,0.387016275831,False,20,2.09999990463,0.937
2qm3 ACY 401 A,SO4,ACY,0.685336664398,0.00224201133415,0.683094653064,False,11,2.09999990463,0.954
2qls HEM 147 D,HEM,HEM,0.972095157836,0.972095157836,0.0,True,1,3.5,0.969
2qls HEM 147 B,HEM,HEM,0.976429601068,0.976429601068,0.0,True,1,3.5,0.957
2qls HEM 142 C,HEM,HEM,0.54395139857,0.54395139857,0.0,True,1,3.5,0.967
2qls HEM 142 A,HEM,HEM,0.968951375547,0.968951375547,0.0,True,1,3.5,0.966
2qll PLP 999 A,SO4_SO4,PLP,0.151602173391,0.0186350289525,0.132967144439,False,6,2.59999990463,0.959
2qla HEM 153 D,HEM,HEM,0.973714855135,0.973714855135,0.0,True,1,2.79999995232,0.949
2qla HEM 152 C,HEM,HEM,0.980202278358,0.980202278358,0.0,True,1,2.79999995232,0.941
2qla HEM 151 B,HEM,HEM,0.960686483082,0.960686483082,0.0,True,1,2.79999995232,0.949
2qla HEM 150 A,HEM,HEM,0.972032482962,0.972032482962,0.0,True,1,2.79999995232,0.952
2qjy HEM 502 P,HEM,HEM,0.945284723612,0.945284723612,0.0,True,1,2.29999995232,0.979
2qjy HEM 502 M,HEM,HEM,0.903765958433,0.903765958433,0.0,True,1,2.29999995232,0.976
2qjy HEM 502 J,HEM,HEM,0.97652123621,0.97652123621,0.0,True,1,2.29999995232,0.98
2qjy HEM 502 G,HEM,HEM,0.954822692284,0.954822692284,0.0,True,1,2.29999995232,0.977
2qjy HEM 502 D,HEM,HEM,0.987572556531,0.987572556531,0.0,True,1,2.29999995232,0.973
2qjy HEM 502 A,HEM,HEM,0.974368944242,0.974368944242,0.0,True,1,2.29999995232,0.976
2qjy HEM 501 P,HEM,HEM,0.952131328191,0.952131328191,0.0,True,1,2.29999995232,0.978
2qjy HEM 501 M,HEM,HEM,0.993523917531,0.993523917531,0.0,True,1,2.29999995232,0.973
2qjy HEM 501 J,HEM,HEM,0.989064626269,0.989064626269,0.0,True,1,2.29999995232,0.948
2qjy HEM 501 G,HEM,HEM,0.712054828611,0.712054828611,0.0,True,1,2.29999995232,0.973
2qjy HEM 501 D,HEM,HEM,0.990495004415,0.990495004415,0.0,True,1,2.29999995232,0.974
2qjy HEM 501 A,HEM,HEM,0.875060928545,0.875060928545,0.0,True,1,2.29999995232,0.978
2qjy HEM 301 Q,HEM,HEM,0.778459262279,0.778459262279,0.0,True,1,2.29999995232,0.963
2qjy HEM 301 N,HEM,HEM,0.73476972226,0.73476972226,0.0,True,1,2.29999995232,0.939
2qjy HEM 301 K,HEM,HEM,0.756473623766,0.756473623766,0.0,True,1,2.29999995232,0.959
2qjy HEM 301 H,HEM,HEM,0.962519596812,0.962519596812,0.0,True,1,2.29999995232,0.965
2qjy HEM 301 E,HEM,HEM,0.862781317011,0.862781317011,0.0,True,1,2.29999995232,0.965
2qjy HEM 301 B,HEM,HEM,0.967111479415,0.967111479415,0.0,True,1,2.29999995232,0.95
2qjp HEM 502 J,HEM,HEM,0.868894906955,0.868894906955,0.0,True,1,2.59999990463,0.967
2qjp HEM 502 G,HEM,HEM,0.727289980007,0.727289980007,0.0,True,1,2.59999990463,0.962
2qjp HEM 502 D,HEM,HEM,0.923291807244,0.923291807244,0.0,True,1,2.59999990463,0.963
2qjp HEM 502 A,HEM,HEM,0.889770350897,0.889770350897,0.0,True,1,2.59999990463,0.96
2qjp HEM 501 J,HEM,HEM,0.982313910369,0.982313910369,0.0,True,1,2.59999990463,0.97
2qjp HEM 501 G,HEM,HEM,0.966950849917,0.966950849917,0.0,True,1,2.59999990463,0.966
2qjp HEM 501 D,HEM,HEM,0.755288577527,0.755288577527,0.0,True,1,2.59999990463,0.96
2qjp HEM 501 A,HEM,HEM,0.971006719354,0.971006719354,0.0,True,1,2.59999990463,0.962
2qjp HEM 301 K,HEM,HEM,0.97194312114,0.97194312114,0.0,True,1,2.59999990463,0.955
2qjp HEM 301 H,HEM,HEM,0.806817011528,0.806817011528,0.0,True,1,2.59999990463,0.962
2qjp HEM 301 E,HEM,HEM,0.936843077731,0.936843077731,0.0,True,1,2.59999990463,0.956
2qjp HEM 301 B,HEM,HEM,0.893856834027,0.893856834027,0.0,True,1,2.59999990463,0.957
2qjo NAD 603 C,FAD,NAD,0.146519627493,0.0285919419798,0.117927685513,False,6,2.59999990463,0.865
2qjo NAD 602 B,FAD,NAD,0.581301847741,0.0996133413928,0.481688506348,False,2,2.59999990463,0.982
2qjo NAD 601 A,FAD,NAD,0.433160076284,0.0137660924324,0.419393983851,False,10,2.59999990463,0.981
2qjo APR 503 C,LLP,APR,0.297048787239,0.00761312459484,0.289435662644,False,13,2.59999990463,0.978
2qjo APR 502 B,NAD,APR,0.8020595075,0.0075947913983,0.794464716101,False,5,2.59999990463,0.985
2qjo APR 501 A,NAD,APR,0.670767699099,0.0076614037221,0.663106295377,False,7,2.59999990463,0.986
2qjk HEM 502 P,HEM,HEM,0.855910216242,0.855910216242,0.0,True,1,3.09999990463,0.976
2qjk HEM 502 M,HEM,HEM,0.941993343606,0.941993343606,0.0,True,1,3.09999990463,0.98
2qjk HEM 502 J,HEM,HEM,0.934845345116,0.934845345116,0.0,True,1,3.09999990463,0.98
2qjk HEM 502 G,HEM,HEM,0.81785969003,0.81785969003,0.0,True,1,3.09999990463,0.98
2qjk HEM 502 D,HEM,HEM,0.867455923893,0.867455923893,0.0,True,1,3.09999990463,0.98
2qjk HEM 502 A,HEM,HEM,0.967905848929,0.967905848929,0.0,True,1,3.09999990463,0.979
2qjk HEM 501 P,HEM,HEM,0.962266284429,0.962266284429,0.0,True,1,3.09999990463,0.976
2qjk HEM 501 M,HEM,HEM,0.972776020192,0.972776020192,0.0,True,1,3.09999990463,0.957
2qjk HEM 501 J,HEM,HEM,0.890809957678,0.890809957678,0.0,True,1,3.09999990463,0.958
2qjk HEM 501 G,HEM,HEM,0.624672966701,0.624672966701,0.0,True,1,3.09999990463,0.973
2qjk HEM 501 D,HEM,HEM,0.977094034866,0.977094034866,0.0,True,1,3.09999990463,0.972
2qjk HEM 501 A,HEM,HEM,0.762633927165,0.762633927165,0.0,True,1,3.09999990463,0.972
2qjk HEM 301 Q,HEM,HEM,0.567391682889,0.567391682889,0.0,True,1,3.09999990463,0.964
2qjk HEM 301 N,FAD,HEM,0.170339090173,0.00252931827739,0.167809771896,False,55,3.09999990463,0.91
2qjk HEM 301 K,HEM,HEM,0.860897383395,0.860897383395,0.0,True,1,3.09999990463,0.973
2qjk HEM 301 H,HEM,HEM,0.450071092341,0.450071092341,0.0,True,1,3.09999990463,0.966
2qjk HEM 301 E,HEM,HEM,0.884595141755,0.884595141755,0.0,True,1,3.09999990463,0.974
2qjk HEM 301 B,HEM,HEM,0.724995163146,0.724995163146,0.0,True,1,3.09999990463,0.964
2qio NAD 504 D,NAD,NAD,0.881354010511,0.881354010511,0.0,True,1,2.40000009537,0.966
2qio NAD 502 B,NAD,NAD,0.709786075343,0.709786075343,0.0,True,1,2.40000009537,0.973
2qio NAD 501 A,NAD,NAD,0.951503207429,0.951503207429,0.0,True,1,2.40000009537,0.981
2qg4 NAD 500 H,NAD,NAD,0.910582674167,0.910582674167,0.0,True,1,2.09999990463,0.988
2qg4 NAD 500 G,NAD,NAD,0.532249518633,0.532249518633,0.0,True,1,2.09999990463,0.975
2qg4 NAD 500 F,NAD,NAD,0.906824620244,0.906824620244,0.0,True,1,2.09999990463,0.989
2qg4 NAD 500 E,ADP,NAD,0.349376597704,0.284735095372,0.0646415023316,False,2,2.09999990463,0.984
2qg4 NAD 500 D,NAD,NAD,0.921135120353,0.921135120353,0.0,True,1,2.09999990463,0.988
2qg4 NAD 500 C,NAI,NAD,0.380451865829,0.256906492919,0.12354537291,False,2,2.09999990463,0.972
2qg4 NAD 500 B,NAD,NAD,0.93903132339,0.93903132339,0.0,True,1,2.09999990463,0.989
2qg4 NAD 500 A,ADP,NAD,0.540105490913,0.164821870573,0.37528362034,False,2,2.09999990463,0.988
2qfk HEM 139 B,HEM,HEM,0.931902438063,0.931902438063,0.0,True,1,1.60000002384,0.945
2qfk HEM 139 A,HEM,HEM,0.978845176183,0.978845176183,0.0,True,1,1.60000002384,0.938
2qen ADP 999 A,ADP_MG,ADP_MG,0.782901150201,0.782901150201,0.0,True,1,2.20000004768,0.981
2qbo HEM 441 A,HEM,HEM,0.968954271958,0.968954271958,0.0,True,1,1.89999997616,0.984
2qbn HEM 441 A,HEM,HEM,0.982127700839,0.982127700839,0.0,True,1,1.79999995232,0.99
2qbl HEM 516 A,HEM,HEM,0.988850007067,0.988850007067,0.0,True,1,1.79999995232,0.975
2qa8 CME 530 A,CME,CME,0.451857061079,0.451857061079,0.0,True,1,1.89999997616,0.92
2qa8 CME 381 B,CSO,CME,0.165931662099,0.084454616975,0.0814770451238,False,5,1.89999997616,0.915
2q9u FMN 601 B,FMN,FMN,0.968434946094,0.968434946094,0.0,True,1,1.89999997616,0.942
2q9u FMN 601 A,FMN,FMN,0.711694866089,0.711694866089,0.0,True,1,1.89999997616,0.959
2q9h ACY 455 A,SO4,ACY,0.731452892355,0.00283251468064,0.728620377674,False,8,2.29999995232,0.808
2q9g HEM 505 A,HEM,HEM,0.962825287807,0.962825287807,0.0,True,1,2.40000009537,0.984
2q9f HEM 602 A,HEM,HEM,0.967418549826,0.967418549826,0.0,True,1,1.89999997616,0.983
2q8q HEM 300 A,HEM,HEM,0.983212937558,0.983212937558,0.0,True,1,2.20000004768,0.976
2q7y MAN 515 A,NAG,MAN,0.188191212232,0.026579386099,0.161611826133,False,6,2.0,0.889
2q7a HEM 184 A,HEM,HEM,0.818335692556,0.818335692556,0.0,True,1,2.09999990463,0.973
2q7a HEM 183 B,HEM,HEM,0.786467548875,0.786467548875,0.0,True,1,2.09999990463,0.974
2q7a HEM 182 A,HEM,HEM,0.8538639994,0.8538639994,0.0,True,1,2.09999990463,0.973
2q7a HEM 181 B,HEM,HEM,0.413625847517,0.413625847517,0.0,True,1,2.09999990463,0.977
2q6n HEM 500 G,NAG,HEM,0.588174148298,0.0246024026593,0.563571745639,False,4,3.20000004768,0.942
2q6n HEM 500 F,GOL,HEM,0.0659989458685,0.0363710268694,0.0296279189991,False,3,3.20000004768,0.927
2q6n HEM 500 E,CLA,HEM,0.150677795174,0.0340118583449,0.116665936829,False,8,3.20000004768,0.952
2q6n HEM 500 C,PO4,HEM,0.108478116375,0.000536182083619,0.107941934291,False,196,3.20000004768,0.948
2q6n HEM 500 B,GSH,HEM,0.255624946613,0.00120467638173,0.254420270231,False,122,3.20000004768,0.93
2q6n HEM 500 A,HEM,HEM,0.799737392143,0.799737392143,0.0,True,1,3.20000004768,0.955
2q59 CME 285 A,MLY,CME,0.554333225751,0.0386305182809,0.51570270747,False,4,2.20000004768,0.727
2q3r FMN 373 A,CIT,FMN,0.30081415278,0.00576562534242,0.295048527437,False,17,2.0,0.923
2q3e NAI 500 L,NAD,NAI,0.940286783584,0.00846962797942,0.931817155604,False,3,2.0,0.96
2q3e NAI 500 K,NAD,NAI,0.742310519877,0.132409468694,0.609901051184,False,2,2.0,0.977
2q3e NAI 500 I,NAD,NAI,0.974238218007,0.00913586618791,0.965102351819,False,2,2.0,0.984
2q3e NAI 500 H,NAD,NAI,0.669932483372,0.157894034846,0.512038448526,False,2,2.0,0.963
2q3e NAI 500 G,NAI,NAI,0.780317921119,0.780317921119,0.0,True,1,2.0,0.981
2q3e NAI 500 E,NAD,NAI,0.667289836788,0.0761415391198,0.591148297668,False,2,2.0,0.982
2q3e NAI 500 D,NAD,NAI,0.91711987833,0.0470007547892,0.87011912354,False,2,2.0,0.971
2q3e NAI 500 C,NAD,NAI,0.678170067194,0.00918516152239,0.668984905671,False,4,2.0,0.984
2q3e NAI 500 B,NAD,NAI,0.461370752391,0.266487892005,0.194882860386,False,2,2.0,0.969
2q3e NAI 500 A,NAI,NAI,0.402784558176,0.402784558176,0.0,True,1,2.0,0.981
2q36 ATP 400 A,ATP_CA,ATP_CA,0.925165283171,0.925165283171,0.0,True,1,2.5,0.989
2q31 ATP 400 B,ATP_CA,ATP_CA,0.527906324565,0.527906324565,0.0,True,1,2.70000004768,0.986
2q31 ATP 400 A,GTP_MG,ATP_CA,0.469122371279,0.0258128986787,0.4433094726,False,4,2.70000004768,0.981
2q2v NAD 300 D,NAD,NAD,0.934079576803,0.934079576803,0.0,True,1,1.89999997616,0.947
2q2v NAD 300 C,NAD,NAD,0.913977531939,0.913977531939,0.0,True,1,1.89999997616,0.964
2q2v NAD 300 B,NAD,NAD,0.812697521424,0.812697521424,0.0,True,1,1.89999997616,0.979
2q2q NAD 300 H,NAD,NAD,0.701783568606,0.701783568606,0.0,True,1,2.0,0.942
2q2q NAD 300 G,NAD,NAD,0.643303714864,0.643303714864,0.0,True,1,2.0,0.948
2q2q NAD 300 F,NAD,NAD,0.688551145788,0.688551145788,0.0,True,1,2.0,0.896
2q2q NAD 300 E,NAD,NAD,0.962550107777,0.962550107777,0.0,True,1,2.0,0.95
2q2q NAD 300 D,NAD,NAD,0.837039733192,0.837039733192,0.0,True,1,2.0,0.952
2q2q NAD 300 C,MAL,NAD,0.184068609367,0.160354690245,0.0237139191226,False,2,2.0,0.799
2q28 TPP 4001 A,MG_TPP,MG_TPP,0.929840580194,0.929840580194,0.0,True,1,1.70000004768,0.988
2q27 TPP 4001 B,MG_TPP,MG_TPP,0.668659606721,0.668659606721,0.0,True,1,2.09999990463,0.982
2q27 TPP 3001 A,MG_TPP,MG_TPP,0.807704220421,0.807704220421,0.0,True,1,2.09999990463,0.988
2q1w NAD 501 C,NAD,NAD,0.966986825952,0.966986825952,0.0,True,1,2.20000004768,0.979
2q1w NAD 501 B,NAD,NAD,0.888586524104,0.888586524104,0.0,True,1,2.20000004768,0.979
2q1w NAD 501 A,NAD,NAD,0.867297498039,0.867297498039,0.0,True,1,2.20000004768,0.976
2q1u NAD 602 B,NAD,NAD,0.962969431967,0.962969431967,0.0,True,1,1.70000004768,0.968
2q1u NAD 601 A,NAD,NAD,0.864064008926,0.864064008926,0.0,True,1,1.70000004768,0.967
2q0r ATP 425 A,ANP_MG,ATP_CA,0.0664331898841,0.0132449362894,0.0531882535947,False,22,1.70000004768,0.99
2q0h ADP 402 B,GDP_MG,ADP_MG,0.156062579951,0.141871775444,0.0141908045074,False,2,2.20000004768,0.967
2q0h ADP 401 A,ADP_MG,ADP_MG,0.528913245848,0.528913245848,0.0,True,1,2.20000004768,0.959
2q04 ACY 216 A,EDO,ACY,0.543814535302,0.0201069913276,0.523707543974,False,7,2.29999995232,0.905
2q04 ACY 212 E,EDO,ACY,0.515317519833,0.00714615045749,0.508171369376,False,9,2.29999995232,0.949
2pzm NAD 601 B,NAD,NAD,0.970682145511,0.970682145511,0.0,True,1,2.0,0.972
2pzm NAD 601 A,NAD,NAD,0.879788479108,0.879788479108,0.0,True,1,2.0,0.965
2pzl NAD 401 B,NAD,NAD,0.82606866046,0.82606866046,0.0,True,1,2.40000009537,0.964
2pzl NAD 401 A,NAD,NAD,0.882215161833,0.882215161833,0.0,True,1,2.40000009537,0.972
2pzk NAD 401 B,NAD,NAD,0.958256697858,0.958256697858,0.0,True,1,2.09999990463,0.962
2pzk NAD 401 A,NAD,NAD,0.926921843189,0.926921843189,0.0,True,1,2.09999990463,0.981
2pzj NAD 358 A,NAD,NAD,0.608380618444,0.608380618444,0.0,True,1,1.89999997616,0.972
2pyw ADP 999 B,ADP_MG,ADP_MG,0.519317306705,0.519317306705,0.0,True,1,1.89999997616,0.982
2pxl NCO 207 B,MLY,NCO,0.514109010372,0.000271818993164,0.513837191379,False,166,2.0,0.933
2pxl NCO 206 B,MPD,NCO,0.768652549534,0.00972449041778,0.758928059116,False,7,2.0,0.945
2pwe SUC 701 B,SUC,SUC,0.498347280736,0.498347280736,0.0,True,1,1.89999997616,0.863
2pwe SUC 700 A,GSH,SUC,0.401624133945,0.00545410668464,0.39617002726,False,22,1.89999997616,0.875
2pw3 CMP 1 B,CMP,CMP,0.647218205177,0.647218205177,0.0,True,1,1.60000002384,0.947
2pw3 CMP 1 A,CMP,CMP,0.910916578812,0.910916578812,0.0,True,1,1.60000002384,0.955
2pvz CSD 107 B,OCS,CSD,0.559413051225,0.167086591978,0.392326459246,False,2,2.0,0.975
2pvz CSD 107 A,OCS,CSD,0.531866470475,0.0312055930029,0.500660877472,False,6,2.0,0.975
2pv7 NAD 400 B,NAD,NAD,0.967797444055,0.967797444055,0.0,True,1,2.0,0.945
2pv7 NAD 400 A,NAD,NAD,0.716738897228,0.716738897228,0.0,True,1,2.0,0.895
2pup ADP 999 B,NAG,ADP_MG,0.273573684034,0.00839289484785,0.265180789186,False,14,2.59999990463,0.912
2ptm CMP 401 A,CMP,CMP,0.92290079248,0.92290079248,0.0,True,1,1.89999997616,0.971
2ptf FMN 301 A,FMN,FMN,0.877127741422,0.877127741422,0.0,True,1,2.40000009537,0.952
2pt3 HEM 623 A,HEM,HEM,0.887331286487,0.887331286487,0.0,True,1,2.29999995232,0.969
2psp PCA 1 B,PCA,PCA,0.288358924292,0.288358924292,0.0,True,1,2.0,0.934
2psp PCA 1 A,PCA,PCA,0.621595607185,0.621595607185,0.0,True,1,2.0,0.916
2prl FMN 398 A,FMN,FMN,0.997260695663,0.997260695663,0.0,True,1,2.09999990463,0.984
2prh FMN 398 A,FMN,FMN,0.986059354589,0.986059354589,0.0,True,1,2.40000009537,0.978
2prc HEM 340 C,HEM,HEM,0.844328920988,0.844328920988,0.0,True,1,2.40000009537,0.979
2prc HEM 339 C,HEM,HEM,0.839083147515,0.839083147515,0.0,True,1,2.40000009537,0.992
2prc HEM 338 C,HEM,HEM,0.75972054473,0.75972054473,0.0,True,1,2.40000009537,0.986
2prc HEM 337 C,HEC,HEM,0.619739735708,0.309750978294,0.309988757414,False,2,2.40000009537,0.981
2pr6 FMN 501 A,FMN,FMN,0.972801915268,0.972801915268,0.0,True,1,1.89999997616,0.971
2pr6 FMN 500 B,FMN,FMN,0.930111450978,0.930111450978,0.0,True,1,1.89999997616,0.966
2pr5 FMN 501 B,FMN,FMN,0.958563654689,0.958563654689,0.0,True,1,1.5,0.971
2pr5 FMN 500 A,FMN,FMN,0.989844650836,0.989844650836,0.0,True,1,1.5,0.979
2pr1 SUC 201 B,SO4,SUC,0.468995185823,0.000714501042665,0.46828068478,False,161,3.20000004768,0.61
2pnl GAI 2011 F,EDO,GAI,0.202986241011,0.00112590624235,0.201860334769,False,50,2.20000004768,0.956
2pnl GAI 2010 D,GOL,GAI,0.331039097873,0.000514047223338,0.330525050649,False,195,2.20000004768,0.961
2pnl GAI 2009 B,ACT,GAI,0.378426821364,0.00219505665419,0.37623176471,False,18,2.20000004768,0.964
2pnl GAI 2008 H,NO3,GAI,0.450862181225,0.0247955355327,0.426066645692,False,4,2.20000004768,0.989
2pnl GAI 2007 E,ACT,GAI,0.793502608765,0.00848608306956,0.785016525695,False,6,2.20000004768,0.982
2pnl GAI 2006 C,ACT,GAI,0.515093606515,0.00169784249847,0.513395764016,False,20,2.20000004768,0.98
2pnl GAI 2005 A,IMD,GAI,0.623037942382,0.106979335276,0.516058607106,False,2,2.20000004768,0.917
2pnl GAI 2004 B,EDO,GAI,0.619158936492,0.00518116916891,0.613977767323,False,8,2.20000004768,0.834
2pnl GAI 2003 B,DMS,GAI,0.738761425156,0.00240724795022,0.736354177206,False,13,2.20000004768,0.991
2pnl GAI 2002 A,ACT,GAI,0.791968615451,0.00244906600368,0.789519549448,False,13,2.20000004768,0.967
2pnl GAI 2001 C,EDO,GAI,0.551735808689,0.000692504673286,0.551043304015,False,37,2.20000004768,0.703
2pla NAD 401 B,NAP,NAD,0.826475228059,0.00999557220843,0.81647965585,False,3,2.5,0.895
2pla NAD 401 A,NAP,NAD,0.438314794093,0.00482677830223,0.433488015791,False,9,2.5,0.914
2pl3 ADP 300 A,ADP_MG,ADP_MG,0.886648889107,0.886648889107,0.0,True,1,2.20000004768,0.974
2pi2 DIO 303 C,SO4,DIO,0.298653352124,0.0369141280854,0.261739224039,False,4,1.89999997616,0.962
2pi2 DIO 302 B,FMT,DIO,0.111201694565,0.108404946787,0.00279674777803,False,3,1.89999997616,0.962
2pi2 DIO 301 A,DIO,DIO,0.194644365796,0.194644365796,0.0,True,1,1.89999997616,0.976
2phx PCA 1 B,PCA,PCA,0.991954062046,0.991954062046,0.0,True,1,1.79999995232,0.975
2phx PCA 1 A,PCA,PCA,0.909591543845,0.909591543845,0.0,True,1,1.79999995232,0.984
2phx MAN 253 A,CIT,MAN,0.745742203656,0.00389317608157,0.741849027575,False,7,1.79999995232,0.949
2phw PCA 1 B,PCA,PCA,0.94995537104,0.94995537104,0.0,True,1,1.79999995232,0.975
2phw PCA 1 A,PCA,PCA,0.949022528805,0.949022528805,0.0,True,1,1.79999995232,0.98
2phu PCA 1 B,PCA,PCA,0.947633027201,0.947633027201,0.0,True,1,2.20000004768,0.973
2phu PCA 1 A,PCA,PCA,0.214506195841,0.214506195841,0.0,True,1,2.20000004768,0.979
2pht PCA 1 B,PCA,PCA,0.957825303724,0.957825303724,0.0,True,1,2.09999990463,0.965
2pht PCA 1 A,PCA,PCA,0.970442111332,0.970442111332,0.0,True,1,2.09999990463,0.977
2phr PCA 1 B,PCA,PCA,0.997548141441,0.997548141441,0.0,True,1,1.89999997616,0.976
2phr PCA 1 A,PCA,PCA,0.718319590159,0.718319590159,0.0,True,1,1.89999997616,0.975
2phf PCA 1 B,PCA,PCA,0.765817326677,0.765817326677,0.0,True,1,2.09999990463,0.968
2phf PCA 1 A,PCA,PCA,0.399236470552,0.399236470552,0.0,True,1,2.09999990463,0.981
2ph5 NAD 501 A,NAD,NAD,0.520184565817,0.520184565817,0.0,True,1,2.40000009537,0.938
2pgo TPP 615 B,MG_TPP,MG_TPP,0.923943112553,0.923943112553,0.0,True,1,1.29999995232,0.991
2pgo TPP 614 A,MG_TPP,MG_TPP,0.521007952435,0.521007952435,0.0,True,1,1.29999995232,0.994
2pgn TPP 615 B,MG_TPP,MG_TPP,0.467781941211,0.467781941211,0.0,True,1,1.10000002384,0.995
2pgn TPP 614 A,MG_TPP,MG_TPP,0.331561447908,0.331561447908,0.0,True,1,1.10000002384,0.994
2pg7 HEM 500 D,HEM,HEM,0.968476665916,0.968476665916,0.0,True,1,2.79999995232,0.953
2pg7 HEM 500 C,HEM,HEM,0.544290954935,0.544290954935,0.0,True,1,2.79999995232,0.969
2pg7 HEM 500 B,HEM,HEM,0.912627798528,0.912627798528,0.0,True,1,2.79999995232,0.965
2pg7 HEM 500 A,HEM,HEM,0.49639106092,0.49639106092,0.0,True,1,2.79999995232,0.956
2pg6 HEM 500 D,HEM,HEM,0.97073525598,0.97073525598,0.0,True,1,2.5,0.976
2pg6 HEM 500 C,HEM,HEM,0.957234053418,0.957234053418,0.0,True,1,2.5,0.972
2pg6 HEM 500 B,HEM,HEM,0.981543768047,0.981543768047,0.0,True,1,2.5,0.98
2pg6 HEM 500 A,HEM,HEM,0.958086337795,0.958086337795,0.0,True,1,2.5,0.978
2pg5 HEM 500 B,HEM,HEM,0.985167150791,0.985167150791,0.0,True,1,2.0,0.975
2pg2 ADP 601 B,ADP_MG,ADP_MG,0.662858478823,0.662858478823,0.0,True,1,1.79999995232,0.984
2pg2 ADP 601 A,ADP_MG,ADP_MG,0.981181924634,0.981181924634,0.0,True,1,1.79999995232,0.984
2pfz PCA 1 A,PCA,PCA,0.323012435037,0.323012435037,0.0,True,1,1.79999995232,0.981
2pfy PCA 302 D,GOL,PCA,0.875449672137,0.000237189093856,0.875212483043,False,35,2.0,0.968
2pfy PCA 302 C,GOL,PCA,0.261080371417,0.00214360122631,0.25893677019,False,32,2.0,0.953
2pfy PCA 302 B,GOL,PCA,0.508335774351,0.000622014959678,0.507713759391,False,56,2.0,0.984
2pfy PCA 302 A,GOL,PCA,0.780301627755,0.000549529553523,0.779752098202,False,17,2.0,0.984
2peg HEM 400 B,HEM,HEM,0.927526905414,0.927526905414,0.0,True,1,1.39999997616,0.961
2peg HEM 200 A,HEM,HEM,0.853276007887,0.853276007887,0.0,True,1,1.39999997616,0.967
2pdo ACY 607 B,EDO,ACY,0.438081890366,0.00409814476431,0.433983745602,False,12,2.0,0.939
2pdo ACY 606 H,EDO,ACY,0.265348033748,0.0257550401534,0.239592993595,False,7,2.0,0.972
2pd6 NAD 4 D,SAM,NAD,0.10194060358,0.0547258989959,0.047214704584,False,4,2.0,0.918
2pd6 NAD 3 C,NAD,NAD,0.494742756972,0.494742756972,0.0,True,1,2.0,0.949
2pd6 NAD 2 B,NAD,NAD,0.289337752423,0.289337752423,0.0,True,1,2.0,0.888
2pd4 NAD 3780 C,NAD,NAD,0.875813829926,0.875813829926,0.0,True,1,2.29999995232,0.952
2pd4 NAD 2780 B,NAD,NAD,0.741672796503,0.741672796503,0.0,True,1,2.29999995232,0.948
2pd4 NAD 1780 A,NAP,NAD,0.635864283913,0.0220005531695,0.613863730743,False,3,2.29999995232,0.934
2pd3 NAD 4780 D,NAD,NAD,0.82374881642,0.82374881642,0.0,True,1,2.5,0.938
2pd3 NAD 3780 C,NAD,NAD,0.396934788667,0.396934788667,0.0,True,1,2.5,0.915
2pd3 NAD 2780 B,NAD,NAD,0.834772779339,0.834772779339,0.0,True,1,2.5,0.936
2pd3 NAD 1780 A,NAD,NAD,0.906435791665,0.906435791665,0.0,True,1,2.5,0.924
2pcc HEM 104 D,HEM,HEM,0.729552847675,0.729552847675,0.0,True,1,2.29999995232,0.806
2pcc HEM 104 B,HEM,HEM,0.947684228573,0.947684228573,0.0,True,1,2.29999995232,0.774
2pcb HEM 295 C,HEM,HEM,0.966956298195,0.966956298195,0.0,True,1,2.79999995232,0.982
2pcb HEM 295 A,HEM,HEM,0.980430401799,0.980430401799,0.0,True,1,2.79999995232,0.98
2pcb HEM 105 B,HEM,HEM,0.862901826567,0.862901826567,0.0,True,1,2.79999995232,0.966
2pb2 PLP 1555 A,GOL,PLP,0.332615829531,0.00137054690404,0.331245282627,False,182,1.89999997616,0.818
2pb0 PLP 555 B,SO4,PLP,0.519636733967,0.000525759830137,0.519110974136,False,197,2.0,0.723
2pb0 PLP 555 A,EPE,PLP,0.689331468913,0.0289825535131,0.6603489154,False,3,2.0,0.891
2pav ATP 602 A,ATP_CA,ATP_CA,0.699860008504,0.699860008504,0.0,True,1,1.79999995232,0.986
2p9k ATP 602 B,ATP,ATP_CA,0.16139682254,0.0204903229134,0.140906499627,False,11,2.59999990463,0.973
2p9k ATP 601 A,ATP_MG,ATP_CA,0.427678517388,0.349998353612,0.0776801637761,False,2,2.59999990463,0.981
2p9e NAI 511 D,NAD,NAI,0.896559558909,0.0141781445092,0.8823814144,False,3,2.59999990463,0.973
2p9e NAI 510 C,NAD,NAI,0.923529276245,0.0097197761471,0.913809500098,False,4,2.59999990463,0.978
2p9e NAI 509 B,NAD,NAI,0.988490415773,0.000714292112331,0.98777612366,False,3,2.59999990463,0.967
2p9e NAI 508 A,NAD,NAI,0.708008427919,0.198887901771,0.509120526147,False,2,2.59999990463,0.976
2p85 HEM 500 F,HEM,HEM,0.98006736795,0.98006736795,0.0,True,1,2.09999990463,0.949
2p85 HEM 500 E,HEM,HEM,0.941869905132,0.941869905132,0.0,True,1,2.09999990463,0.975
2p85 HEM 500 D,HEM,HEM,0.985582694362,0.985582694362,0.0,True,1,2.09999990463,0.971
2p85 HEM 500 C,HEM,HEM,0.98292341173,0.98292341173,0.0,True,1,2.09999990463,0.963
2p85 HEM 500 B,HEM,HEM,0.989755353378,0.989755353378,0.0,True,1,2.09999990463,0.978
2p85 HEM 500 A,HEM,HEM,0.999074682137,0.999074682137,0.0,True,1,2.09999990463,0.979
2p7j ACY 601 B,ACT,ACY,0.326575067216,0.0027191178338,0.323855949382,False,17,2.29999995232,0.945
2p66 3DR 0 D,BME,3DR,0.185429717822,0.0485463404519,0.13688337737,False,5,2.5,0.838
2p5y NAD 1118 A,NAD,NAD,0.865413063471,0.865413063471,0.0,True,1,1.89999997616,0.981
2p5o 3DR 3 I,PTR,3DR,0.674394988234,0.000242269424839,0.674152718809,False,186,2.79999995232,0.885
2p5o 3DR 3 E,SO4,3DR,0.113998442703,0.00171803694827,0.112280405755,False,145,2.79999995232,0.78
2p5g 3DR 6 I,GOL,3DR,0.354050527154,0.0153160932587,0.338734433895,False,8,2.79999995232,0.921
2p4m CRQ 66 H,CRQ,CRQ,0.910388544896,0.910388544896,0.0,True,1,1.79999995232,0.913
2p4m CRQ 66 G,CRO,CRQ,0.79720998976,0.0471328712362,0.750077118524,False,2,1.79999995232,0.914
2p4m CRQ 66 F,CRQ,CRQ,0.390648617782,0.390648617782,0.0,True,1,1.79999995232,0.924
2p4m CRQ 66 E,NAG,CRQ,0.701919518281,0.000628512873281,0.701291005408,False,149,1.79999995232,0.901
2p4m CRQ 66 D,NRQ,CRQ,0.363196045493,0.218551505881,0.144644539611,False,3,1.79999995232,0.905
2p4m CRQ 66 C,CRQ,CRQ,0.681202887882,0.681202887882,0.0,True,1,1.79999995232,0.918
2p4m CRQ 66 B,CRQ,CRQ,0.273897404733,0.273897404733,0.0,True,1,1.79999995232,0.876
2p4m CRQ 66 A,CR8,CRQ,0.499234119116,0.351460146483,0.147773972633,False,2,1.79999995232,0.93
2p3c CME 67 B,MLY,CME,0.50412776988,0.00423497709112,0.499892792789,False,15,2.09999990463,0.925
2p3c CME 67 A,MLY,CME,0.834933820994,0.00123977289766,0.833694048096,False,23,2.09999990463,0.914
2p3b CME 67 B,MLY,CME,0.912267754998,0.0059271959351,0.906340559063,False,4,2.09999990463,0.958
2p3a CME 67 B,MLY,CME,0.651287773734,0.00248112569346,0.64880664804,False,19,1.79999995232,0.862
2p3a CME 67 A,ACE,CME,0.216233612329,0.00761643660942,0.20861717572,False,12,1.79999995232,0.843
2p34 MAN 1 R,GOL,MAN,0.44711673235,0.0267320142792,0.420384718071,False,6,2.09999990463,0.937
2p34 MAN 1 O,SO4,MAN,0.260233212984,0.00511647292611,0.255116740058,False,12,2.09999990463,0.936
2p2k MAN 247 R,GAL,MAN,0.119425387615,0.0489748166934,0.0704505709216,False,7,2.0,0.898
2p2k MAN 241 O,FUC,MAN,0.295582772077,0.112054490525,0.183528281552,False,2,2.0,0.924
2p12 ACY 602 B,SO4,ACY,0.539093449146,0.00359725489392,0.535496194252,False,9,1.60000002384,0.877
2p12 ACY 601 A,ACT,ACY,0.906556017647,0.00141095329221,0.905145064355,False,10,1.60000002384,0.928
2p0u CSD 182 B,CSD,CSD,0.697423273183,0.697423273183,0.0,True,1,1.89999997616,0.954
2p0u CSD 182 A,CSD,CSD,0.799509663853,0.799509663853,0.0,True,1,1.89999997616,0.955
2p0c ANP 2 B,ADP_MG,ANP_MG,0.566351473564,0.260176825645,0.30617464792,False,2,2.40000009537,0.922
2p0c ANP 1 A,ADP_MG,ANP_MG,0.341522367698,0.304443821427,0.0370785462706,False,2,2.40000009537,0.942
2ozp AZI 1009 A,EDO,AZI,0.422478227981,0.00119013393953,0.421288094041,False,30,2.0,0.835
2ozp AZI 1007 A,GOL,AZI,0.339401342944,0.000445366360332,0.338955976584,False,173,2.0,0.839
2ozp AZI 1006 A,SO4,AZI,0.259914999157,0.000576297666199,0.259338701491,False,193,2.0,0.881
2ozp AZI 1005 A,EDO,AZI,0.621645264947,0.000947213393832,0.620698051553,False,26,2.0,0.902
2ozp AZI 1004 A,EDO,AZI,0.779192613033,0.000751275045746,0.778441337987,False,32,2.0,0.937
2ozp AZI 1003 A,SO4,AZI,0.222563112711,0.000605174049209,0.221957938662,False,48,2.0,0.896
2ozo ANP 615 A,ANP_MG,ANP_MG,0.701144946539,0.701144946539,0.0,True,1,2.5,0.954
2ozm 3DR 3 T,CSD,3DR,0.293577601944,0.24681529157,0.0467623103735,False,2,2.90000009537,0.962
2ozl TPP 2330 A,MG_TPP,MG_TPP,0.515729470296,0.515729470296,0.0,True,1,1.89999997616,0.959
2ozl TPP 1330 C,MG_TPP,MG_TPP,0.922602506225,0.922602506225,0.0,True,1,1.89999997616,0.949
2oz6 CMP 302 A,CMP,CMP,0.379466244541,0.379466244541,0.0,True,1,2.79999995232,0.974
2oz6 CMP 301 A,CMP,CMP,0.941643573432,0.941643573432,0.0,True,1,2.79999995232,0.976
2oys FMN 301 B,FMN,FMN,0.971344836669,0.971344836669,0.0,True,1,2.0,0.964
2oys FMN 301 A,FMN,FMN,0.958354716326,0.958354716326,0.0,True,1,2.0,0.955
2oyq 3DR 6 I,SO4,3DR,0.536761585268,0.000848360966593,0.535913224302,False,44,2.90000009537,0.89
2oxe MAN 502 B,BOG,MAN,0.23482434675,0.0466871851463,0.188137161604,False,6,2.79999995232,0.834
2oxe MAN 502 A,NAG,MAN,0.4802174504,0.013407736203,0.466809714197,False,9,2.79999995232,0.766
2oxb SUC 845 A,CPS,SUC,0.0886822649327,0.00732949672427,0.0813527682084,False,24,2.59999990463,0.88
2ox9 GAL 1 D,NAG,GAL,0.92257548131,0.00036606964547,0.922209411665,False,46,2.0,0.927
2ox9 GAL 1 C,MPD,GAL,0.335848047269,0.00190759195578,0.333940455313,False,47,2.0,0.838
2ox9 GAL 1 A,MAN,GAL,0.63646974193,0.0593997471358,0.577069994794,False,2,2.0,0.957
2ox5 CME 110 Y,GOL,CME,0.346776323137,0.00363370482138,0.343142618315,False,29,2.0,0.832
2ox5 CME 110 D,CSO,CME,0.306966479824,0.062346086745,0.244620393079,False,4,2.0,0.876
2owm ADP 1002 D,ADP_MG,ADP_MG,0.227953475666,0.227953475666,0.0,True,1,3.20000004768,0.893
2owm ADP 1002 C,ADP_MG,ADP_MG,0.346206505893,0.346206505893,0.0,True,1,3.20000004768,0.921
2owm ADP 1002 B,ADP_MG,ADP_MG,0.532595026214,0.532595026214,0.0,True,1,3.20000004768,0.944
2ovw PCA 1 D,CSO,PCA,0.239646750052,0.160046361896,0.0796003881568,False,2,2.29999995232,0.96
2ovw PCA 1 C,PCA,PCA,0.467728661126,0.467728661126,0.0,True,1,2.29999995232,0.938
2ovw PCA 1 B,PCA,PCA,0.823534897263,0.823534897263,0.0,True,1,2.29999995232,0.96
2ovw PCA 1 A,GOL,PCA,0.163460878157,0.00882333738748,0.15463754077,False,15,2.29999995232,0.964
2ou5 FMN 300 B,FMN,FMN,0.865850947964,0.865850947964,0.0,True,1,1.60000002384,0.968
2ou5 FMN 300 A,AMP,FMN,0.328227112528,0.146869176455,0.181357936073,False,2,1.60000002384,0.954
2ord PLP 401 B,PO4,PLP,0.426802648198,0.00932088621593,0.417481761982,False,6,1.39999997616,0.97
2ord PLP 401 A,GSH,PLP,0.364773267707,0.0290678938705,0.335705373836,False,6,1.39999997616,0.976
2oqz ACY 602 A,SO4,ACY,0.772418425622,0.00093683571773,0.771481589904,False,16,1.60000002384,0.738
2oqz ACY 601 A,SO4,ACY,0.63763382761,0.000730933613276,0.636902893997,False,29,1.60000002384,0.809
2oqx CME 352 A,EDO,CME,0.347298144911,0.00116261034915,0.346135534562,False,61,1.89999997616,0.927
2oqx CME 298 A,CME,CME,0.358404491841,0.358404491841,0.0,True,1,1.89999997616,0.934
2oql KCX 169 B,KCX_ZN_ZN,KCX_ZN_ZN,0.960535440814,0.960535440814,0.0,True,1,1.79999995232,0.952
2oql KCX 169 A,KCX_ZN_ZN,KCX_ZN_ZN,0.944575687574,0.944575687574,0.0,True,1,1.79999995232,0.964
2oqg ACY 203 A,FMT,ACY,0.320000058486,0.021817410363,0.298182648123,False,7,1.5,0.971
2oqg ACY 202 B,DMS,ACY,0.264732625964,0.0192230654456,0.245509560519,False,7,1.5,0.962
2ops CSD 280 A,GOL,CSD,0.402275914803,0.0177309800012,0.384544934802,False,6,2.29999995232,0.948
2opr CSD 280 A,GOL,CSD,0.346902835107,0.00490662523878,0.341996209868,False,21,2.90000009537,0.917
2opq CSD 280 A,CSD,CSD,0.855032977181,0.855032977181,0.0,True,1,2.79999995232,0.967
2opp CSD 280 A,SO4,CSD,0.368584229183,0.00171519120032,0.366869037982,False,45,2.59999990463,0.965
2opl CSD 56 A,OCS,CSD,0.255364497446,0.100597463825,0.154767033621,False,3,1.5,0.987
2op1 NAD 450 B,NAD,NAD,0.859413420348,0.859413420348,0.0,True,1,2.59999990463,0.864
2op1 NAD 450 A,NAD,NAD,0.136954834372,0.136954834372,0.0,True,1,2.59999990463,0.701
2op0 NAD 450 B,NAD,NAD,0.721366437135,0.721366437135,0.0,True,1,2.79999995232,0.965
2oos NAD 450 B,NAD,NAD,0.938232401295,0.938232401295,0.0,True,1,2.09999990463,0.968
2oos NAD 450 A,NAD,NAD,0.499939846841,0.499939846841,0.0,True,1,2.09999990463,0.971
2oor NAD 600 B,NAD,NAD,0.15879656831,0.15879656831,0.0,True,1,2.29999995232,0.864
2oor NAD 500 A,NAD,NAD,0.978163829458,0.978163829458,0.0,True,1,2.29999995232,0.913
2oo0 PLP 600 B,PLP,PLP,0.694333239519,0.694333239519,0.0,True,1,1.89999997616,0.983
2oo0 PLP 600 A,PLP,PLP,0.526511775544,0.526511775544,0.0,True,1,1.89999997616,0.988
2onp NAD 508 H,NAD,NAD,0.898786966088,0.898786966088,0.0,True,1,2.0,0.909
2onp GAI 6838 G,EDO,GAI,0.579026777586,0.0052476625681,0.573779115017,False,10,2.0,0.799
2onp GAI 6835 E,EDO,GAI,0.234898977483,0.0995006121061,0.135398365377,False,4,2.0,0.961
2onp GAI 6834 C,EDO,GAI,0.555476150156,0.0232605485792,0.532215601577,False,5,2.0,0.903
2onp GAI 6826 F,EDO,GAI,0.47917008593,0.0214277153165,0.457742370613,False,7,2.0,0.858
2onp GAI 6823 C,EDO,GAI,0.752441122074,0.00863313865486,0.743807983419,False,7,2.0,0.93
2onp GAI 6816 F,EDO,GAI,0.190178849234,0.00601931864013,0.184159530594,False,11,2.0,0.926
2onp GAI 6815 E,EDO,GAI,0.290468868045,0.103472092345,0.186996775701,False,3,2.0,0.946
2onp GAI 6806 F,EDO,GAI,0.534171995931,0.0964761691144,0.437695826817,False,2,2.0,0.91
2onp GAI 6805 E,EDO,GAI,0.410474010865,0.0168145686428,0.393659442222,False,6,2.0,0.974
2onm NAD 508 H,ADP,NAD,0.136727030782,0.0232278867206,0.113499144061,False,9,2.5,0.895
2onm NAD 507 G,NAD,NAD,0.531849174953,0.531849174953,0.0,True,1,2.5,0.901
2onm NAD 506 F,H4B,NAD,0.738851372832,0.00521712532192,0.73363424751,False,9,2.5,0.916
2om2 GDP 356 C,GDP,GDP_MG,0.40408441501,0.22380163754,0.18028277747,False,2,2.20000004768,0.953
2olw ACY 1004 A,SO4,ACY,0.761343112061,0.00159398146667,0.759749130595,False,11,1.60000002384,0.908
2olw ACY 1003 B,SO4,ACY,0.609168260014,0.00186132606757,0.607306933946,False,14,1.60000002384,0.791
2olj ADP 402 B,FAD,ADP_MG,0.265357814567,0.234677131225,0.030680683342,False,2,2.0,0.97
2olj ADP 401 A,NAD,ADP_MG,0.681200691101,0.0730594540536,0.608141237048,False,2,2.0,0.961
2old PCA 1 B,GOL,PCA,0.433032618386,0.00379389317997,0.429238725206,False,14,2.59999990463,0.949
2old PCA 1 A,GOL,PCA,0.299656935462,0.00118078925269,0.298476146209,False,39,2.59999990463,0.94
2ojp CSD 20 B,OCS,CSD,0.877868791535,0.0964320146733,0.781436776862,False,2,1.70000004768,0.99
2ojp CSD 20 A,OCS,CSD,0.498745665201,0.278739588301,0.2200060769,False,2,1.70000004768,0.983
2ojh ACY 402 A,SO4,ACY,0.403401774151,0.00289245068192,0.400509323469,False,13,1.79999995232,0.895
2oil GDP 201 A,GDP_MG,GDP_MG,0.52929280895,0.52929280895,0.0,True,1,2.29999995232,0.965
2oif HEM 163 B,CMO_HEM,CYN_HEM,0.414559500144,0.225717766981,0.188841733162,False,2,1.79999995232,0.963
2oif HEM 163 A,HEM_OXY,CYN_HEM,0.365854427707,0.325332321472,0.0405221062356,False,2,1.79999995232,0.966
2ohj FMN 701 A,FMN,FMN,0.994895767725,0.994895767725,0.0,True,1,2.29999995232,0.982
2ohj FMN 3701 E,FMN,FMN,0.984821188828,0.984821188828,0.0,True,1,2.29999995232,0.976
2ohj FMN 2701 D,FMN,FMN,0.980322901721,0.980322901721,0.0,True,1,2.29999995232,0.981
2ohj FMN 1701 B,FAD,FMN,0.556128844954,0.136849719841,0.419279125113,False,2,2.29999995232,0.973
2ohi FMN 702 G,FMN,FMN,0.934400426789,0.934400426789,0.0,True,1,2.29999995232,0.957
2ohi FMN 701 A,FMN,FMN,0.954172146422,0.954172146422,0.0,True,1,2.29999995232,0.967
2ohi FMN 3702 J,FMN,FMN,0.526196460772,0.526196460772,0.0,True,1,2.29999995232,0.961
2ohi FMN 3701 E,SO4,FMN,0.171416498111,0.0169053315346,0.154511166576,False,9,2.29999995232,0.969
2ohi FMN 2702 I,FMN,FMN,0.907393976301,0.907393976301,0.0,True,1,2.29999995232,0.965
2ohi FMN 2701 D,FMN,FMN,0.788554254777,0.788554254777,0.0,True,1,2.29999995232,0.934
2ohi FMN 1702 H,PLP,FMN,0.299736571265,0.0260410779167,0.273695493348,False,7,2.29999995232,0.969
2ogj KCX 175 F,KCX_ZN_ZN,KCX_ZN_ZN,0.856398620824,0.856398620824,0.0,True,1,2.59999990463,0.869
2ogj KCX 175 E,KCX_ZN_ZN,KCX_ZN_ZN,0.667734296558,0.667734296558,0.0,True,1,2.59999990463,0.839
2ogj KCX 175 B,KCX_ZN_ZN,KCX_ZN_ZN,0.6867361555,0.6867361555,0.0,True,1,2.59999990463,0.808
2ogj KCX 175 A,KCX_ZN_ZN,KCX_ZN_ZN,0.497200161778,0.497200161778,0.0,True,1,2.59999990463,0.821
2og5 ACY 402 A,ACT,ACY,0.705308157974,0.050872053116,0.654436104858,False,3,1.5,0.952
2ofx ADP 1400 B,NDP,ADP_MG,0.120430125729,0.00287791190936,0.11755221382,False,46,1.89999997616,0.974
2ofx ADP 1300 A,NAD,ADP_MG,0.0617523717202,0.0392634597605,0.0224889119598,False,3,1.89999997616,0.978
2ofp DIO 704 B,SO4,DIO,0.875649968553,0.00698545367595,0.868664514877,False,4,2.29999995232,0.957
2ofp DIO 703 B,GOL,DIO,0.280006285636,0.0569220302814,0.223084255355,False,4,2.29999995232,0.965
2ofp DIO 702 A,SO4,DIO,0.265480015887,0.00419428638228,0.261285729505,False,16,2.29999995232,0.947
2ofp DIO 701 A,GOL,DIO,0.479613290318,0.00178681585786,0.47782647446,False,28,2.29999995232,0.969
2ofi 3DR 7 B,MLY_MLY,3DR,0.0893118136763,0.0174526075011,0.0718592061752,False,13,1.79999995232,0.863
2oe9 BME 901 X,BME,BME,0.923441889671,0.923441889671,0.0,True,1,2.0,0.745
2oe7 BME 901 X,BME,BME,0.796518860156,0.796518860156,0.0,True,1,2.09999990463,0.912
2oc8 BME 801 A,BME,BME,0.48632799291,0.48632799291,0.0,True,1,2.70000004768,0.956
2oc7 BME 801 A,ACE,BME,0.68638774086,0.0722552633126,0.614132477547,False,2,2.59999990463,0.916
2oc0 BME 801 A,BME,BME,0.958052164513,0.958052164513,0.0,True,1,2.29999995232,0.95
2obo BME 902 A,BME,BME,0.883651940316,0.883651940316,0.0,True,1,2.59999990463,0.896
2ob2 SMC 202 C,CSO,SMC,0.577573895192,0.00339276650944,0.574181128682,False,22,1.89999997616,0.982
2ob2 SMC 202 B,CSO,SMC,0.711916408685,0.000844224755129,0.71107218393,False,10,1.89999997616,0.97
2ob2 SMC 202 A,CSO,SMC,0.658967819687,0.00327927952458,0.655688540162,False,7,1.89999997616,0.97
2oan CSD 272 D,ZN,CSD,0.146330271959,0.0117355886582,0.1345946833,False,17,2.59999990463,0.969
2oan CSD 272 C,GOL,CSD,0.476050786929,0.000953699966218,0.475097086963,False,90,2.59999990463,0.967
2oan CSD 272 B,SO4,CSD,0.214932236973,0.00207195708491,0.212860279888,False,45,2.59999990463,0.973
2oan CSD 272 A,SO4,CSD,0.736639010983,0.00181806406614,0.734820946917,False,22,2.59999990463,0.967
2oan ATP 501 D,ATP_MG,ATP_CA,0.148649514243,0.0984127783373,0.0502367359058,False,5,2.59999990463,0.98
2oan ATP 501 C,SAM,ATP_CA,0.189637657453,0.107987368974,0.081650288479,False,3,2.59999990463,0.973
2oan ATP 501 B,ANP_MG,ATP_CA,0.146194394437,0.00673674673802,0.139457647699,False,20,2.59999990463,0.969
2oan ATP 501 A,ATP_CA,ATP_CA,0.610556415057,0.610556415057,0.0,True,1,2.59999990463,0.98
2o9a PYR 908 D,CSO,PYR,0.18258096436,0.0260275671898,0.156553397171,False,7,1.79999995232,0.981
2o9a PYR 907 C,EDO,PYR,0.151575547887,0.0171853294194,0.134390218468,False,9,1.79999995232,0.983
2o9a PYR 906 B,CSD,PYR,0.187573052838,0.0167785666758,0.170794486162,False,8,1.79999995232,0.979
2o9a PYR 905 A,CSD,PYR,0.216772599908,0.0289618906624,0.187810709246,False,5,1.79999995232,0.958
2o5m AZI 155 X,ACT,AZI,0.329961023528,0.0196182680192,0.310342755509,False,7,1.60000002384,0.969
2o59 ACY 803 B,GOL,ACY,0.550269620413,0.00133887595839,0.548930744454,False,30,2.5,0.959
2o54 ACY 803 B,GOL,ACY,0.494987605658,0.00895387104189,0.486033734617,False,6,2.5,0.921
2o52 GDP 601 B,GDP_MG,GDP_MG,0.665294366933,0.665294366933,0.0,True,1,2.20000004768,0.98
2o52 GDP 601 A,GDP_MG,GDP_MG,0.56298629968,0.56298629968,0.0,True,1,2.20000004768,0.976
2o52 BME 603 B,BME,BME,0.504684922734,0.504684922734,0.0,True,1,2.20000004768,0.965
2o52 BME 603 A,BME,BME,0.71664475029,0.71664475029,0.0,True,1,2.20000004768,0.968
2o4u BME 2001 X,PYR,BME,0.615754126971,0.1567603482,0.458993778772,False,2,2.0,0.874
2o48 BME 3001 X,BME,BME,0.306997567913,0.306997567913,0.0,True,1,2.59999990463,0.985
2o40 ABA 95 A,ABA,ABA,0.897142134139,0.897142134139,0.0,True,1,1.70000004768,0.97
2o40 ABA 67 A,MLY,ABA,0.3714585044,0.126600313721,0.244858190679,False,2,1.70000004768,0.915
2o40 ABA 199 A,ABA,ABA,0.792564561881,0.792564561881,0.0,True,1,1.70000004768,0.938
2o40 ABA 171 A,ABA,ABA,0.818356656358,0.818356656358,0.0,True,1,1.70000004768,0.869
2o38 ACY 201 B,ACY,ACY,0.41732868854,0.41732868854,0.0,True,1,1.79999995232,0.974
2o38 ACY 201 A,ACY,ACY,0.37238919656,0.37238919656,0.0,True,1,1.79999995232,0.957
2o1v ADP 302 B,ANP_MG,ADP_MG,0.357815861505,0.337226638739,0.0205892227665,False,2,2.5,0.946
2o1v ADP 301 A,ADP,ADP_MG,0.23308478357,0.0921984330332,0.140886350537,False,4,2.5,0.92
2o1u ANP 755 B,ANP_MG,ANP_MG,0.514104252097,0.514104252097,0.0,True,1,2.20000004768,0.954
2o1u ANP 755 A,ATP,ANP_MG,0.234293622482,0.171305349595,0.0629882728877,False,2,2.20000004768,0.91
2o1b PLP 400 A,PLP,PLP,0.974779980145,0.974779980145,0.0,True,1,2.0,0.972
2o19 ACY 803 B,GOL,ACY,0.802625486335,0.00321850942382,0.799406976912,False,7,2.5,0.89
2nzt GLC 1003 B,MG_TPP,GLC,0.356667111507,0.180371593041,0.176295518466,False,2,2.5,0.984
2nzt GLC 1003 A,BGC,GLC,0.730960224952,0.165434635621,0.565525589331,False,2,2.5,0.974
2nzt GLC 1001 B,BGC,GLC,0.489047853348,0.470007164647,0.0190406887013,False,2,2.5,0.977
2nzt GLC 1001 A,FLC,GLC,0.230701906989,0.0250633147456,0.205638592243,False,9,2.5,0.965
2nzj GDP 1004 D,GDP_MG,GDP_MG,0.432250385253,0.432250385253,0.0,True,1,2.5,0.967
2nzj GDP 1003 C,GDP_MG,GDP_MG,0.775869050515,0.775869050515,0.0,True,1,2.5,0.969
2nzj GDP 1002 B,GDP_MG,GDP_MG,0.797872578504,0.797872578504,0.0,True,1,2.5,0.973
2nze ACY 608 A,SO4,ACY,0.674159595959,0.0108522930207,0.663307302938,False,6,1.79999995232,0.934
2nze ACY 607 A,SO4,ACY,0.383068070809,0.000914279440125,0.382153791369,False,18,1.79999995232,0.863
2nze ACY 606 B,SO4,ACY,0.699569919167,0.00127448577612,0.698295433391,False,19,1.79999995232,0.89
2nze ACY 605 B,GOL,ACY,0.318042935607,0.00103438408944,0.317008551518,False,21,1.79999995232,0.894
2nze ACY 603 A,EDO,ACY,0.313409837766,0.00658945717071,0.306820380595,False,11,1.79999995232,0.836
2nze ACY 602 A,EDO,ACY,0.481664616426,0.0115669071735,0.470097709252,False,8,1.79999995232,0.948
2nze ACY 601 B,SO4,ACY,0.447011532042,0.00946269606888,0.437548835973,False,8,1.79999995232,0.957
2nzc ACY 401 B,ACE,ACY,0.348517059129,0.0410303581969,0.307486700932,False,6,1.89999997616,0.83
2ny6 SUC 4000 D,CLA,SUC,0.160515305089,0.00292686691042,0.157588438179,False,46,2.79999995232,0.859
2ny5 SUC 4000 H,NAG,SUC,0.393980541289,0.0590478030823,0.334932738206,False,6,2.5,0.878
2ny4 SUC 4000 D,SIA,SUC,0.0627871354528,0.0243967477852,0.0383903876676,False,7,2.0,0.745
2ny3 SUC 4000 D,SUC,SUC,0.294322847426,0.294322847426,0.0,True,1,2.0,0.73
2ny2 SUC 4000 D,SUC,SUC,0.503135060154,0.503135060154,0.0,True,1,2.0,0.759
2ny1 SUC 4000 D,GOL,SUC,0.0678726260068,0.00753084292513,0.0603417830817,False,20,2.0,0.804
2nxz SUC 4000 D,NAG,SUC,0.248183242155,0.117677354309,0.130505887846,False,2,2.0,0.812
2nxw TPP 2002 A,MG_TPP,MG_TPP,0.524522345665,0.524522345665,0.0,True,1,1.5,0.979
2nxw TPP 2001 B,MG_TPP,MG_TPP,0.959730760238,0.959730760238,0.0,True,1,1.5,0.977
2nx3 PEP 268 H,SO4,PEP,0.932453073462,0.000109468857404,0.932343604604,False,93,2.09999990463,0.93
2nx3 PEP 268 G,SO4,PEP,0.914902208877,0.00262713178386,0.912275077093,False,3,2.09999990463,0.932
2nx3 PEP 268 F,SO4,PEP,0.587891290307,0.0501789200799,0.537712370227,False,4,2.09999990463,0.903
2nx3 PEP 268 E,SO4,PEP,0.749619117124,0.00149785380234,0.748121263321,False,13,2.09999990463,0.931
2nx3 PEP 268 C,SO4,PEP,0.863187843542,0.000553223154738,0.862634620387,False,9,2.09999990463,0.918
2nx3 PEP 268 B,SO4,PEP,0.545695696394,0.208273199093,0.3374224973,False,2,2.09999990463,0.955
2nx3 PEP 268 A,PEP,PEP,0.673318277534,0.673318277534,0.0,True,1,2.09999990463,0.956
2nx1 PEP 2268 B,PEP,PEP,0.9349542386,0.9349542386,0.0,True,1,1.70000004768,0.985
2nws PEP 2268 B,PEP,PEP,0.394628461352,0.394628461352,0.0,True,1,1.79999995232,0.977
2nws PEP 1268 A,PEP,PEP,0.893559030835,0.893559030835,0.0,True,1,1.79999995232,0.984
2nwr PEP 2268 B,PEP,PEP,0.820649435711,0.820649435711,0.0,True,1,1.39999997616,0.991
2nwr PEP 1268 A,PEP,PEP,0.9196452383,0.9196452383,0.0,True,1,1.39999997616,0.986
2nv9 PLP 2008 H,PMP,PLP,0.256422569631,0.234161790109,0.0222607795221,False,2,2.0,0.952
2nv9 PLP 2007 G,PLP,PLP,0.601798460258,0.601798460258,0.0,True,1,2.0,0.957
2nv9 PLP 2006 F,PLP,PLP,0.607576263999,0.607576263999,0.0,True,1,2.0,0.951
2nv9 PLP 2005 E,PLP,PLP,0.430727181688,0.430727181688,0.0,True,1,2.0,0.963
2nv9 PLP 2004 D,LLP,PLP,0.512156761259,0.141963286155,0.370193475104,False,3,2.0,0.97
2nv9 PLP 2003 C,PLP,PLP,0.547584429637,0.547584429637,0.0,True,1,2.0,0.955
2nv9 PLP 2002 B,PLP,PLP,0.474929039516,0.474929039516,0.0,True,1,2.0,0.962
2nv9 PLP 2001 A,PLP,PLP,0.209511703796,0.209511703796,0.0,True,1,2.0,0.956
2nuy PYR 400 B,CSD,PYR,0.123473632115,0.00987559621734,0.113598035898,False,21,2.5,0.989
2nuy PYR 400 A,GOL,PYR,0.267853893713,0.00268882319487,0.265165070518,False,32,2.5,0.988
2ntg BME 200 A,EDO,BME,0.538447207614,0.00322291676131,0.535224290852,False,11,1.39999997616,0.901
2nqt CSD 158 B,OCS,CSD,0.346794523207,0.141016103497,0.20577841971,False,3,1.60000002384,0.967
2nqt CSD 158 A,CSD,CSD,0.574841959481,0.574841959481,0.0,True,1,1.60000002384,0.973
2np7 3DR 6 B,3DR,3DR,0.191989816385,0.191989816385,0.0,True,1,1.89999997616,0.949
2nmp PLP 500 D,PLP,PLP,0.33595409634,0.33595409634,0.0,True,1,2.59999990463,0.962
2nmp PLP 500 C,PLP,PLP,0.828937306861,0.828937306861,0.0,True,1,2.59999990463,0.98
2nmp PLP 500 A,PLP,PLP,0.629178353375,0.629178353375,0.0,True,1,2.59999990463,0.955
2nmn GAL 500 A,NAG,GAL,0.757923058168,0.00467245907125,0.753250599097,False,8,2.40000009537,0.868
2ng1 DIO 800 A,SO4,DIO,0.306277626299,0.242737460661,0.0635401656379,False,2,2.0,0.87
2nad AZI 395 B,FMT,AZI,0.477403002739,0.0208909972131,0.456512005526,False,5,2.0,0.987
2nad AZI 395 A,EDO,AZI,0.786772114334,0.000706411451,0.786065702883,False,27,2.0,0.944
2l78 BME 901 A,BME,BME,0.830501788573,0.830501788573,0.0,True,1,1.79999995232,0.95
2kmb GAL 223 2,GOL,GAL,0.415332479724,0.00635995297751,0.408972526746,False,17,2.0,0.815
2jls BME 1622 A,BME,BME,0.689400978532,0.689400978532,0.0,True,1,2.20000004768,0.951
2jls BME 1621 A,BME,BME,0.742585701757,0.742585701757,0.0,True,1,2.20000004768,0.937
2jlm AZI 1189 C,ACT,AZI,0.264678082973,0.000600791116758,0.264077291857,False,47,2.40000009537,0.854
2jlm AZI 1188 E,EDO,AZI,0.335866638117,0.00127133693806,0.334595301179,False,29,2.40000009537,0.882
2jkz 5GP 300 D,UDP,5GP,0.262476829301,0.00777690535435,0.254699923947,False,10,3.5,0.903
2jkz 5GP 300 C,AMP,5GP,0.358129302947,0.00449892549047,0.353630377456,False,11,3.5,0.888
2jkz 5GP 300 B,ADP,5GP,0.355237394567,0.00193230022171,0.353305094345,False,36,3.5,0.869
2jkz 5GP 300 A,ADP,5GP,0.270143787833,0.00346366260778,0.266680125225,False,27,3.5,0.889
2jky 5GP 300 B,AMP,5GP,0.398617256854,0.0260811999572,0.372536056897,False,3,2.29999995232,0.907
2jky 5GP 300 A,DOC,5GP,0.656500641461,0.00874822817393,0.647752413287,False,9,2.29999995232,0.937
2jjt PCA 1 D,GOL,PCA,0.257257387127,0.105918100336,0.151339286791,False,2,2.29999995232,0.946
2jjt PCA 1 C,MLY,PCA,0.193063512614,0.060560312555,0.132503200059,False,4,2.29999995232,0.922
2jjs PCA 1 D,PCA,PCA,0.938210602723,0.938210602723,0.0,True,1,1.89999997616,0.959
2jjs PCA 1 C,GOL,PCA,0.511897116581,0.199272773032,0.312624343549,False,2,1.89999997616,0.932
2jjh PLP 1450 A,PLP,PLP,0.982506664905,0.982506664905,0.0,True,1,2.70000004768,0.99
2jjg PLP 600 A,PLP,PLP,0.935538024078,0.935538024078,0.0,True,1,2.40000009537,0.983
2jje PLP 1450 A,PLP,PLP,0.986328654835,0.986328654835,0.0,True,1,2.20000004768,0.989
2jj2 ANP 1511 J,ATP_MG,ANP_MG,0.298528647022,0.0736745970446,0.224854049978,False,3,2.40000009537,0.961
2jj2 ANP 1511 H,ATP_MG,ANP_MG,0.36856667351,0.126190500236,0.242376173273,False,3,2.40000009537,0.965
2jj2 ANP 1511 C,ATP_MG,ANP_MG,0.766276659286,0.0929659650528,0.673310694233,False,2,2.40000009537,0.969
2jj2 ANP 1511 A,ATP_MG,ANP_MG,0.506601059425,0.233304490294,0.273296569131,False,2,2.40000009537,0.958
2jj2 ANP 1510 I,ATP_MG,ANP_MG,0.425486429397,0.150951313638,0.27453511576,False,3,2.40000009537,0.956
2jj2 ANP 1510 B,ADP_MG,ANP_MG,0.298238028978,0.186080419993,0.112157608984,False,2,2.40000009537,0.953
2jj2 ANP 1475 M,GDP_MG,ANP_MG,0.295357637444,0.165233960328,0.130123677116,False,2,2.40000009537,0.969
2jj2 ANP 1475 F,ANP_MG,ANP_MG,0.348845514116,0.348845514116,0.0,True,1,2.40000009537,0.977
2jj2 ADP 1476 K,ADP_MG,ADP_MG,0.726694769434,0.726694769434,0.0,True,1,2.40000009537,0.98
2jiz ADP 1476 K,ADP_MG,ADP_MG,0.726083358201,0.726083358201,0.0,True,1,2.29999995232,0.965
2jiz ADP 1476 D,ADP_MG,ADP_MG,0.919589157907,0.919589157907,0.0,True,1,2.29999995232,0.956
2jis PLP 1494 B,PLP,PLP,0.982366128357,0.982366128357,0.0,True,1,1.60000002384,0.983
2jis PLP 1494 A,PLP,PLP,0.708839349043,0.708839349043,0.0,True,1,1.60000002384,0.987
2jib TPP 1566 B,MG_TPP,MG_TPP,0.910903648596,0.910903648596,0.0,True,1,2.20000004768,0.958
2jib TPP 1566 A,MG_TPP,MG_TPP,0.947981592457,0.947981592457,0.0,True,1,2.20000004768,0.959
2ji8 TPP 1566 A,ADP_MG,MG_TPP,0.17100041561,0.122797570287,0.0482028453227,False,2,2.0,0.95
2ji8 TPP 1563 B,MG_TPP,MG_TPP,0.495231620667,0.495231620667,0.0,True,1,2.0,0.947
2jgp DIO 1526 A,GOL,DIO,0.240596698744,0.0028089961548,0.237787702589,False,14,1.79999995232,0.631
2jgp DIO 1525 A,DIO,DIO,0.809838300986,0.809838300986,0.0,True,1,1.79999995232,0.869
2jg4 DIO 2014 B,SO4,DIO,0.639692886762,0.00150599685255,0.63818688991,False,11,2.79999995232,0.932
2jg4 DIO 2013 B,SO4,DIO,0.673594155676,0.00505370947681,0.668540446199,False,4,2.79999995232,0.976
2jg2 PLP 1265 A,NI_OGA,PLP,0.621936986108,0.0449544869413,0.576982499167,False,3,1.29999995232,0.978
2jcb ADP 1190 A,GDP,ADP_MG,0.505076114807,0.375271097092,0.129805017714,False,2,1.60000002384,0.935
2jc3 PLP 1294 H,PLP,PLP,0.966687580945,0.966687580945,0.0,True,1,2.29999995232,0.994
2jc3 PLP 1294 G,PLP,PLP,0.798667574396,0.798667574396,0.0,True,1,2.29999995232,0.983
2jc3 PLP 1294 F,PLP,PLP,0.305286615226,0.305286615226,0.0,True,1,2.29999995232,0.992
2jc3 PLP 1294 E,PLP,PLP,0.747503626583,0.747503626583,0.0,True,1,2.29999995232,0.988
2jc3 PLP 1294 D,PLP,PLP,0.984561624566,0.984561624566,0.0,True,1,2.29999995232,0.99
2jc3 PLP 1294 C,AMP,PLP,0.360743659779,0.0952549133599,0.265488746419,False,2,2.29999995232,0.99
2jc3 PLP 1294 B,PLP,PLP,0.989115617369,0.989115617369,0.0,True,1,2.29999995232,0.993
2jc3 PLP 1294 A,PLP,PLP,0.794883298437,0.794883298437,0.0,True,1,2.29999995232,0.985
2jbu DIO 2017 B,MES,DIO,0.247818283225,0.0668663483439,0.180951934881,False,6,3.0,0.979
2jbu DIO 2017 A,SO4,DIO,0.868633475746,0.000960659256264,0.86767281649,False,12,3.0,0.976
2jbh 5GP 1230 B,AMP,5GP,0.406564872637,0.0204378709307,0.386127001706,False,5,1.70000004768,0.984
2j9z PLP 1395 B,PLP,PLP,0.993183334293,0.993183334293,0.0,True,1,1.79999995232,0.98
2j9k ABA 95 B,ABA,ABA,0.59898546553,0.59898546553,0.0,True,1,1.20000004768,0.987
2j9k ABA 95 A,ABA,ABA,0.862481636167,0.862481636167,0.0,True,1,1.20000004768,0.973
2j9k ABA 67 B,ABA,ABA,0.700222222812,0.700222222812,0.0,True,1,1.20000004768,0.974
2j9k ABA 67 A,MLY,ABA,0.412724993045,0.352158643144,0.0605663499015,False,2,1.20000004768,0.96
2j9g ADP 1449 B,MAN,ADP_MG,0.372729340839,0.229438124815,0.143291216024,False,2,2.0,0.91
2j5m PCA 0 A,PCA,PCA,0.904233998255,0.904233998255,0.0,True,1,1.79999995232,0.96
2j5m MAN 1319 A,MAN,MAN,0.595618280807,0.595618280807,0.0,True,1,1.79999995232,0.722
2j5m MAN 1317 A,MAN,MAN,0.793919516406,0.793919516406,0.0,True,1,1.79999995232,0.84
2j5m MAN 1315 A,MAN,MAN,0.266664373185,0.266664373185,0.0,True,1,1.79999995232,0.781
2j5m MAN 1310 A,MAN,MAN,0.935636042652,0.935636042652,0.0,True,1,1.79999995232,0.962
2j5m MAN 1309 A,MAN,MAN,0.961792102834,0.961792102834,0.0,True,1,1.79999995232,0.949
2j5m MAN 1308 A,MAN,MAN,0.831978278432,0.831978278432,0.0,True,1,1.79999995232,0.9
2j5l PCA 1 B,SO4,PCA,0.38239799159,0.00474970439676,0.377648287193,False,11,2.79999995232,0.848
2j5c BME 1593 B,BME,BME,0.942564955537,0.942564955537,0.0,True,1,2.0,0.904
2j5c BME 1593 A,BME,BME,0.859276808642,0.859276808642,0.0,True,1,2.0,0.904
2j5c BME 1592 B,ACE,BME,0.839832514116,0.0110340522227,0.828798461893,False,4,2.0,0.875
2j5c BME 1592 A,ACE,BME,0.723616100188,0.102560605765,0.621055494424,False,2,2.0,0.906
2j59 DIO 1183 F,EDO,DIO,0.719485809653,0.000970624288504,0.718515185365,False,25,2.09999990463,0.894
2j59 DIO 1183 B,EDO,DIO,0.787374211647,0.000393652647383,0.786980559,False,81,2.09999990463,0.968
2j59 DIO 1183 A,EDO,DIO,0.542176398417,0.00389906303133,0.538277335386,False,17,2.09999990463,0.965
2j4w PCA 1 L,CME,PCA,0.286071368014,0.000775753688688,0.285295614325,False,95,2.5,0.91
2j3s DIO 3332 B,SO4,DIO,0.830481461156,0.0019785479022,0.828502913253,False,10,2.5,0.819
2j3s DIO 3332 A,SO4,DIO,0.317783551754,0.00173983905513,0.316043712699,False,24,2.5,0.862
2j3s DIO 3331 B,GOL,DIO,0.549053475528,0.000445343610562,0.548608131917,False,195,2.5,0.949
2j3s DIO 3331 A,DMS,DIO,0.73701901483,0.0010121866576,0.736006828172,False,13,2.5,0.914
2j3f MAN 1295 B,SO4,MAN,0.265472403837,0.0189924701756,0.246479933662,False,8,2.79999995232,0.944
2j1p BME 1306 B,EDO,BME,0.673162839843,0.00173286509311,0.67142997475,False,13,1.79999995232,0.951
2j1p BME 1305 B,EDO,BME,0.553211489115,0.000689730149409,0.552521758966,False,32,1.79999995232,0.929
2j1a GAL 1768 A,GAL,GAL,0.594443316657,0.594443316657,0.0,True,1,1.5,0.971
2j19 PCA 0 A,PCA,PCA,0.45520607162,0.45520607162,0.0,True,1,1.79999995232,0.97
2j19 MAN 1314 A,MAN,MAN,0.299142074764,0.299142074764,0.0,True,1,1.79999995232,0.836
2j19 MAN 1313 A,GOL,MAN,0.450931170903,0.0194373676281,0.431493803275,False,5,1.79999995232,0.739
2j19 MAN 1309 A,MAN,MAN,0.897585441381,0.897585441381,0.0,True,1,1.79999995232,0.977
2j19 MAN 1308 A,MAN,MAN,0.988364778578,0.988364778578,0.0,True,1,1.79999995232,0.965
2j19 MAN 1307 A,MAN,MAN,0.916940116234,0.916940116234,0.0,True,1,1.79999995232,0.941
2j18 PCA 0 A,PCA,PCA,0.653252888099,0.653252888099,0.0,True,1,1.79999995232,0.974
2j18 MAN 1309 A,MAN,MAN,0.809298029264,0.809298029264,0.0,True,1,1.79999995232,0.977
2j18 MAN 1308 A,MAN,MAN,0.985229860396,0.985229860396,0.0,True,1,1.79999995232,0.964
2j18 MAN 1307 A,MAN,MAN,0.447256289432,0.447256289432,0.0,True,1,1.79999995232,0.955
2j16 CSD 140 A,TPO,CSD,0.704047951538,0.0211750971607,0.682872854377,False,3,2.70000004768,0.932
2j0w ADP 820 A,ATP,ADP_MG,0.131863412228,0.082258460733,0.0496049514947,False,5,2.5,0.956
2j0g MAN 1004 E,NCO,MAN,0.387823689446,0.085042396896,0.30278129255,False,2,2.90000009537,0.805
2iyo CAC 1472 A,PO4,CAC,0.478696727212,0.00339318502899,0.475303542183,False,4,2.40000009537,0.981
2iwg GAL 1450 D,GOL,GAL,0.189552663204,0.000797074373015,0.188755588831,False,183,2.40000009537,0.936
2iwg GAL 1450 A,GOL,GAL,0.349424545176,0.000827516977776,0.348597028198,False,171,2.40000009537,0.981
2iuw BME 901 A,GOL,BME,0.67924325534,0.00282710635945,0.676416148981,False,12,1.5,0.857
2iuw BME 802 A,BME,BME,0.824157619717,0.824157619717,0.0,True,1,1.5,0.908
2iuw BME 800 A,BME,BME,0.812033342591,0.812033342591,0.0,True,1,1.5,0.974
2iuc CAC 1756 B,DMS,CAC,0.879831839729,0.00028723865862,0.879544601071,False,19,2.0,0.97
2iu9 BME 1347 A,SO4,BME,0.843153395128,0.000104098085517,0.843049297042,False,185,3.09999990463,0.892
2iu8 BME 1351 A,SO4,BME,0.437771719386,0.000793478594332,0.436978240792,False,181,2.20000004768,0.937
2isq PLP 400 A,SO4,PLP,0.854033471785,0.0367796150329,0.817253856752,False,3,2.79999995232,0.987
2irp BME 1102 A,PEG,BME,0.318607748076,0.00480857207225,0.313799176004,False,14,2.40000009537,0.954
2irp BME 1101 B,GOL,BME,0.505438790924,0.000996284017404,0.504442506907,False,83,2.40000009537,0.942
2iqj BME 602 B,ACE,BME,0.790915252579,0.0674270801636,0.723488172416,False,2,1.89999997616,0.889
2iqj BME 601 A,BME,BME,0.458643254641,0.458643254641,0.0,True,1,1.89999997616,0.97
2iq7 ACY 3010 B,SO4,ACY,0.472929768606,0.00360685251106,0.469322916095,False,11,1.89999997616,0.856
2ipj BME 326 A,BME,BME,0.434311302785,0.434311302785,0.0,True,1,1.79999995232,0.842
2ipg BME 324 B,BME,BME,0.789808599546,0.789808599546,0.0,True,1,1.89999997616,0.723
2ipg BME 324 A,PCA,BME,0.246657546842,0.227623240471,0.0190343063708,False,2,1.89999997616,0.747
2ipf BME 5 A,BME,BME,0.940226375767,0.940226375767,0.0,True,1,1.89999997616,0.909
2ipf BME 325 A,EDO,BME,0.304617459335,0.244137541433,0.0604799179021,False,2,1.89999997616,0.62
2ipf BME 324 B,BME,BME,0.868966736189,0.868966736189,0.0,True,1,1.89999997616,0.95
2ior ADP 1000 A,ANP_MG,ADP_MG,0.370137209792,0.308623285668,0.0615139241239,False,2,1.60000002384,0.978
2imz CSD 1 B,CSD,CSD,0.784453108629,0.784453108629,0.0,True,1,1.5,0.96
2imz CSD 1 A,SEP,CSD,0.539223444835,0.212339258435,0.3268841864,False,2,1.5,0.976
2imp NAI 506 A,NAD,NAI,0.588871456535,0.0029928335713,0.585878622963,False,16,2.09999990463,0.938
2im3 ACY 904 A,SO4,ACY,0.591728230503,0.00485566800436,0.586872562499,False,9,2.59999990463,0.919
2im3 ACY 903 A,ACT,ACY,0.487150958703,0.0160566230381,0.471094335665,False,7,2.59999990463,0.956
2im3 ACY 902 A,GOL,ACY,0.442523963423,0.00533323302296,0.4371907304,False,15,2.59999990463,0.887
2im3 ACY 901 A,ACT,ACY,0.28531557029,0.0362706822184,0.249044888071,False,6,2.59999990463,0.955
2im2 ACY 904 A,SO4,ACY,0.183989177271,0.0478004594434,0.136188717827,False,5,2.40000009537,0.971
2im2 ACY 903 A,GOL,ACY,0.493336973143,0.0094375119387,0.483899461205,False,6,2.40000009537,0.907
2im2 ACY 902 A,GOL,ACY,0.329962135471,0.0256337599494,0.304328375521,False,5,2.40000009537,0.856
2im2 ACY 901 A,SO4,ACY,0.604135406942,0.00695337830816,0.597182028634,False,9,2.40000009537,0.971
2im1 ACY 905 A,SO4,ACY,0.384070780346,0.00728142642072,0.376789353925,False,8,2.5,0.8
2im1 ACY 904 A,SO4,ACY,0.324308650289,0.04265495399,0.281653696299,False,4,2.5,0.962
2im1 ACY 903 A,SO4,ACY,0.697459952719,0.000926052079766,0.696533900639,False,19,2.5,0.866
2im1 ACY 902 A,SO4,ACY,0.271564209095,0.0289169134517,0.242647295643,False,5,2.5,0.857
2im1 ACY 901 A,EDO,ACY,0.300327787816,0.0107522507324,0.289575537084,False,11,2.5,0.941
2im0 ACY 907 A,GOL,ACY,0.143666711223,0.00392338470352,0.13974332652,False,33,2.29999995232,0.886
2im0 ACY 906 A,EDO,ACY,0.428020613184,0.00158002068865,0.426440592495,False,14,2.29999995232,0.844
2im0 ACY 905 A,GOL,ACY,0.34627105673,0.0135633247792,0.332707731951,False,8,2.29999995232,0.884
2im0 ACY 904 A,SO4,ACY,0.552629260147,0.195548733109,0.357080527038,False,2,2.29999995232,0.951
2im0 ACY 903 A,SO4,ACY,0.727941064813,0.000945533350821,0.726995531462,False,13,2.29999995232,0.836
2im0 ACY 902 A,SO4,ACY,0.32502664725,0.00928594945412,0.315740697796,False,8,2.29999995232,0.753
2im0 ACY 901 A,SO4,ACY,0.267938892651,0.0516785822571,0.216260310394,False,4,2.29999995232,0.88
2ilz ACY 904 A,GOL,ACY,0.415500804502,0.0370238831355,0.378476921366,False,4,2.5,0.918
2ilz ACY 903 A,GOL,ACY,0.584557593731,0.0158890586707,0.56866853506,False,5,2.5,0.953
2ilz ACY 902 A,GOL,ACY,0.421835994947,0.0148677107432,0.406968284204,False,4,2.5,0.863
2ilz ACY 901 A,SO4,ACY,0.297505455342,0.0223129149144,0.275192540428,False,8,2.5,0.974
2ily ACY 907 A,GOL,ACY,0.49166428494,0.0485251936405,0.443139091299,False,4,2.59999990463,0.923
2ily ACY 906 A,EDO,ACY,0.320475432466,0.00585193041794,0.314623502048,False,8,2.59999990463,0.854
2ily ACY 905 A,GOL,ACY,0.393886364175,0.00766608682073,0.386220277355,False,8,2.59999990463,0.819
2ily ACY 904 A,ACT,ACY,0.365281678205,0.0138802278186,0.351401450386,False,6,2.59999990463,0.97
2ily ACY 903 A,SO4,ACY,0.43625809228,0.0150297580111,0.421228334269,False,5,2.59999990463,0.976
2ily ACY 902 A,GOL,ACY,0.583539387961,0.0373722947636,0.546167093197,False,5,2.59999990463,0.841
2ily ACY 901 A,ACT,ACY,0.679713519847,0.0741274475774,0.605586072269,False,3,2.59999990463,0.964
2ihv TPP 600 D,MG_TPP,MG_TPP,0.977967918499,0.977967918499,0.0,True,1,2.29999995232,0.98
2ihv TPP 600 C,MG_TPP,MG_TPP,0.897888864368,0.897888864368,0.0,True,1,2.29999995232,0.968
2ihv TPP 600 B,MG_TPP,MG_TPP,0.733841047987,0.733841047987,0.0,True,1,2.29999995232,0.971
2igt ACY 1011 C,GOL,ACY,0.448946188294,0.0336238586392,0.415322329655,False,3,1.89999997616,0.762
2igt ACY 1010 A,EDO,ACY,0.598104830306,0.00167293480805,0.596431895498,False,12,1.89999997616,0.897
2igt ACY 1008 A,EDO,ACY,0.412791545986,0.0153940427889,0.397397503197,False,6,1.89999997616,0.88
2igt ACY 1006 C,EDO,ACY,0.331345499989,0.0136700587707,0.317675441218,False,10,1.89999997616,0.897
2igs ACY 2021 H,EDO,ACY,0.505875645347,0.00650041750892,0.499375227838,False,10,2.20000004768,0.908
2igs ACY 2020 G,SO4,ACY,0.926655810012,0.000231648700095,0.926424161312,False,21,2.20000004768,0.918
2igs ACY 2018 A,SO4,ACY,0.34705640739,0.00137481943738,0.345681587953,False,34,2.20000004768,0.8
2igs ACY 2017 B,EDO,ACY,0.763562720657,0.00119444403449,0.762368276623,False,11,2.20000004768,0.866
2igs ACY 2016 F,GOL,ACY,0.668297678629,0.00129160613141,0.667006072498,False,19,2.20000004768,0.829
2igs ACY 2014 F,GOL,ACY,0.531857893207,0.000561098795364,0.531296794411,False,31,2.20000004768,0.783
2igi ACY 603 A,ACT,ACY,0.277306853773,0.216968871355,0.0603379824181,False,2,1.70000004768,0.918
2igi ACY 601 A,ACT,ACY,0.665710565073,0.235782977006,0.429927588066,False,2,1.70000004768,0.988
2ig3 HEM 700 B,CMO_HEM,CYN_HEM,0.638440137752,0.015534006375,0.622906131377,False,4,2.20000004768,0.961
2ig3 HEM 700 A,HEM,CYN_HEM,0.883869566439,0.0138716290549,0.869997937384,False,4,2.20000004768,0.958
2ifw ACY 398 A,EDO,ACY,0.493808331991,0.00788534558597,0.485922986405,False,12,2.29999995232,0.727
2ifr ACY 437 A,GOL,ACY,0.616523145408,0.00115149805608,0.615371647352,False,15,1.89999997616,0.853
2iej SUC 938 B,SUC,SUC,0.977570418838,0.977570418838,0.0,True,1,1.79999995232,0.941
2ieh ADP 603 B,ADP_MG,ADP_MG,0.263267107211,0.263267107211,0.0,True,1,2.59999990463,0.959
2ieh ADP 600 A,NAP,ADP_MG,0.426269337693,0.152154464535,0.274114873158,False,2,2.59999990463,0.965
2idw ACY 606 B,GOL,ACY,0.233081210565,0.00226919215413,0.230812018411,False,30,1.10000002384,0.885
2idw ACY 601 A,GOL,ACY,0.304423321853,0.00333954393383,0.301083777919,False,15,1.10000002384,0.911
2ics KCX 154 A,KCX_ZN_ZN,KCX_ZN_ZN,0.976342128901,0.976342128901,0.0,True,1,2.09999990463,0.917
2ib5 CRQ 65 H,CRO,CRQ,0.65575984919,0.237036431357,0.418723417833,False,2,1.79999995232,0.862
2ib5 CRQ 65 G,MLY,CRQ,0.343311170111,0.03215977724,0.311151392871,False,5,1.79999995232,0.857
2ib5 CRQ 65 F,NRQ,CRQ,0.447450275079,0.0946975597349,0.352752715344,False,3,1.79999995232,0.822
2ib5 CRQ 65 E,CRO,CRQ,0.350992228448,0.33045632808,0.0205359003683,False,2,1.79999995232,0.836
2ib5 CRQ 65 D,CRQ,CRQ,0.410869536379,0.410869536379,0.0,True,1,1.79999995232,0.855
2i74 MAN 3 A,FUC,MAN,0.326744711884,0.17453457041,0.152210141474,False,2,1.79999995232,0.871
2i74 MAN 2 A,NAG,MAN,0.765283456749,0.00662631249272,0.758657144257,False,7,1.79999995232,0.832
2i6g ACY 206 A,EDO,ACY,0.397962452069,0.00112133015791,0.396841121911,False,28,1.89999997616,0.852
2i6d ACY 301 A,FMT,ACY,0.259156955077,0.00376173168432,0.255395223392,False,11,1.89999997616,0.883
2i67 APR 301 B,GAL,APR,0.131917715481,0.00082938874989,0.131088326731,False,169,1.70000004768,0.842
2i67 APR 301 A,FAD,APR,0.520460642197,0.00249550071961,0.517965141477,False,34,1.70000004768,0.908
2i5s PCA 1 X,PCA,PCA,0.962900610785,0.962900610785,0.0,True,1,1.89999997616,0.985
2i5p GLC 1953 P,NAG,GLC,0.425200612893,0.0452325454169,0.379968067476,False,3,2.29999995232,0.758
2i5p GLC 1952 O,GLC,GLC,0.200328054913,0.200328054913,0.0,True,1,2.29999995232,0.728
2i5p BME 1024 P,MPD,BME,0.462948363355,0.000551187664925,0.46239717569,False,49,2.29999995232,0.814
2i5p BME 1023 O,GOL,BME,0.339089578548,0.00106986097903,0.338019717569,False,69,2.29999995232,0.9
2i5j SUC 3001 B,ATP_MG,SUC,0.132285924932,0.119236802516,0.0130491224163,False,2,3.20000004768,0.958
2i5j SUC 3000 A,NAG,SUC,0.872652242384,0.00663336862296,0.866018873761,False,3,3.20000004768,0.812
2i5j GLC 2002 A,NAG,GLC,0.271380934799,0.00608836776169,0.265292567037,False,19,3.20000004768,0.851
2i5j GLC 2001 A,SO4,GLC,0.444454698057,0.00106878993748,0.44338590812,False,117,3.20000004768,0.873
2i1o ACY 552 A,MLY,ACY,0.104793046356,0.000909548874653,0.103883497481,False,185,2.40000009537,0.948
2i1o ACY 551 A,EDO,ACY,0.314350434489,0.140763699635,0.173586734853,False,3,2.40000009537,0.685
2hzp PLP 544 A,PLP,PLP,0.996599187716,0.996599187716,0.0,True,1,2.0,0.977
2hzl PYR 602 B,PYR,PYR,0.157894588227,0.157894588227,0.0,True,1,1.39999997616,0.971
2hzl PYR 601 A,PYR,PYR,0.448392398756,0.448392398756,0.0,True,1,1.39999997616,0.974
2hyr GLC 127 B,NDG,GLC,0.21393255699,0.00224603016885,0.211686526821,False,97,1.5,0.949
2hyr GLC 127 A,SIA,GLC,0.123934449565,0.00872497320041,0.115209476365,False,17,1.5,0.93
2hyr GLC 125 B,FUC,GLC,0.324759761864,0.0610104758166,0.263749286047,False,3,1.5,0.892
2hyr GLC 123 B,NAG,GLC,0.668874170052,0.00491025800577,0.663963912047,False,14,1.5,0.945
2hyr GLC 123 A,CIT,GLC,0.215803058636,0.111861687748,0.103941370888,False,3,1.5,0.926
2hyq MAN 127 B,FLC,MAN,0.110195910216,0.0686117744647,0.0415841357514,False,3,2.0,0.965
2hyq MAN 127 A,FUC,MAN,0.308808662658,0.0794152957189,0.229393366939,False,2,2.0,0.919
2hyq MAN 125 B,BOG,MAN,0.162541755194,0.0303020570667,0.132239698128,False,7,2.0,0.957
2hyq MAN 125 A,GOL,MAN,0.440908858144,0.0227886070852,0.418120251059,False,6,2.0,0.93
2hyq MAN 123 B,ADN,MAN,0.110522872754,0.00821392935595,0.102308943399,False,20,2.0,0.959
2hyq MAN 123 A,SO4,MAN,0.279360135006,0.0503554907386,0.229004644268,False,4,2.0,0.941
2hx2 CAC 850 B,CAC,CAC,0.685288755,0.685288755,0.0,True,1,2.0,0.992
2hx2 CAC 850 A,CAC,CAC,0.846299089923,0.846299089923,0.0,True,1,2.0,0.987
2hvi SUC 877 D,CIT,SUC,0.572170403322,0.0158134989753,0.556356904347,False,4,2.0,0.794
2hu9 ACY 302 B,SO4,ACY,0.347827459821,0.00417672031061,0.343650739511,False,12,1.79999995232,0.964
2hu9 ACY 301 A,ACT,ACY,0.261518897989,0.063532093374,0.197986804614,False,6,1.79999995232,0.903
2hp2 PLP 6000 B,LLP,PLP,0.646241955643,0.209627574524,0.436614381119,False,2,2.70000004768,0.956
2hp1 PLP 6000 B,PLP,PLP,0.985106317366,0.985106317366,0.0,True,1,2.09999990463,0.982
2hnz CSD 280 A,CSD,CSD,0.449552234603,0.449552234603,0.0,True,1,3.0,0.96
2hny CSD 280 A,CSD,CSD,0.472341736093,0.472341736093,0.0,True,1,2.5,0.956
2hnx ACY 140 A,EDO,ACY,0.254417817302,0.0040757599284,0.250342057374,False,15,1.5,0.707
2hnx ACY 138 A,SO4,ACY,0.871840078855,0.000552229475757,0.871287849379,False,35,1.5,0.719
2hni ACY 1301 B,GOL,ACY,0.251247364686,0.0553852938753,0.195862070811,False,5,1.89999997616,0.9
2hnd CSD 280 A,CSD,CSD,0.51896169551,0.51896169551,0.0,True,1,2.5,0.96
2hmt NAI 602 B,TYS,NAI,0.103551676449,0.0163438876494,0.0872077887992,False,11,2.20000004768,0.81
2hmt NAI 601 A,H4B,NAI,0.103514195289,0.00570817016036,0.0978060251285,False,25,2.20000004768,0.753
2hms NAI 604 D,ADP,NAI,0.29325368737,0.166834072314,0.126419615056,False,2,2.70000004768,0.935
2hmf ADP 472 D,ANP_MG,ADP_MG,0.174993685038,0.126756496697,0.0482371883409,False,3,2.70000004768,0.979
2hmf ADP 472 C,ATP,ADP_MG,0.263137705175,0.0246702909322,0.238467414243,False,8,2.70000004768,0.951
2hmf ADP 472 B,ATP,ADP_MG,0.640662966958,0.0666006537451,0.574062313212,False,3,2.70000004768,0.955
2hmf ADP 472 A,ADP_MG,ADP_MG,0.541429200275,0.541429200275,0.0,True,1,2.70000004768,0.961
2hl8 CSD 580 A,OCS,CSD,0.546979990336,0.110063405829,0.436916584507,False,2,2.0,0.945
2hjs DIO 410 A,EDO,DIO,0.0854684305504,0.00226426641584,0.0832041641345,False,59,2.20000004768,0.814
2hjs DIO 409 A,SO4,DIO,0.312434166631,0.00484973402748,0.307584432603,False,17,2.20000004768,0.743
2hjs DIO 408 A,GOL,DIO,0.732426886056,0.00202497653765,0.730401909519,False,19,2.20000004768,0.865
2hjs DIO 407 A,SO4,DIO,0.316129365201,0.000919826520394,0.31520953868,False,116,2.20000004768,0.897
2hjs DIO 405 A,SO4,DIO,0.745190326895,0.0104597264632,0.734730600432,False,5,2.20000004768,0.839
2hjs DIO 404 A,SO4,DIO,0.293533930931,0.00321904062949,0.290314890301,False,17,2.20000004768,0.91
2hjs DIO 402 A,LDA,DIO,0.403446956041,0.00292837225823,0.400518583783,False,12,2.20000004768,0.9
2hjr APR 3012 B,NAD,APR,0.46528968193,0.255271003461,0.210018678469,False,2,2.20000004768,0.941
2hjr APR 3011 L,APR,APR,0.218972434869,0.218972434869,0.0,True,1,2.20000004768,0.931
2hjr APR 3010 K,NAD,APR,0.864075404583,0.0210776798411,0.842997724742,False,3,2.20000004768,0.941
2hjr APR 3009 J,NAD,APR,0.41451703524,0.00370995189292,0.410807083347,False,17,2.20000004768,0.909
2hhf PLP 401 B,PLP,PLP,0.946070052909,0.946070052909,0.0,True,1,1.79999995232,0.965
2hhf PLP 400 A,PLP,PLP,0.976513901101,0.976513901101,0.0,True,1,1.79999995232,0.959
2hgx PLP 401 B,PLP,PLP,0.990949318966,0.990949318966,0.0,True,1,1.79999995232,0.964
2hgx PLP 400 A,PLP,PLP,0.99509295965,0.99509295965,0.0,True,1,1.79999995232,0.962
2hgx ACY 1003 B,GOL,ACY,0.629584841476,0.0014224117083,0.628162429767,False,28,1.79999995232,0.769
2hgx ACY 1002 B,GOL,ACY,0.564413153798,0.00093735322455,0.563475800573,False,21,1.79999995232,0.746
2hgx ACY 1001 A,SO4,ACY,0.314267734411,0.00476839920681,0.309499335205,False,13,1.79999995232,0.816
2hgw PLP 401 B,PLP,PLP,0.99459865735,0.99459865735,0.0,True,1,2.0,0.974
2hgw PLP 400 A,PLP,PLP,0.932928017293,0.932928017293,0.0,True,1,2.0,0.959
2hgw ACY 1007 A,GOL,ACY,0.372631560427,0.00295822058529,0.369673339841,False,11,2.0,0.832
2hgw ACY 1005 B,EDO,ACY,0.41226041448,0.093741488474,0.318518926005,False,2,2.0,0.759
2hgw ACY 1004 A,EDO,ACY,0.423991534751,0.00299052136835,0.421001013382,False,14,2.0,0.708
2hgw ACY 1003 A,SO4,ACY,0.60493550317,0.00335432260724,0.601581180563,False,8,2.0,0.874
2hgw ACY 1002 A,EDO,ACY,0.53197952792,0.0532962754296,0.478683252491,False,4,2.0,0.859
2hgw ACY 1001 A,EDO,ACY,0.580221416149,0.0088527498273,0.571368666322,False,7,2.0,0.693
2hg8 PLP 401 B,PLP,PLP,0.725496821056,0.725496821056,0.0,True,1,1.79999995232,0.964
2hg8 PLP 400 A,PLP,PLP,0.704409873532,0.704409873532,0.0,True,1,1.79999995232,0.97
2hen ADP 403 D,NAD,ADP_MG,0.263860516767,0.0850463807128,0.178814136054,False,3,2.59999990463,0.957
2hen ADP 402 C,ADP_MG,ADP_MG,0.341330482236,0.341330482236,0.0,True,1,2.59999990463,0.962
2hen ADP 401 B,ADP_MG,ADP_MG,0.615526293586,0.615526293586,0.0,True,1,2.59999990463,0.964
2hen ADP 400 A,ADP_MG,ADP_MG,0.207547775612,0.207547775612,0.0,True,1,2.59999990463,0.966
2heh ADP 601 A,ADP_MG,ADP_MG,0.944811751005,0.944811751005,0.0,True,1,2.20000004768,0.976
2he8 BME 603 B,BME,BME,0.584081726494,0.584081726494,0.0,True,1,1.89999997616,0.951
2he8 BME 602 A,BME,BME,0.76662896634,0.76662896634,0.0,True,1,1.89999997616,0.902
2he8 BME 601 A,ACE,BME,0.600277361436,0.15308464702,0.447192714416,False,2,1.89999997616,0.88
2hdk PLP 401 B,PLP,PLP,0.946184031125,0.946184031125,0.0,True,1,2.40000009537,0.986
2hdk PLP 400 A,PLP,PLP,0.979799162946,0.979799162946,0.0,True,1,2.40000009537,0.986
2hdk ACY 1001 A,GOL,ACY,0.521129866121,0.00158111751762,0.519548748604,False,41,2.40000009537,0.794
2ha6 ACY 903 A,SO4,ACY,0.620197683444,0.0091410470312,0.611056636413,False,6,2.20000004768,0.977
2h9w CSD 1070 A,CSD,CSD,0.650172200019,0.650172200019,0.0,True,1,1.79999995232,0.965
2h9d PYR 206 C,SO4,PYR,0.248503792787,0.00360845693524,0.244895335852,False,18,1.89999997616,0.931
2h9d PYR 205 A,EDO,PYR,0.239177349995,0.00230485100231,0.236872498993,False,16,1.89999997616,0.826
2h9d PYR 203 C,SO4,PYR,0.210716757217,0.00178043052372,0.208936326693,False,25,1.89999997616,0.878
2h9d PYR 202 D,ACT,PYR,0.44281547692,0.00354418740973,0.43927128951,False,16,1.89999997616,0.936
2h9d PYR 201 C,SO4,PYR,0.650594753955,0.0134081766364,0.637186577319,False,7,1.89999997616,0.963
2h6h ACY 3004 A,FMT,ACY,0.883511156478,0.00383478809491,0.879676368383,False,6,1.79999995232,0.974
2h6f ACY 3005 B,EDO,ACY,0.473524097256,0.0369913752202,0.436532722036,False,4,1.5,0.645
2h6f ACY 3004 A,ACT,ACY,0.775599507423,0.0711076554447,0.704491851979,False,2,1.5,0.972
2h6f ACY 3003 B,EDO,ACY,0.472222044222,0.00174302008234,0.470479024139,False,11,1.5,0.709
2h6f ACY 3001 A,GOL,ACY,0.523049232921,0.00370362547475,0.519345607446,False,10,1.5,0.709
2h58 ADP 901 A,ADP_MG,ADP_MG,0.19157202373,0.19157202373,0.0,True,1,1.89999997616,0.985
2gxa ADP 9 J,HEM,ADP_MG,0.349659818189,0.0348722780238,0.314787540166,False,4,3.09999990463,0.939
2gxa ADP 8 H,ADP_MG,ADP_MG,0.573418692038,0.573418692038,0.0,True,1,3.09999990463,0.903
2gxa ADP 7 G,ANP_MG,ADP_MG,0.358322494551,0.0505740118491,0.307748482702,False,6,3.09999990463,0.924
2gxa ADP 5 E,ADP,ADP_MG,0.114269712439,0.0441055946204,0.0701641178183,False,5,3.09999990463,0.923
2gxa ADP 4 D,ATP,ADP_MG,0.182799707224,0.0570919318577,0.125707775366,False,4,3.09999990463,0.864
2gxa ADP 3 C,ADP_MG,ADP_MG,0.455292190171,0.455292190171,0.0,True,1,3.09999990463,0.905
2gws CAC 951 J,GOL,CAC,0.308817803744,0.00111002565413,0.30770777809,False,66,2.40000009537,0.803
2gws CAC 950 H,SO4,CAC,0.531400411091,0.010526009907,0.520874401184,False,10,2.40000009537,0.898
2gws CAC 949 D,NCO,CAC,0.467643571413,0.00168467273967,0.465958898674,False,26,2.40000009537,0.897
2gwn BME 612 A,SO4,BME,0.223429017645,0.00568565990947,0.217743357735,False,12,1.79999995232,0.908
2gvy GLC 1012 A,NAG,GLC,0.75269150814,0.00722704170697,0.745464466433,False,9,1.79999995232,0.908
2gvy GLC 1000 B,SIA,GLC,0.162653293073,0.0234041441123,0.139249148961,False,7,1.79999995232,0.854
2gvi ACY 407 A,EDO,ACY,0.441461708411,0.0206901144883,0.420771593923,False,5,1.89999997616,0.928
2gud MAN 124 B,TRS,MAN,0.280820636755,0.280730973641,8.96631141513e-05,False,2,0.899999976158,0.979
2gud MAN 124 A,TRS,MAN,0.319927562103,0.061383634246,0.258543927857,False,3,0.899999976158,0.968
2gud MAN 123 B,MAN,MAN,0.29945887808,0.29945887808,0.0,True,1,0.899999976158,0.988
2gud MAN 122 B,MAN,MAN,0.369796855325,0.369796855325,0.0,True,1,0.899999976158,0.924
2gud MAN 122 A,MAN,MAN,0.426863468729,0.426863468729,0.0,True,1,0.899999976158,0.974
2guc MAN 124 B,MAN,MAN,0.800082815295,0.800082815295,0.0,True,1,1.79999995232,0.967
2guc MAN 124 A,MAN,MAN,0.587127512396,0.587127512396,0.0,True,1,1.79999995232,0.975
2guc MAN 123 B,MAN,MAN,0.620821911177,0.620821911177,0.0,True,1,1.79999995232,0.985
2guc MAN 123 A,GLC,MAN,0.182787156264,0.0756060668108,0.107181089454,False,3,1.79999995232,0.964
2guc MAN 122 B,MAN,MAN,0.840244759038,0.840244759038,0.0,True,1,1.79999995232,0.946
2guc MAN 122 A,MAN,MAN,0.798734289262,0.798734289262,0.0,True,1,1.79999995232,0.967
2gpj ACY 513 A,EDO,ACY,0.479070434301,0.00652830072351,0.472542133578,False,11,2.20000004768,0.941
2gpj ACY 511 A,SO4,ACY,0.312884011756,0.0378434335963,0.27504057816,False,6,2.20000004768,0.945
2gpj ACY 510 A,GOL,ACY,0.630509702826,0.00305157454033,0.627458128285,False,9,2.20000004768,0.927
2gnt PCA 1 B,PCA,PCA,0.66823335833,0.66823335833,0.0,True,1,2.0,0.971
2gnt PCA 1 A,PCA,PCA,0.818517993089,0.818517993089,0.0,True,1,2.0,0.976
2gnm PCA 1 B,PCA,PCA,0.401679062192,0.401679062192,0.0,True,1,2.0,0.969
2gnm PCA 1 A,TLA,PCA,0.0911937545001,0.0534703072645,0.0377234472356,False,2,2.0,0.983
2gnm MAN 253 A,EDO,MAN,0.586146233544,0.000224643266806,0.585921590277,False,189,2.0,0.76
2gnd PCA 1 B,PCA,PCA,0.782107633962,0.782107633962,0.0,True,1,2.20000004768,0.982
2gnd PCA 1 A,PCA,PCA,0.203006413874,0.203006413874,0.0,True,1,2.20000004768,0.982
2gnd MAN 253 B,CIT,MAN,0.106165042674,0.0957230377616,0.0104420049126,False,2,2.20000004768,0.927
2gnb PCA 1 B,PCA,PCA,0.121907494692,0.121907494692,0.0,True,1,2.29999995232,0.962
2gnb PCA 1 A,PCA,PCA,0.48221375801,0.48221375801,0.0,True,1,2.29999995232,0.982
2gnb MAN 300 A,GOL,MAN,0.0976484104976,0.0647201381881,0.0329282723095,False,3,2.29999995232,0.883
2gn7 PCA 1 B,FMN,PCA,0.0665276474863,0.00427321914796,0.0622544283383,False,56,2.90000009537,0.914
2gn7 PCA 1 A,SO4,PCA,0.333677546675,0.000367792013429,0.333309754661,False,183,2.90000009537,0.879
2gn3 PCA 1 B,PCA,PCA,0.997380153913,0.997380153913,0.0,True,1,2.0,0.952
2gn3 PCA 1 A,PCA,PCA,0.924189178093,0.924189178093,0.0,True,1,2.0,0.949
2gn3 MAN 300 A,MAN,MAN,0.556347056722,0.556347056722,0.0,True,1,2.0,0.941
2gmr BPH 310 M,BPH,BPH,0.964083920066,0.964083920066,0.0,True,1,2.5,0.945
2gmr BPH 305 L,BPH,BPH,0.970819358825,0.970819358825,0.0,True,1,2.5,0.961
2gmp PCA 1 B,NAG,PCA,0.137079458477,0.0152140469418,0.121865411535,False,12,2.5,0.821
2gmp PCA 1 A,HYP,PCA,0.37558791172,0.0210814585912,0.354506453129,False,6,2.5,0.723
2gmm PCA 1 B,CSO,PCA,0.0843135662834,0.00789860744842,0.076414958835,False,22,2.20000004768,0.964
2gmm PCA 1 A,PCA,PCA,0.268995488856,0.268995488856,0.0,True,1,2.20000004768,0.941
2gmk PCA 1 A,PCA,PCA,0.933197997505,0.933197997505,0.0,True,1,1.70000004768,0.961
2gme PCA 1 B,PCA,PCA,0.917188450816,0.917188450816,0.0,True,1,1.70000004768,0.938
2gme PCA 1 A,PCA,PCA,0.893593363801,0.893593363801,0.0,True,1,1.70000004768,0.937
2gln HEM 144 B,HEM,CYN_HEM,0.836960567292,0.0387102384178,0.798250328874,False,2,2.0,0.977
2gln HEM 144 A,CMO_HEM,CYN_HEM,0.248045683776,0.0860588304178,0.161986853358,False,5,2.0,0.974
2gkj ACY 580 A,ACT,ACY,0.861951684337,0.0351142561309,0.826837428206,False,2,1.70000004768,0.948
2gkj ACY 579 A,EDO,ACY,0.646898883645,0.000335021842686,0.646563861803,False,96,1.70000004768,0.746
2gke ACY 696 A,EDO,ACY,0.621870198246,0.000408454855305,0.62146174339,False,47,1.29999995232,0.796
2gke ACY 695 A,ACT,ACY,0.830644347636,0.0645133038572,0.766131043779,False,2,1.29999995232,0.981
2gjp GLC 1301 A,PEG,GLC,0.153567633565,0.0298856752042,0.123681958361,False,7,1.89999997616,0.811
2gia ACY 7402 G,GOL,ACY,0.31819742514,0.00240583726321,0.315791587877,False,13,1.89999997616,0.966
2gia ACY 7401 A,EDO,ACY,0.245212468733,0.00133237517144,0.243880093562,False,21,1.89999997616,0.853
2ghk HEM 251 X,HEM,CYN_HEM,0.961471741473,0.0024169653057,0.959054776168,False,3,2.0,0.982
2gdu CSD 356 B,CSD,CSD,0.472415436655,0.472415436655,0.0,True,1,2.09999990463,0.98
2gdu CSD 356 A,SMC,CSD,0.500612324691,0.120367644408,0.380244680283,False,3,2.09999990463,0.963
2gcu CSD 246 D,MG,CSD,0.329402348252,0.0246297316245,0.304772616628,False,6,1.5,0.972
2gcu CSD 246 C,CME,CSD,0.424800968236,0.158422376241,0.266378591995,False,3,1.5,0.974
2gcu CSD 246 B,OCS,CSD,0.595932385589,0.132403255107,0.463529130482,False,2,1.5,0.966
2gcu CSD 246 A,CSD,CSD,0.419965007493,0.419965007493,0.0,True,1,1.5,0.978
2g84 BME 505 B,PCA,BME,0.549792358912,0.00473299543825,0.545059363474,False,13,1.39999997616,0.952
2g84 BME 504 A,BME,BME,0.825769556591,0.825769556591,0.0,True,1,1.39999997616,0.937
2g82 CSD 149 R,CSD,CSD,0.439798685714,0.439798685714,0.0,True,1,1.60000002384,0.967
2g82 CSD 149 O,OCS,CSD,0.475585584741,0.264138279515,0.211447305226,False,2,1.60000002384,0.97
2g82 CSD 149 D,CSD,CSD,0.775727747729,0.775727747729,0.0,True,1,1.60000002384,0.953
2g82 CSD 149 C,OCS,CSD,0.400705945681,0.279723616074,0.120982329608,False,2,1.60000002384,0.97
2g82 CSD 149 B,CSD,CSD,0.742090361831,0.742090361831,0.0,True,1,1.60000002384,0.966
2g81 ACY 602 E,EDO,ACY,0.708687576958,0.000757329337573,0.70793024762,False,24,1.60000002384,0.865
2g81 ACY 601 E,FMT,ACY,0.568011902225,0.00816601323947,0.559845888985,False,7,1.60000002384,0.942
2g7g ACY 301 A,SO4,ACY,0.357334573744,0.00234846203606,0.354986111708,False,11,2.0,0.926
2g5f PYR 2002 B,GOL,PYR,0.73835702445,0.00187286238658,0.736484162064,False,10,1.79999995232,0.843
2g4s ACY 87 A,EDO,ACY,0.485807344975,0.00515619177461,0.4806511532,False,12,2.20000004768,0.683
2g39 ACY 909 A,DMS,ACY,0.57078376592,0.00164224360979,0.56914152231,False,10,2.09999990463,0.92
2g39 ACY 907 A,ACT,ACY,0.388815341509,0.164678743445,0.224136598064,False,2,2.09999990463,0.973
2g39 ACY 906 A,ACT,ACY,0.583678431792,0.0162621913151,0.567416240477,False,4,2.09999990463,0.978
2g39 ACY 905 B,FMT,ACY,0.275388543327,0.149254611734,0.126133931593,False,2,2.09999990463,0.921
2g39 ACY 904 B,EDO,ACY,0.420268726988,0.00728290090467,0.412985826084,False,8,2.09999990463,0.936
2fyf PLP 2377 B,PLP,PLP,0.77917033083,0.77917033083,0.0,True,1,1.5,0.988
2fyf PLP 1377 A,PLP,PLP,0.965637201137,0.965637201137,0.0,True,1,1.5,0.988
2fuq PCA 26 B,PCA,PCA,0.997009884877,0.997009884877,0.0,True,1,1.89999997616,0.931
2fuq PCA 26 A,PCA,PCA,0.443333264782,0.443333264782,0.0,True,1,1.89999997616,0.923
2fua BME 302 A,BME,BME,0.886119722788,0.886119722788,0.0,True,1,1.79999995232,0.978
2fu5 BME 4322 A,BME,BME,0.896730878664,0.896730878664,0.0,True,1,2.0,0.963
2fu5 BME 4321 B,ACE,BME,0.70056432263,0.118771131754,0.581793190877,False,2,2.0,0.97
2fni PLP 376 B,PLP,PLP,0.316541783032,0.316541783032,0.0,True,1,3.0,0.979
2fni PLP 376 A,PLP,PLP,0.763875816735,0.763875816735,0.0,True,1,3.0,0.978
2fm2 BME 800 A,BME,BME,0.529678859932,0.529678859932,0.0,True,1,2.70000004768,0.966
2fkw BCL 1609 S,NAG,BCL,0.931363017587,0.00017897986683,0.93118403772,False,95,2.40000009537,0.925
2fkw BCL 1608 P,1PE,BCL,0.152873666855,0.00114004728376,0.151733619572,False,125,2.40000009537,0.937
2fkw BCL 1607 N,CLA,BCL,0.0880435105533,0.023401641751,0.0646418688023,False,8,2.40000009537,0.893
2fkw BCL 1606 L,CLA,BCL,0.827986342661,0.137186195988,0.690800146673,False,2,2.40000009537,0.938
2fkw BCL 1605 J,PG4,BCL,0.204806095838,0.027084653931,0.177721441907,False,6,2.40000009537,0.896
2fkw BCL 1604 H,CLA,BCL,0.23829912282,0.0915462858834,0.146752836936,False,2,2.40000009537,0.941
2fkw BCL 1603 F,CLA,BCL,0.686057815216,0.262444405617,0.4236134096,False,2,2.40000009537,0.937
2fkw BCL 1601 B,CLA,BCL,0.479951053418,0.169591977348,0.31035907607,False,2,2.40000009537,0.946
2fkw BCL 1505 I,CLA,BCL,0.974167158885,0.0104564491174,0.963710709767,False,2,2.40000009537,0.934
2fkw BCL 1504 G,NAG,BCL,0.357896995943,0.00385315939244,0.35404383655,False,15,2.40000009537,0.951
2fkw BCL 1503 E,CLA,BCL,0.734384074987,0.0229725936694,0.711411481317,False,2,2.40000009537,0.968
2fkw BCL 1501 A,CLA,BCL,0.956833683921,0.0162624824682,0.940571201453,False,2,2.40000009537,0.918
2fir GLC 801 L,MAN,GLC,0.835895158197,0.00559919004385,0.830295968153,False,6,2.0,0.83
2fh8 GLC 1097 A,BOG,GLC,0.752578239623,0.00462106439695,0.747957175226,False,9,1.70000004768,0.964
2fh6 GLC 1097 A,GAL,GLC,0.183040527324,0.137869362041,0.0451711652835,False,2,1.70000004768,0.905
2f47 BME 901 A,GOL,BME,0.404163235594,0.0126447014438,0.391518534151,False,9,1.70000004768,0.919
2f32 BME 600 A,GOL,BME,0.233120716648,0.00556217794558,0.227558538702,False,16,1.79999995232,0.72
2evs GLC 310 E,NAG,GLC,0.63308274041,0.00720936472807,0.625873375682,False,7,2.20000004768,0.921
2evs GLC 300 A,H4B,GLC,0.129489163993,0.00227607535259,0.127213088641,False,118,2.20000004768,0.942
2etf CSD 70 B,CME,CSD,0.338017541251,0.103607124898,0.234410416353,False,2,2.29999995232,0.912
2etf CSD 70 A,CAS,CSD,0.396190035026,0.180523025535,0.215667009491,False,3,2.29999995232,0.825
2esr GLC 300 B,BGC,GLC,0.412660952606,0.0457977282879,0.366863224318,False,3,1.79999995232,0.815
2eo5 PLP 1001 A,PLP,PLP,0.581794686953,0.581794686953,0.0,True,1,1.89999997616,0.911
2ej3 PLP 913 B,PLP,PLP,0.9270427432,0.9270427432,0.0,True,1,2.20000004768,0.98
2ej3 PLP 413 A,PO4,PLP,0.684287674149,0.0152645829605,0.669023091189,False,3,2.20000004768,0.968
2ej3 PLP 1413 C,PLP,PLP,0.796015995946,0.796015995946,0.0,True,1,2.20000004768,0.982
2eiy PLP 913 B,PLP,PLP,0.962862639961,0.962862639961,0.0,True,1,1.39999997616,0.979
2eiy PLP 413 A,PLP,PLP,0.963873057726,0.963873057726,0.0,True,1,1.39999997616,0.981
2eiy PLP 1413 C,PLP,PLP,0.983618927019,0.983618927019,0.0,True,1,1.39999997616,0.982
2eh6 PLP 1002 B,EDO,PLP,0.10986005915,0.00396989727444,0.105890161875,False,48,1.89999997616,0.9
2eh6 PLP 1001 A,NAP,PLP,0.393072793539,0.186009445088,0.207063348451,False,2,1.89999997616,0.877
2egy PLP 400 D,PLP,PLP,0.912357478252,0.912357478252,0.0,True,1,2.70000004768,0.973
2egy PLP 400 C,PLP,PLP,0.921961257885,0.921961257885,0.0,True,1,2.70000004768,0.962
2egy PLP 400 B,PLP,PLP,0.398881017741,0.398881017741,0.0,True,1,2.70000004768,0.976
2egy PLP 400 A,SO4,PLP,0.754473070122,0.011200707362,0.74327236276,False,4,2.70000004768,0.971
2eg8 KCX 102 B,FES,KCX_ZN_ZN,0.230098225554,0.0781513887549,0.151946836799,False,2,2.20000004768,0.962
2eg8 KCX 102 A,KCX_ZN_ZN,KCX_ZN_ZN,0.996277861684,0.996277861684,0.0,True,1,2.20000004768,0.967
2eg6 KCX 102 A,ZN,KCX_ZN_ZN,0.224076879094,0.0490058030484,0.175071076046,False,5,1.70000004768,0.952
2eg3 CSD 191 B,SEP,CSD,0.360343026,0.359956402752,0.000386623248659,False,2,1.79999995232,0.991
2eg3 CSD 191 A,CSD,CSD,0.526388327793,0.526388327793,0.0,True,1,1.79999995232,0.986
2efy PLP 913 B,PLP,PLP,0.672234596966,0.672234596966,0.0,True,1,2.40000009537,0.981
2efy PLP 413 A,PLP,PLP,0.994209458769,0.994209458769,0.0,True,1,2.40000009537,0.981
2ef9 PEP 1268 A,PEP,PEP,0.739895308253,0.739895308253,0.0,True,1,2.0,0.981
2ecq PLP 413 A,SO4,PLP,0.779295944004,0.0041105642481,0.775185379756,False,6,1.89999997616,0.958
2ecp PLP 999 A,SO4,PLP,0.241975767055,0.0603363470258,0.181639420029,False,4,3.0,0.945
2eco PLP 413 A,SO4,PLP,0.895511861321,0.00791013025739,0.887601731064,False,3,1.89999997616,0.955
2e9m GAL 1402 A,TRS,GAL,0.93207931096,0.000377704482653,0.931701606477,False,16,1.79999995232,0.669
2e9b GLC 732 B,NAG,GLC,0.321494162412,0.0114380877959,0.310056074616,False,12,2.20000004768,0.824
2e9b GLC 723 A,GOL,GLC,0.422340445641,0.00105324783641,0.421287197804,False,112,2.20000004768,0.769
2e9b GLC 722 A,NAG,GLC,0.809280112457,0.000694674469907,0.808585437987,False,35,2.20000004768,0.873
2e8z GLC 732 B,BGC,GLC,0.299357329765,0.0395371576545,0.259820172111,False,4,2.20000004768,0.831
2e8z GLC 722 A,NAG,GLC,0.320398402356,0.045644774516,0.27475362784,False,4,2.20000004768,0.773
2e7j PLP 1209 B,SO4,PLP,0.297810207997,0.0990041144312,0.198806093566,False,3,2.40000009537,0.957
2e7j PLP 1209 A,SO4,PLP,0.688722607147,0.00370943174085,0.685013175407,False,3,2.40000009537,0.955
2e7i PLP 1209 A,PLP,PLP,0.369172846463,0.369172846463,0.0,True,1,3.0,0.959
2e7e HEM 300 A,HEM,CYN_HEM,0.937914667306,0.0117611925797,0.926153474726,False,3,1.79999995232,0.96
2e6v MAN 7 C,GOL,MAN,0.341629716685,0.00848027537243,0.333149441313,False,13,2.5,0.845
2e4o BME 504 C,BME,BME,0.585731628761,0.585731628761,0.0,True,1,2.20000004768,0.901
2e4o BME 503 A,BME,BME,0.766276982875,0.766276982875,0.0,True,1,2.20000004768,0.837
2e4o BME 501 A,GOL,BME,0.488422838464,0.0843006019302,0.404122236533,False,2,2.20000004768,0.849
2e4o BME 500 D,BME,BME,0.942426263877,0.942426263877,0.0,True,1,2.20000004768,0.89
2e3b MAN 404 A,MAN,MAN,0.805400755618,0.805400755618,0.0,True,1,1.29999995232,0.973
2e2m CSD 50 J,CSD,CSD,0.861172113455,0.861172113455,0.0,True,1,2.59999990463,0.966
2e2m CSD 50 I,CSD,CSD,0.769299373506,0.769299373506,0.0,True,1,2.59999990463,0.955
2e2m CSD 50 H,SO4,CSD,0.29204089731,0.0371104827183,0.254930414592,False,4,2.59999990463,0.956
2e2m CSD 50 G,CSD,CSD,0.272031015396,0.272031015396,0.0,True,1,2.59999990463,0.957
2e2e BME 2001 B,GOL,BME,0.453065397737,0.00113471969587,0.451930678041,False,35,2.0,0.932
2e2e BME 1001 A,GOL,BME,0.43021876817,0.00154968774684,0.428669080423,False,29,2.0,0.9
2e22 MAN 1001 A,BGC,MAN,0.107553429198,0.00949918496974,0.0980542442279,False,17,2.40000009537,0.923
2dy3 PLP 401 D,SO4,PLP,0.26482105003,0.16514616123,0.0996748888001,False,3,2.09999990463,0.973
2dwo PEP 701 A,PEP,PEP,0.209208524855,0.209208524855,0.0,True,1,2.29999995232,0.944
2dw2 MAN 807 A,MAN,MAN,0.429396745927,0.429396745927,0.0,True,1,2.70000004768,0.869
2dvb GAL 3239 D,GAL,GAL,0.203995445222,0.203995445222,0.0,True,1,2.20000004768,0.897
2dvb GAL 239 A,GLA,GAL,0.1998262449,0.0546426856276,0.145183559272,False,4,2.20000004768,0.897
2dvb GAL 2239 C,GAL,GAL,0.19223013702,0.19223013702,0.0,True,1,2.20000004768,0.865
2dvb GAL 1239 B,BOG,GAL,0.443094725592,0.0399112310897,0.403183494502,False,4,2.20000004768,0.908
2duq MAN 17 B,CIT,MAN,0.424335680096,0.175753515132,0.248582164964,False,2,1.79999995232,0.966
2duq MAN 16 A,CIT,MAN,0.719589324232,0.0315793140401,0.688010010192,False,4,1.79999995232,0.962
2dto BTN 1401 A,BTN,BTN,0.877943011157,0.877943011157,0.0,True,1,1.5,0.962
2dth BTN 1402 B,BTN,BTN,0.679094073899,0.679094073899,0.0,True,1,2.0,0.969
2dth BTN 1401 A,BTN,BTN,0.636737479636,0.636737479636,0.0,True,1,2.0,0.964
2d9r BME 1270 A,BME,BME,0.866157338859,0.866157338859,0.0,True,1,2.0,0.931
2d3n GLC 651 A,NAG,GLC,0.424694421111,0.0511314457222,0.373562975388,False,2,1.89999997616,0.815
2d3n GLC 622 A,NAG,GLC,0.310514661018,0.238001296258,0.0725133647597,False,2,1.89999997616,0.86
2d3l GLC 604 A,NAG,GLC,0.137896712795,0.00329210130515,0.13460461149,False,38,2.09999990463,0.888
2d0u HEM 404 B,HEC,CYN_HEM,0.399233762087,0.000836565163283,0.398397196924,False,17,3.40000009537,0.972
2d0u HEM 404 A,HEM,CYN_HEM,0.682169397848,0.00215065537026,0.680018742478,False,6,3.40000009537,0.977
2d0f GLC 802 A,MAN,GLC,0.523759845604,0.0191556632526,0.504604182352,False,7,2.09999990463,0.768
2cpo MAN 752 A,CPS,MAN,0.0733722973909,0.0139015699513,0.0594707274395,False,13,1.89999997616,0.846
2cpo MAN 751 A,MAN,MAN,0.242963160813,0.242963160813,0.0,True,1,1.89999997616,0.888
2cpo MAN 742 A,MAN,MAN,0.409182001164,0.409182001164,0.0,True,1,1.89999997616,0.847
2cpo MAN 741 A,MAN,MAN,0.906678671863,0.906678671863,0.0,True,1,1.89999997616,0.96
2cpo MAN 739 A,MAN,MAN,0.889042469799,0.889042469799,0.0,True,1,1.89999997616,0.932
2cpo MAN 738 A,MAN,MAN,0.824229763245,0.824229763245,0.0,True,1,1.89999997616,0.874
2cml MAN 3490 C,MAN,MAN,0.681349914096,0.681349914096,0.0,True,1,2.20000004768,0.91
2cm0 BME 1111 A,SO4,BME,0.474238417634,0.000960153171737,0.473278264462,False,38,1.89999997616,0.811
2cai BME 1220 A,SO4,BME,0.196125405775,0.00535871615953,0.190766689615,False,16,2.29999995232,0.903
2cai BME 1218 B,GOL,BME,0.376784713496,0.000954439143253,0.375830274352,False,44,2.29999995232,0.626
2c5v ABA 503 H,GOL,ABA,0.264733114298,0.000610685029971,0.264122429268,False,180,2.90000009537,0.955
2c5v ABA 503 F,GOL,ABA,0.41443352802,0.000821004823429,0.413612523197,False,77,2.90000009537,0.969
2c5c GLA 1070 C,GOL,GLA,0.238085532652,0.00273327153407,0.235352261118,False,30,2.90000009537,0.86
2c4i BTN 1275 A,BTN,BTN,0.27529523501,0.27529523501,0.0,True,1,2.0,0.971
2c4i BTN 1274 A,BTN,BTN,0.993099784229,0.993099784229,0.0,True,1,2.0,0.98
2c3h GLC 201 C,MAL,GLC_GLC,0.510827699211,0.463401276836,0.0474264223746,False,2,2.20000004768,0.977
2c3h GLC 201 B,GLC_GLC,GLC_GLC,0.554259656286,0.554259656286,0.0,True,1,2.20000004768,0.981
2c3h GLC 201 A,GLC_GLC,GLC_GLC,0.634835574202,0.634835574202,0.0,True,1,2.20000004768,0.981
2c1q BTN 1126 A,BTN,BTN,0.919380286919,0.919380286919,0.0,True,1,2.09999990463,0.987
2c11 NDG 1736 D,NAG,NDG,0.974526831245,0.000794503427436,0.973732327818,False,7,2.59999990463,0.862
2by2 BME 1607 A,BME,BME,0.201211540527,0.201211540527,0.0,True,1,1.5,0.982
2by0 BME 1607 A,BME,BME,0.407709064504,0.407709064504,0.0,True,1,1.5,0.971
2bxz BME 1608 A,EDO,BME,0.87046949755,0.00205774946103,0.868411748089,False,9,1.79999995232,0.955
2bxn MYR 1002 A,LDA,MYR,0.315375164508,0.146561728722,0.168813435786,False,3,2.70000004768,0.848
2bxn MYR 1001 A,GOL,MYR,0.110171565873,0.00532499482643,0.104846571047,False,31,2.70000004768,0.873
2bxm MYR 1007 A,PEG,MYR,0.227947181687,0.00865537266152,0.219291809026,False,13,2.5,0.806
2bxm MYR 1006 A,MYR,MYR,0.867425957995,0.867425957995,0.0,True,1,2.5,0.841
2bxm MYR 1005 A,MYR,MYR,0.251061490367,0.251061490367,0.0,True,1,2.5,0.905
2bxm MYR 1004 A,MYR,MYR,0.514900777721,0.514900777721,0.0,True,1,2.5,0.825
2bxm MYR 1003 A,MYR,MYR,0.718670943032,0.718670943032,0.0,True,1,2.5,0.945
2bxm MYR 1002 A,MYR,MYR,0.731771210031,0.731771210031,0.0,True,1,2.5,0.894
2bxm MYR 1001 A,MYR,MYR,0.13005612996,0.13005612996,0.0,True,1,2.5,0.937
2bxl MYR 1006 A,PEG,MYR,0.21529442991,0.158578128318,0.0567163015928,False,2,2.59999990463,0.822
2bxl MYR 1005 A,GOL,MYR,0.483996700322,0.00127236223252,0.482724338089,False,42,2.59999990463,0.933
2bxl MYR 1004 A,BOG,MYR,0.111822855698,0.0480281725485,0.0637946831495,False,6,2.59999990463,0.936
2bxl MYR 1003 A,GOL,MYR,0.437928257046,0.00695205564221,0.430976201404,False,15,2.59999990463,0.904
2bxl MYR 1002 A,PLM,MYR,0.176328294574,0.049978968416,0.126349326158,False,7,2.59999990463,0.937
2bxl MYR 1001 A,SO4,MYR,0.422860874956,0.000854302944991,0.422006572011,False,50,2.59999990463,0.893
2bxk MYR 1006 A,C8E,MYR,0.208319341884,0.0510379067451,0.157281435139,False,5,2.40000009537,0.707
2bxk MYR 1005 A,1PE,MYR,0.182400602059,0.0924779161734,0.0899226858852,False,3,2.40000009537,0.781
2bxk MYR 1004 A,BOG,MYR,0.184425314942,0.00621007068493,0.178215244257,False,30,2.40000009537,0.915
2bxk MYR 1003 A,MES,MYR,0.278521183478,0.066586944786,0.211934238692,False,4,2.40000009537,0.935
2bxk MYR 1002 A,EPE,MYR,0.152775980244,0.0477769023445,0.104999077899,False,5,2.40000009537,0.635
2bxk MYR 1001 A,GOL,MYR,0.109100245572,0.00417851701911,0.104921728552,False,38,2.40000009537,0.624
2bxi MYR 1006 A,PEG,MYR,0.45444069697,0.00708534179974,0.44735535517,False,10,2.5,0.836
2bxi MYR 1005 A,MYR,MYR,0.410690291387,0.410690291387,0.0,True,1,2.5,0.893
2bxi MYR 1004 A,MYR,MYR,0.342647106805,0.342647106805,0.0,True,1,2.5,0.924
2boz BPH 1311 M,BPH,BPH,0.711517221243,0.711517221243,0.0,True,1,2.40000009537,0.922
2boz BPH 1284 L,BPH,BPH,0.917423256553,0.917423256553,0.0,True,1,2.40000009537,0.977
2boz BCL 1304 M,BCL,BCL,0.727269678724,0.727269678724,0.0,True,1,2.40000009537,0.976
2boz BCL 1303 M,BCL,BCL,0.994909726673,0.994909726673,0.0,True,1,2.40000009537,0.947
2boz BCL 1283 L,BCL,BCL,0.984327972713,0.984327972713,0.0,True,1,2.40000009537,0.971
2boz BCL 1282 L,FDA,BCL,0.164223246257,0.119428360336,0.0447948859214,False,4,2.40000009537,0.977
2bns BPH 1304 B,BPH,BPH,0.822012810277,0.822012810277,0.0,True,1,2.5,0.94
2bns BPH 1284 A,BPH,BPH,0.867775910164,0.867775910164,0.0,True,1,2.5,0.937
2bns BCL 1303 B,BCL,BCL,0.292258972533,0.292258972533,0.0,True,1,2.5,0.902
2bns BCL 1302 B,CLA,BCL,0.572817388339,0.30878676738,0.264030620959,False,2,2.5,0.935
2bns BCL 1283 A,BCL,BCL,0.674615799615,0.674615799615,0.0,True,1,2.5,0.926
2bns BCL 1282 A,COA,BCL,0.526788344838,0.0228784778448,0.503909866993,False,5,2.5,0.895
2bnp BPH 1304 B,BPH,BPH,0.83194643846,0.83194643846,0.0,True,1,2.70000004768,0.93
2bnp BPH 1284 A,BPH,BPH,0.42107983828,0.42107983828,0.0,True,1,2.70000004768,0.93
2bnp BCL 1303 B,BCL,BCL,0.68879197379,0.68879197379,0.0,True,1,2.70000004768,0.924
2bnp BCL 1302 B,CLA,BCL,0.298489983989,0.194516408834,0.103973575156,False,3,2.70000004768,0.938
2bnp BCL 1283 A,BCL,BCL,0.22321405614,0.22321405614,0.0,True,1,2.70000004768,0.94
2bnp BCL 1282 A,BCL,BCL,0.400643902866,0.400643902866,0.0,True,1,2.70000004768,0.911
2bme BME 1180 C,PEG,BME,0.245836864132,0.00237322418983,0.243463639942,False,28,1.60000002384,0.747
2bhy BME 1612 A,BME,BME,0.23796366444,0.23796366444,0.0,True,1,1.5,0.973
2bep BME 1156 A,BME,BME,0.964544795219,0.964544795219,0.0,True,1,1.79999995232,0.946
2beh NDG 801 I,NAG,NDG,0.96285544128,0.00113724102918,0.961718200251,False,6,2.70000004768,0.872
2bcd BME 605 A,BME,BME,0.276108282411,0.276108282411,0.0,True,1,2.09999990463,0.967
2bas BME 501 A,SO4,BME,0.553808442012,0.0470316719556,0.506776770056,False,2,2.59999990463,0.926
2b7y NDG 804 C,NAG,NDG,0.811999369378,0.0207620744936,0.791237294884,False,5,3.0,0.714
2b7y NDG 803 A,NAG,NDG,0.986551177784,0.00235657912665,0.984194598657,False,2,3.0,0.842
2b7o PEP 703 B,SO4,PEP,0.72949802871,0.000492830651868,0.729005198058,False,55,2.29999995232,0.922
2b7o PEP 702 A,SO4,PEP,0.332875467862,0.000681954592767,0.332193513269,False,66,2.29999995232,0.853
2b6w BME 901 A,BME,BME,0.549241264909,0.549241264909,0.0,True,1,2.20000004768,0.909
2b6c BME 407 B,BME,BME,0.468513559181,0.468513559181,0.0,True,1,2.09999990463,0.938
2b6c BME 406 A,BME,BME,0.24374905847,0.24374905847,0.0,True,1,2.09999990463,0.901
2b4c NDG 832 G,NAG,NDG,0.840527620036,0.000638094048765,0.839889525987,False,12,3.29999995232,0.821
2b4c NDG 776 G,NAG,NDG,0.949635215214,0.00372000408234,0.945915211132,False,4,3.29999995232,0.728
2av0 HEM 147 A,CMO_HEM,CMO_HEM,0.887996679236,0.887996679236,0.0,True,1,1.5,0.982
2auq HEM 147 B,CMO_HEM,CMO_HEM,0.794992497852,0.794992497852,0.0,True,1,1.79999995232,0.975
2auq HEM 147 A,CMO_HEM,CMO_HEM,0.622208547231,0.622208547231,0.0,True,1,1.79999995232,0.982
2auo HEM 153 B,CMO_HEM,CMO_HEM,0.945091314735,0.945091314735,0.0,True,1,1.5,0.974
2auo HEM 153 A,CMO_HEM,CMO_HEM,0.946590278919,0.946590278919,0.0,True,1,1.5,0.976
2ary BME 401 B,BME,BME,0.443283118784,0.443283118784,0.0,True,1,2.40000009537,0.883
2ary BME 400 B,GOL,BME,0.330687304019,0.0112073604802,0.319479943539,False,11,2.40000009537,0.947
2ary BME 400 A,MLY,BME,0.504117103414,0.00359578587167,0.500521317542,False,22,2.40000009537,0.902
2ak1 BEZ 401 H,GOL,BEZ,0.189284677101,0.0137697639303,0.175514913171,False,15,1.79999995232,0.812
2ajy BEZ 306 H,MPD,BEZ,0.24017853778,0.111008619025,0.129169918756,False,4,2.09999990463,0.873
2aj4 GLA 529 B,GLA,GLA,0.126096321617,0.126096321617,0.0,True,1,2.40000009537,0.983
2ahx NDG 1010 B,NAG,NDG,0.992659275117,0.00019911772746,0.99246015739,False,7,2.40000009537,0.911
2ahx NDG 1004 A,NAG,NDG,0.991047657947,0.000372038418053,0.990675619529,False,4,2.40000009537,0.895
2a9w BME 1816 C,ACE,BME,0.643739820602,0.0208617766413,0.622878043961,False,5,1.60000002384,0.829
2a9w BME 1815 A,GOL,BME,0.271786633108,0.0257999380276,0.245986695081,False,8,1.60000002384,0.849
2a74 NDG 644 D,NAG,NDG,0.49077730729,0.00166245742175,0.489114849868,False,65,2.29999995232,0.694
2a74 NDG 644 A,NAG,NDG,0.202445715904,0.072572791795,0.129872924109,False,3,2.29999995232,0.835
2a4q BME 201 A,BME,BME,0.608221627344,0.608221627344,0.0,True,1,2.5,0.928
2a48 BME 252 A,BME,BME,0.392621628202,0.392621628202,0.0,True,1,2.0,0.814
2a48 BME 251 A,BME,BME,0.770537229529,0.770537229529,0.0,True,1,2.0,0.945
2a48 BME 250 A,ACE,BME,0.420209591086,0.0424770868215,0.377732504264,False,3,2.0,0.881
2a46 BME 250 A,BME,BME,0.452524336008,0.452524336008,0.0,True,1,1.70000004768,0.945
2a0z BME 1270 A,BME,BME,0.907008700903,0.907008700903,0.0,True,1,2.40000009537,0.936
230l BME 170 A,GOL,BME,0.68735597643,0.00498778263532,0.682368193794,False,12,1.79999995232,0.73
229l BME 901 A,BME,BME,0.892560601913,0.892560601913,0.0,True,1,1.60000002384,0.871
226l BME 901 A,BME,BME,0.822722485948,0.822722485948,0.0,True,1,1.89999997616,0.973
223l BME 901 A,BME,BME,0.886308882578,0.886308882578,0.0,True,1,1.89999997616,0.995
1ziw NDG 7 A,NAG,NDG,0.940068218748,0.000129257186342,0.939938961562,False,68,2.09999990463,0.871
1z68 NDG 3141 B,NAG,NDG,0.843480078344,0.00999339442247,0.833486683922,False,3,2.59999990463,0.903
1z68 NDG 2271 A,NAG,NDG,0.996489391666,0.00083654210489,0.995652849561,False,2,2.59999990463,0.862
1z50 NDG 1 A,NAG,NDG,0.633702067108,0.00375917019227,0.629942896916,False,14,2.79999995232,0.819
1z4z NDG 1 A,NAG,NDG,0.959364267948,0.00631267688553,0.953051591062,False,2,2.5,0.799
1z4y NDG 1 A,NAG,NDG,0.67881063002,0.000416451318906,0.678394178701,False,77,2.59999990463,0.829
1z4x NDG 1 A,NAG,NDG,0.974287362741,0.00153669539943,0.972750667342,False,4,2.5,0.771
1z4w NDG 1 A,NAG,NDG,0.943155063296,0.00525742643956,0.937897636857,False,3,2.70000004768,0.845
1z4v NDG 1 A,GOL,NDG,0.333881795409,0.00068596831003,0.333195827099,False,175,2.29999995232,0.782
1z3l ABA 8 S,MLZ,ABA,0.383770335444,0.185081090399,0.198689245045,False,2,1.79999995232,0.961
1yzi HEM 148 B,HEM,CMO_HEM,0.837341162518,0.00248423928541,0.834856923233,False,8,2.0,0.923
1yzi HEM 143 A,CMO_HEM,CMO_HEM,0.295567055624,0.295567055624,0.0,True,1,2.0,0.975
1yy9 NDG 625 A,NAG,NDG,0.688069035799,0.00249401030235,0.685575025497,False,28,2.59999990463,0.691
1yvt HEM 402 B,CMO_HEM,CMO_HEM,0.880810932578,0.880810932578,0.0,True,1,1.79999995232,0.947
1yvt HEM 401 A,HEM_OXY,CMO_HEM,0.656647738405,0.262293434888,0.394354303517,False,2,1.79999995232,0.963
1yvq HEM 704 D,CMO_HEM,CMO_HEM,0.45853630795,0.45853630795,0.0,True,1,1.79999995232,0.949
1yvq HEM 703 C,HEM,CMO_HEM,0.576957244723,0.254833572592,0.322123672131,False,2,1.79999995232,0.969
1yvq HEM 701 A,CMO_HEM,CMO_HEM,0.475420753445,0.475420753445,0.0,True,1,1.79999995232,0.962
1yuk NDG 463 B,NAG,NDG,0.988528902839,0.000271034442553,0.988257868397,False,2,1.79999995232,0.605
1yhu HEM 160 O,HEM,HEM_OXY,0.490093053798,0.442941750933,0.0471513028653,False,2,3.09999990463,0.965
1yhu HEM 160 M,HEM_OXY,HEM_OXY,0.379336415563,0.379336415563,0.0,True,1,3.09999990463,0.975
1yhu HEM 160 L,HEM,HEM_OXY,0.885696904081,0.084573649302,0.801123254779,False,2,3.09999990463,0.965
1yhu HEM 160 K,HEM,HEM_OXY,0.799671971786,0.045482008267,0.754189963519,False,3,3.09999990463,0.979
1yhu HEM 160 J,HEM,HEM_OXY,0.709378645437,0.208432837582,0.500945807855,False,2,3.09999990463,0.975
1yhu HEM 160 I,HEM,HEM_OXY,0.884565687029,0.056872485123,0.827693201906,False,2,3.09999990463,0.976
1yhu HEM 160 H,HEM_OXY,HEM_OXY,0.521229578875,0.521229578875,0.0,True,1,3.09999990463,0.965
1yhu HEM 160 G,HEM,HEM_OXY,0.831325406807,0.103881015337,0.72744439147,False,2,3.09999990463,0.975
1yhu HEM 160 F,HEM,HEM_OXY,0.846486160575,0.0560813768457,0.79040478373,False,2,3.09999990463,0.977
1yhu HEM 160 E,HEM,HEM_OXY,0.963945520261,0.0168074287496,0.947138091512,False,2,3.09999990463,0.966
1yhu HEM 160 D,HEM_OXY,HEM_OXY,0.497262109528,0.497262109528,0.0,True,1,3.09999990463,0.959
1yhu HEM 160 C,HEM,HEM_OXY,0.656171109929,0.192230901151,0.463940208778,False,2,3.09999990463,0.948
1yhu HEM 160 B,HEM,HEM_OXY,0.825535705214,0.0841518809444,0.74138382427,False,2,3.09999990463,0.965
1yhu HEM 160 A,HEM,HEM_OXY,0.471315816694,0.364150335775,0.10716548092,False,2,3.09999990463,0.968
1yhr HEM 147 D,HEM_OXY,HEM_OXY,0.950793211148,0.950793211148,0.0,True,1,2.59999990463,0.925
1yhr HEM 147 B,HEM_OXY,HEM_OXY,0.561126153116,0.561126153116,0.0,True,1,2.59999990463,0.959
1yhr HEM 142 C,HEC,HEM_OXY,0.480041375918,0.0419162383365,0.438125137581,False,3,2.59999990463,0.958
1yhr HEM 142 A,HEM,HEM_OXY,0.765204281719,0.121564809221,0.643639472497,False,2,2.59999990463,0.959
1yhe HEM 147 D,HEM,HEM_OXY,0.848913772092,0.103598935517,0.745314836575,False,2,2.09999990463,0.962
1yhe HEM 147 B,HEM,HEM_OXY,0.909731647262,0.0129323345751,0.896799312687,False,3,2.09999990463,0.978
1yhe HEM 142 C,HEM,HEM_OXY,0.542591426689,0.182910423956,0.359681002733,False,3,2.09999990463,0.972
1yhe HEM 142 A,HEM_OXY,HEM_OXY,0.703140514749,0.703140514749,0.0,True,1,2.09999990463,0.975
1yh9 HEM 147 D,HEM_OXY,HEM_OXY,0.653981060831,0.653981060831,0.0,True,1,1.79999995232,0.952
1yh9 HEM 147 B,HEM,HEM_OXY,0.569396402541,0.221021613246,0.348374789294,False,2,1.79999995232,0.97
1yff HEM 347 F,HEM,CMO_HEM,0.980114933754,4.60642834344e-05,0.98006886947,False,41,2.40000009537,0.918
1yff HEM 347 B,HEM,CMO_HEM,0.639995267395,0.0267733928461,0.613221874549,False,3,2.40000009537,0.945
1yff HEM 142 G,HEM_OXY,CMO_HEM,0.925228408209,0.0219671394672,0.903261268741,False,3,2.40000009537,0.957
1yff HEM 142 E,HEM,CMO_HEM,0.570600801031,0.0453028987327,0.525297902298,False,3,2.40000009537,0.954
1yff HEM 142 C,HEM,CMO_HEM,0.912387858167,0.00110735032231,0.911280507845,False,4,2.40000009537,0.934
1yff HEM 142 A,HEM_OXY,CMO_HEM,0.50511651124,0.263909517284,0.241206993956,False,2,2.40000009537,0.935
1yf6 BPH 855 L,BPH,BPH,0.959638198164,0.959638198164,0.0,True,1,2.29999995232,0.958
1yf6 BCL 856 M,BPH,BCL,0.948275601433,0.00569749776768,0.942578103665,False,4,2.29999995232,0.97
1yf6 BCL 854 L,BCL,BCL,0.923330593244,0.923330593244,0.0,True,1,2.29999995232,0.961
1yf6 BCL 853 M,BCL,BCL,0.654797237254,0.654797237254,0.0,True,1,2.29999995232,0.96
1yf6 BCL 852 L,FDA,BCL,0.266602691343,0.14286170348,0.123740987863,False,2,2.29999995232,0.967
1yf6 BCL 851 M,BCL,BCL,0.943272350814,0.943272350814,0.0,True,1,2.29999995232,0.958
1yce F09 314 p,C8E,F09,0.392695400849,0.0979659277315,0.294729473117,False,3,2.40000009537,0.928
1yce F09 314 o,F09,F09,0.939670908441,0.939670908441,0.0,True,1,2.40000009537,0.908
1yce F09 314 n,F09,F09,0.955633448847,0.955633448847,0.0,True,1,2.40000009537,0.941
1yce F09 314 m,F09,F09,0.989780581405,0.989780581405,0.0,True,1,2.40000009537,0.939
1yce F09 314 l,F09,F09,0.989838543784,0.989838543784,0.0,True,1,2.40000009537,0.917
1yce F09 314 k,F09,F09,0.855691646076,0.855691646076,0.0,True,1,2.40000009537,0.905
1yce F09 314 j,F09,F09,0.976638425969,0.976638425969,0.0,True,1,2.40000009537,0.938
1yce F09 314 i,F09,F09,0.976858413349,0.976858413349,0.0,True,1,2.40000009537,0.923
1yce F09 314 h,F09,F09,0.985070702442,0.985070702442,0.0,True,1,2.40000009537,0.962
1yce F09 314 g,F09,F09,0.909590758504,0.909590758504,0.0,True,1,2.40000009537,0.96
1yce F09 314 f,F09,F09,0.978885581078,0.978885581078,0.0,True,1,2.40000009537,0.93
1yaj BEZ 5042 J,NAG,BEZ,0.965238543312,5.33467134509e-05,0.965185196599,False,169,3.20000004768,0.951
1yaj BEZ 5041 J,MLY,BEZ,0.153542900115,0.0125761171081,0.140966783006,False,9,3.20000004768,0.965
1yaj BEZ 5024 F,NAG,BEZ,0.764442849886,0.000255896365353,0.76418695352,False,142,3.20000004768,0.907
1yaj BEZ 5014 C,SIA,BEZ,0.407397820035,0.000449492244022,0.406948327791,False,129,3.20000004768,0.894
1yaj BEZ 5013 C,GOL,BEZ,0.348616703344,0.00804766886387,0.34056903448,False,8,3.20000004768,0.97
1yaj BEZ 4387 K,NAG,BEZ,0.812682963469,0.000651830800742,0.812031132669,False,52,3.20000004768,0.895
1yaj BEZ 4381 L,SO4,BEZ,0.324844447482,0.00158259318471,0.323261854297,False,44,3.20000004768,0.883
1yaj BEZ 3387 H,NAG,BEZ,0.11563250925,0.0082476757669,0.107384833483,False,20,3.20000004768,0.842
1yaj BEZ 3386 H,SO4,BEZ,0.311385034261,0.000965601724514,0.310419432536,False,42,3.20000004768,0.944
1yaj BEZ 3386 G,NAG,BEZ,0.808666578561,0.000112273907502,0.808554304653,False,197,3.20000004768,0.9
1yaj BEZ 3381 I,MAN,BEZ,0.175309761399,0.00157903755059,0.173730723849,False,95,3.20000004768,0.894
1yaj BEZ 2386 E,NAG,BEZ,0.934719208359,0.000219008122996,0.934500200236,False,45,3.20000004768,0.916
1yaj BEZ 2386 D,SO4,BEZ,0.728117767372,0.000782776625354,0.727334990746,False,41,3.20000004768,0.933
1yaj BEZ 1386 B,MAN,BEZ,0.194409482047,0.000980135941042,0.193429346106,False,106,3.20000004768,0.85
1yaj BEZ 1385 A,NAG,BEZ,0.989542809518,5.58726653305e-05,0.989486936853,False,38,3.20000004768,0.892
1yaj BEZ 12 B,SO4,BEZ,0.265482421415,0.00157319231865,0.263909229097,False,39,3.20000004768,0.877
1y55 BTN 802 Y,BTN,BTN,0.97519253631,0.97519253631,0.0,True,1,1.0,0.983
1y55 BTN 801 X,BTN,BTN,0.893254917847,0.893254917847,0.0,True,1,1.0,0.986
1y52 BTN 802 Y,BTN,BTN,0.90250699884,0.90250699884,0.0,True,1,1.70000004768,0.965
1y52 BTN 801 X,BTN,BTN,0.594120769451,0.594120769451,0.0,True,1,1.70000004768,0.962
1y4c GLC 371 A,MAL,GLC_GLC,0.970432016183,0.00159692514941,0.968835091033,False,3,1.79999995232,0.948
1xfd NDG 1535 D,NAG,NDG,0.924161222525,0.0183478473446,0.90581337518,False,2,2.79999995232,0.758
1xfd NDG 1535 A,NAG,NDG,0.872963489044,0.0470546607291,0.825908828315,False,2,2.79999995232,0.824
1xfd NDG 1404 D,NAG,NDG,0.41440863387,0.147979643183,0.266428990686,False,2,2.79999995232,0.83
1xfd NDG 1404 C,NAG,NDG,0.921757387377,0.0156086257529,0.906148761625,False,2,2.79999995232,0.868
1xfd NDG 1404 B,NAG,NDG,0.682775140557,0.036239043285,0.646536097272,False,3,2.79999995232,0.886
1wuu GLA 393 D,NAG,GLA,0.307324775651,0.207943789574,0.0993809860772,False,2,2.5,0.976
1wuu GLA 393 C,NAG,GLA,0.0987476568463,0.0447005962131,0.0540470606332,False,3,2.5,0.982
1wuu GLA 393 B,NAG,GLA,0.418268216398,0.0142175282068,0.404050688191,False,8,2.5,0.95
1wuu GLA 393 A,GOL,GLA,0.573455864772,0.00227628139755,0.571179583375,False,22,2.5,0.963
1wpy BTN 1302 B,BTN,BTN,0.649322306835,0.649322306835,0.0,True,1,1.60000002384,0.944
1wpy BTN 1301 A,BTN,BTN,0.644760636355,0.644760636355,0.0,True,1,1.60000002384,0.939
1wo2 GLC 1991 A,GSH,GLC_GLC,0.523042048929,0.0195609583623,0.503481090566,False,3,2.0,0.889
1wbi BTN 1001 H,BTN,BTN,0.989898153887,0.989898153887,0.0,True,1,1.39999997616,0.978
1wbi BTN 1001 G,BTN,BTN,0.988760029938,0.988760029938,0.0,True,1,1.39999997616,0.981
1wbi BTN 1001 F,BTN,BTN,0.968992577193,0.968992577193,0.0,True,1,1.39999997616,0.987
1w4y HEM 1307 A,HEM,CMO_HEM,0.792598261173,0.0159522840584,0.776645977114,False,4,1.60000002384,0.978
1vxf HEM 155 A,HEM,CMO_HEM,0.452241144946,0.315256287868,0.136984857078,False,2,1.70000004768,0.988
1vep GLC 905 A,MAL,GLC_GLC,0.564231301229,0.313697287105,0.250534014124,False,2,1.79999995232,0.951
1veo GLC 904 A,MAL,GLC_GLC,0.877060452055,0.101179165857,0.775881286199,False,2,1.89999997616,0.934
1vem GLC 905 A,MAL,GLC_GLC,0.839842503303,0.091722840205,0.748119663098,False,2,1.70000004768,0.962
1v3i GLC 497 A,MAL,GLC_GLC,0.868698233659,0.0521630519604,0.816535181698,False,2,1.89999997616,0.986
1uzh SMC 369 V,SMC,SMC,0.896816596575,0.896816596575,0.0,True,1,2.20000004768,0.989
1uzh SMC 369 R,SMC,SMC,0.83506866229,0.83506866229,0.0,True,1,2.20000004768,0.975
1uzh SMC 369 O,CSX,SMC,0.429913755901,0.109201900644,0.320711855257,False,3,2.20000004768,0.991
1uzh SMC 369 K,SMC,SMC,0.928442466216,0.928442466216,0.0,True,1,2.20000004768,0.987
1uzh SMC 369 H,SMC,SMC,0.464142372244,0.464142372244,0.0,True,1,2.20000004768,0.97
1uzh SMC 369 E,SMC,SMC,0.551217349819,0.551217349819,0.0,True,1,2.20000004768,0.983
1uzh SMC 369 B,SMC,SMC,0.880521439725,0.880521439725,0.0,True,1,2.20000004768,0.978
1uzh SMC 369 A,SMC,SMC,0.905267181142,0.905267181142,0.0,True,1,2.20000004768,0.978
1uzh SMC 256 V,SMC,SMC,0.990550900043,0.990550900043,0.0,True,1,2.20000004768,0.986
1uzh SMC 256 R,SMC,SMC,0.85348520981,0.85348520981,0.0,True,1,2.20000004768,0.991
1uzh SMC 256 O,SMC,SMC,0.883657033337,0.883657033337,0.0,True,1,2.20000004768,0.982
1uzh SMC 256 K,SMC,SMC,0.928318770723,0.928318770723,0.0,True,1,2.20000004768,0.986
1uzh SMC 256 H,SMC,SMC,0.985271445409,0.985271445409,0.0,True,1,2.20000004768,0.976
1uh4 GLC 702 A,GLC_GLC,GLC_GLC,0.246188796677,0.246188796677,0.0,True,1,1.79999995232,0.913
1uh3 GLC 803 A,CYC,GLC_GLC,0.131841251711,0.104315286669,0.0275259650415,False,2,2.59999990463,0.917
1uas GLA 1501 A,GAL,GLA,0.92504942791,0.0157321166126,0.909317311297,False,3,1.5,0.96
1tlw THM 799 B,GOL,THM,0.470479378477,0.00336002495258,0.467119353524,False,29,3.0,0.92
1tlw THM 798 A,NAG,THM,0.206627095939,0.00607012111401,0.200556974825,False,22,3.0,0.96
1th3 HEM 2003 D,HEM,CYN_HEM,0.916022252263,0.00134552066614,0.914676731596,False,9,2.79999995232,0.932
1s4e GLA 8500 I,GOL,GLA,0.236209408486,0.0215032841101,0.214706124376,False,6,2.90000009537,0.923
1s4e GLA 7500 H,GOL,GLA,0.503361117569,0.0132775574364,0.490083560132,False,4,2.90000009537,0.91
1s4e GLA 6500 G,SO4,GLA,0.339085247259,0.00125183774103,0.337833409518,False,74,2.90000009537,0.821
1s4e GLA 5500 F,GOL,GLA,0.58822443174,0.00530122621376,0.582923205527,False,16,2.90000009537,0.789
1s4e GLA 500 A,MLY,GLA,0.243062582583,0.00119049823226,0.241872084351,False,71,2.90000009537,0.912
1s4e GLA 4500 E,NAG,GLA,0.307574285758,0.00197709659989,0.305597189158,False,32,2.90000009537,0.881
1s4e GLA 3500 D,GOL,GLA,0.462686698653,0.0020156313322,0.46067106732,False,23,2.90000009537,0.911
1s00 BPH 2006 R,CLA,BPH,0.176080800247,0.00539512439851,0.170685675849,False,12,2.59999990463,0.902
1s00 BPH 2005 S,BPH,BPH,0.948745436288,0.948745436288,0.0,True,1,2.59999990463,0.937
1s00 BPH 1006 L,BPH,BPH,0.860777009325,0.860777009325,0.0,True,1,2.59999990463,0.915
1s00 BPH 1005 M,BPH,BPH,0.938148504157,0.938148504157,0.0,True,1,2.59999990463,0.942
1s00 BCL 2004 S,BCL,BCL,0.421415881523,0.421415881523,0.0,True,1,2.59999990463,0.908
1s00 BCL 2003 S,NAG_NAG,BCL,0.502624689633,0.172094082794,0.330530606839,False,2,2.59999990463,0.922
1s00 BCL 2002 R,CLA,BCL,0.596181130273,0.0534154925285,0.542765637744,False,3,2.59999990463,0.888
1s00 BCL 2001 S,BCL,BCL,0.811821798436,0.811821798436,0.0,True,1,2.59999990463,0.904
1s00 BCL 1004 L,HEM,BCL,0.548472987556,0.319453371699,0.229019615857,False,2,2.59999990463,0.934
1s00 BCL 1003 M,BCL,BCL,0.5188248122,0.5188248122,0.0,True,1,2.59999990463,0.934
1s00 BCL 1002 L,BCL,BCL,0.424886071771,0.424886071771,0.0,True,1,2.59999990463,0.902
1rzz BPH 2006 R,BPH,BPH,0.518416011208,0.518416011208,0.0,True,1,2.40000009537,0.916
1rxu THM 2182 R,THM,THM,0.102633365366,0.102633365366,0.0,True,1,3.09999990463,0.961
1rxu THM 2172 Q,NAG,THM,0.129805061303,0.00923006523836,0.120574996065,False,19,3.09999990463,0.917
1rxu THM 2162 P,GOL,THM,0.18291447417,0.00593181684023,0.17698265733,False,29,3.09999990463,0.903
1rxu THM 2152 O,NAG,THM,0.189330446362,0.00204109441662,0.187289351946,False,48,3.09999990463,0.933
1rxu THM 2142 N,SO4,THM,0.147852756827,0.0040844575158,0.143768299311,False,42,3.09999990463,0.925
1rxu THM 2132 M,NAG,THM,0.525717922836,0.000711774419247,0.525006148417,False,63,3.09999990463,0.934
1rxu THM 2122 L,NAD,THM,0.071122857096,0.00757510081859,0.0635477562774,False,25,3.09999990463,0.941
1rxu THM 2112 K,NAG,THM,0.205631278005,0.0207421891791,0.184889088826,False,10,3.09999990463,0.955
1rxu THM 2102 J,ADP,THM,0.0905027696585,0.00928146024876,0.0812213094097,False,23,3.09999990463,0.905
1rxu THM 2092 I,GOL,THM,0.462566911567,0.00212874574928,0.460438165818,False,38,3.09999990463,0.924
1rxu THM 2082 H,THM,THM,0.353648523272,0.353648523272,0.0,True,1,3.09999990463,0.942
1rp8 GLC 4003 A,GLC_GLC,GLC_GLC,0.516187369896,0.516187369896,0.0,True,1,2.0,0.929
1rp8 GLC 3002 A,GLC_GLC,GLC_GLC,0.566461900832,0.566461900832,0.0,True,1,2.0,0.951
